DATA_TYPE,TIS_DATA_REQUEST,SITE_XN_ROUTE,LOC_LEG,DATE,TIME,CLASS,LANE,SPEED,WHEELBASE,HEADWAY,GAP,AXLE,AXLE_GROUPING,RHO,VEHICLE,DIRECTION
IND,208,6415,59486,27/09/2021,05:27:10,15,1,23.2,1.0,1262.0,1262.0,2,1,1.00,CYCLE,W
IND,208,6415,59486,27/09/2021,05:27:11,15,1,21.8,1.1,0.6,0.4,2,1,1.00,CYCLE,W
IND,208,6415,59486,27/09/2021,05:37:38,15,1,13.1,0.5,627.9,627.8,2,1,1.00,CYCLE,W
IND,208,6415,59486,27/09/2021,05:37:39,15,1,12.7,0.5,0.9,0.7,2,1,1.00,CYCLE,W
IND,208,6415,59486,27/09/2021,05:41:06,15,1,23.3,1.0,206.7,206.5,2,1,1.00,CYCLE,W
IND,208,6415,59485,27/09/2021,06:05:03,15,0,17.3,1.0,1877.6,1876.9,2,1,1.00,CYCLE,E
IND,208,6415,59485,27/09/2021,06:05:04,15,0,16.3,1.0,0.4,0.2,2,1,1.00,CYCLE,E
IND,208,6415,59485,27/09/2021,06:07:19,15,0,23.1,1.1,135.1,134.9,2,1,1.00,CYCLE,E
IND,208,6415,59486,27/09/2021,06:09:40,15,1,30.4,1.0,1714.1,1713.9,2,1,1.00,CYCLE,W
IND,208,6415,59486,27/09/2021,06:10:28,15,1,30.7,1.0,47.5,47.3,2,1,1.00,CYCLE,W
IND,208,6415,59486,27/09/2021,06:11:15,15,1,25.9,1.0,47.8,47.7,2,1,1.00,CYCLE,W
IND,208,6415,59486,27/09/2021,06:11:16,15,1,27.3,1.0,0.4,0.2,2,1,1.00,CYCLE,W
IND,208,6415,59486,27/09/2021,06:11:16,15,1,27.3,1.0,0.0,0.0,2,1,1.00,CYCLE,W
IND,208,6415,59486,27/09/2021,06:12:47,15,1,25.2,1.0,91.5,91.4,2,1,1.00,CYCLE,W
IND,208,6415,59486,27/09/2021,06:14:27,15,1,21.8,1.0,99.7,99.6,2,1,1.00,CYCLE,W
IND,208,6415,59486,27/09/2021,06:15:40,15,1,29.1,1.0,73.2,73.0,2,1,1.00,CYCLE,W
IND,208,6415,59485,27/09/2021,06:17:43,15,0,25.9,1.0,624.4,624.2,2,1,1.00,CYCLE,E
IND,208,6415,59486,27/09/2021,06:19:14,15,1,25.4,1.0,213.7,213.6,2,1,1.00,CYCLE,W
IND,208,6415,59486,27/09/2021,06:19:45,15,1,29.5,1.0,31.5,31.3,2,1,1.00,CYCLE,W
IND,208,6415,59486,27/09/2021,06:20:20,15,1,26.4,1.0,34.8,34.7,2,1,1.00,CYCLE,W
IND,208,6415,59485,27/09/2021,06:21:53,15,0,26.6,1.0,249.8,249.7,2,1,1.00,CYCLE,E
IND,208,6415,59485,27/09/2021,06:22:01,15,0,22.9,1.0,8.5,8.4,2,1,1.00,CYCLE,E
IND,208,6415,59485,27/09/2021,06:22:01,15,0,22.9,1.0,0.0,0.0,2,1,1.00,CYCLE,E
IND,208,6415,59485,27/09/2021,06:22:01,15,0,22.9,1.0,0.0,0.0,2,1,1.00,CYCLE,E
IND,208,6415,59486,27/09/2021,06:23:18,15,1,31.9,1.0,177.6,177.5,2,1,1.00,CYCLE,W
IND,208,6415,59485,27/09/2021,06:25:02,15,0,22.3,1.1,181.0,180.5,2,1,1.00,CYCLE,E
IND,208,6415,59486,27/09/2021,06:26:00,15,1,27.9,1.0,162.2,162.1,2,1,1.00,CYCLE,W
IND,208,6415,59486,27/09/2021,06:26:39,15,1,28.4,1.1,39.2,39.0,2,1,1.00,CYCLE,W
IND,208,6415,59485,27/09/2021,06:26:41,15,0,23.3,1.1,98.8,98.6,2,1,1.00,CYCLE,E
IND,208,6415,59486,27/09/2021,06:28:41,15,1,23.8,1.0,121.8,121.7,2,1,1.00,CYCLE,W
IND,208,6415,59486,27/09/2021,06:29:24,15,1,23.2,1.0,43.3,43.2,2,1,1.00,CYCLE,W
IND,208,6415,59486,27/09/2021,06:29:27,15,1,26.2,0.9,2.3,2.2,2,1,1.00,CYCLE,W
IND,208,6415,59486,27/09/2021,06:38:33,15,1,30.7,1.0,546.6,546.5,2,1,1.00,CYCLE,W
IND,208,6415,59485,27/09/2021,06:41:18,15,0,20.5,1.0,876.3,876.2,2,1,1.00,CYCLE,E
IND,208,6415,59485,27/09/2021,06:41:59,15,0,14.8,1.1,41.6,41.5,2,1,1.00,CYCLE,E
IND,208,6415,59486,27/09/2021,06:45:41,15,1,29.5,1.0,428.1,428.0,2,1,1.00,CYCLE,W
IND,208,6415,59486,27/09/2021,06:47:21,15,1,27.7,0.9,100.0,99.8,2,1,1.00,CYCLE,W
IND,208,6415,59485,27/09/2021,06:47:41,15,0,24.2,1.0,341.6,341.3,2,1,1.00,CYCLE,E
IND,208,6415,59486,27/09/2021,06:48:02,15,1,25.7,1.0,40.7,40.5,2,1,1.00,CYCLE,W
IND,208,6415,59486,27/09/2021,06:49:46,15,1,28.2,1.0,104.0,103.9,2,1,1.00,CYCLE,W
IND,208,6415,59486,27/09/2021,06:49:46,15,1,33.9,1.0,0.5,0.3,2,1,1.00,CYCLE,W
IND,208,6415,59486,27/09/2021,06:49:51,15,1,29.1,1.0,4.7,4.6,2,1,1.00,CYCLE,W
IND,208,6415,59485,27/09/2021,06:50:17,15,0,25.0,1.0,156.3,156.2,2,1,1.00,CYCLE,E
IND,208,6415,59486,27/09/2021,06:53:19,15,1,31.5,1.0,207.7,207.6,2,1,1.00,CYCLE,W
IND,208,6415,59486,27/09/2021,06:53:37,15,1,29.5,1.0,18.5,18.4,2,1,1.00,CYCLE,W
IND,208,6415,59486,27/09/2021,06:53:53,15,1,28.6,1.1,15.6,15.5,2,1,1.00,CYCLE,W
IND,208,6415,59486,27/09/2021,06:56:26,15,1,27.8,1.0,153.4,153.3,2,1,1.00,CYCLE,W
IND,208,6415,59486,27/09/2021,06:59:08,15,1,32.2,1.0,161.8,161.7,2,1,1.00,CYCLE,W
IND,208,6415,59486,27/09/2021,06:59:42,15,1,25.2,1.0,33.6,33.5,2,1,1.00,CYCLE,W
IND,208,6415,59485,27/09/2021,07:00:19,15,0,5.5,0.8,602.2,602.0,2,1,1.00,CYCLE,E
IND,208,6415,59486,27/09/2021,07:02:09,15,1,32.4,1.0,146.9,146.8,2,1,1.00,CYCLE,W
IND,208,6415,59486,27/09/2021,07:02:39,15,1,25.3,1.0,30.1,30.0,2,1,1.00,CYCLE,W
IND,208,6415,59486,27/09/2021,07:03:43,15,1,26.9,1.1,63.8,63.7,2,1,1.00,CYCLE,W
IND,208,6415,59485,27/09/2021,07:05:24,15,0,22.0,1.0,305.0,304.4,2,1,1.00,CYCLE,E
IND,208,6415,59486,27/09/2021,07:06:11,15,1,24.4,1.0,148.8,148.7,2,1,1.00,CYCLE,W
IND,208,6415,59486,27/09/2021,07:07:31,15,1,29.3,1.0,79.4,79.3,2,1,1.00,CYCLE,W
IND,208,6415,59486,27/09/2021,07:07:43,15,1,24.9,1.0,12.2,12.1,2,1,1.00,CYCLE,W
IND,208,6415,59486,27/09/2021,07:08:50,15,1,27.9,1.0,33.2,33.1,2,1,1.00,CYCLE,W
IND,208,6415,59486,27/09/2021,07:10:17,15,1,32.7,1.0,86.9,86.8,2,1,1.00,CYCLE,W
IND,208,6415,59486,27/09/2021,07:13:40,15,1,35.6,1.0,202.7,202.6,2,1,1.00,CYCLE,W
IND,208,6415,59486,27/09/2021,07:16:01,15,1,32.0,1.0,141.2,141.1,2,1,1.00,CYCLE,W
IND,208,6415,59486,27/09/2021,07:16:50,15,1,31.0,1.0,48.4,48.3,2,1,1.00,CYCLE,W
IND,208,6415,59486,27/09/2021,07:17:19,15,1,31.8,1.0,29.6,29.5,2,1,1.00,CYCLE,W
IND,208,6415,59485,27/09/2021,07:17:48,15,0,32.8,1.0,743.7,743.5,2,1,1.00,CYCLE,E
IND,208,6415,59486,27/09/2021,07:17:54,15,1,19.3,1.0,34.9,34.8,2,1,1.00,CYCLE,W
IND,208,6415,59486,27/09/2021,07:18:32,15,1,21.6,1.0,38.2,38.0,2,1,1.00,CYCLE,W
IND,208,6415,59486,27/09/2021,07:19:11,15,1,25.4,1.0,38.9,38.7,2,1,1.00,CYCLE,W
IND,208,6415,59485,27/09/2021,07:20:23,15,0,19.9,1.1,155.2,155.1,2,1,1.00,CYCLE,E
IND,208,6415,59486,27/09/2021,07:21:21,15,1,28.4,1.1,130.0,129.9,2,1,1.00,CYCLE,W
IND,208,6415,59486,27/09/2021,07:23:13,15,1,26.1,1.0,111.9,111.7,2,1,1.00,CYCLE,W
IND,208,6415,59486,27/09/2021,07:24:05,15,1,28.2,1.1,51.8,51.7,2,1,1.00,CYCLE,W
IND,208,6415,59486,27/09/2021,07:27:19,15,1,29.2,1.1,194.0,193.9,2,1,1.00,CYCLE,W
IND,208,6415,59486,27/09/2021,07:27:54,15,1,31.8,1.0,35.3,35.2,2,1,1.00,CYCLE,W
IND,208,6415,59486,27/09/2021,07:27:55,15,1,32.6,1.0,0.8,0.7,2,1,1.00,CYCLE,W
IND,208,6415,59486,27/09/2021,07:28:26,15,1,31.6,1.0,30.6,30.5,2,1,1.00,CYCLE,W
IND,208,6415,59486,27/09/2021,07:29:11,15,1,28.6,1.2,45.2,45.1,2,1,1.00,CYCLE,W
IND,208,6415,59486,27/09/2021,07:29:20,15,1,24.3,1.0,9.2,9.8,2,1,0.80,CYCLE,W
IND,208,6415,59485,27/09/2021,07:29:57,15,0,25.1,1.0,573.6,573.4,2,1,1.00,CYCLE,E
IND,208,6415,59486,27/09/2021,07:32:07,15,1,26.5,1.0,167.4,166.4,2,1,1.00,CYCLE,W
IND,208,6415,59486,27/09/2021,07:32:13,15,1,31.0,1.0,5.4,5.3,2,1,1.00,CYCLE,W
IND,208,6415,59486,27/09/2021,07:32:59,15,1,21.5,1.0,46.4,46.4,2,1,1.00,CYCLE,W
IND,208,6415,59485,27/09/2021,07:33:12,15,0,22.1,1.1,195.4,195.3,2,1,1.00,CYCLE,E
IND,208,6415,59486,27/09/2021,07:33:26,15,1,27.9,1.0,26.5,26.3,2,1,1.00,CYCLE,W
IND,208,6415,59486,27/09/2021,07:34:32,15,1,26.4,1.1,66.0,65.8,2,1,1.00,CYCLE,W
IND,208,6415,59486,27/09/2021,07:35:01,15,1,30.5,1.0,29.2,29.0,2,1,1.00,CYCLE,W
IND,208,6415,59486,27/09/2021,07:35:30,15,1,27.4,1.0,28.7,28.6,2,1,1.00,CYCLE,W
IND,208,6415,59486,27/09/2021,07:36:28,15,1,31.6,1.1,58.5,58.4,2,1,1.00,CYCLE,W
IND,208,6415,59485,27/09/2021,07:36:47,15,0,19.6,1.1,215.1,214.9,2,1,1.00,CYCLE,E
IND,208,6415,59485,27/09/2021,07:37:20,15,0,23.7,1.1,32.5,32.3,2,1,1.00,CYCLE,E
IND,208,6415,59486,27/09/2021,07:37:56,15,1,27.0,1.1,87.7,87.6,2,1,1.00,CYCLE,W
IND,208,6415,59486,27/09/2021,07:38:20,15,1,23.6,1.0,23.7,23.6,2,1,1.00,CYCLE,W
IND,208,6415,59486,27/09/2021,07:38:28,15,1,28.6,1.0,8.0,7.8,2,1,1.00,CYCLE,W
IND,208,6415,59486,27/09/2021,07:38:33,15,1,23.8,1.0,5.6,5.5,2,1,1.00,CYCLE,W
IND,208,6415,59486,27/09/2021,07:38:40,15,1,27.1,1.0,7.1,7.0,2,1,1.00,CYCLE,W
IND,208,6415,59485,27/09/2021,07:39:47,15,0,16.9,1.0,147.7,147.5,2,1,1.00,CYCLE,E
IND,208,6415,59486,27/09/2021,07:40:18,15,1,25.0,1.0,98.1,98.0,2,1,1.00,CYCLE,W
IND,208,6415,59485,27/09/2021,07:41:30,15,0,25.8,1.0,102.6,102.4,2,1,1.00,CYCLE,E
IND,208,6415,59485,27/09/2021,07:41:47,15,0,20.5,1.0,17.4,17.3,2,1,1.00,CYCLE,E
IND,208,6415,59486,27/09/2021,07:42:03,15,1,25.6,1.0,104.3,104.1,2,1,1.00,CYCLE,W
IND,208,6415,59486,27/09/2021,07:42:24,15,1,28.4,1.0,21.8,21.7,2,1,1.00,CYCLE,W
IND,208,6415,59486,27/09/2021,07:42:38,15,1,28.4,1.1,13.8,13.7,2,1,1.00,CYCLE,W
IND,208,6415,59486,27/09/2021,07:43:33,15,1,29.5,1.1,54.6,54.5,2,1,1.00,CYCLE,W
IND,208,6415,59486,27/09/2021,07:43:35,15,1,3.3,1.0,1.6,1.8,2,1,0.33,CYCLE,W
IND,208,6415,59486,27/09/2021,07:43:38,15,1,32.5,1.0,3.6,2.1,2,1,1.00,CYCLE,W
IND,208,6415,59486,27/09/2021,07:44:21,15,1,27.0,1.0,43.1,43.0,2,1,1.00,CYCLE,W
IND,208,6415,59486,27/09/2021,07:45:12,15,1,28.2,1.0,50.5,50.3,2,1,1.00,CYCLE,W
IND,208,6415,59486,27/09/2021,07:47:00,15,1,16.7,1.0,108.5,108.4,2,1,0.67,CYCLE,W
IND,208,6415,59486,27/09/2021,07:47:02,15,1,32.7,1.0,2.1,1.3,2,1,1.00,CYCLE,W
IND,208,6415,59486,27/09/2021,07:47:23,15,1,27.8,1.0,21.1,21.0,2,1,1.00,CYCLE,W
IND,208,6415,59486,27/09/2021,07:49:28,15,1,27.8,1.0,124.6,124.4,2,1,1.00,CYCLE,W
IND,208,6415,59486,27/09/2021,07:50:44,15,1,24.7,1.0,76.2,76.1,2,1,1.00,CYCLE,W
IND,208,6415,59485,27/09/2021,07:50:47,15,0,29.5,1.1,476.1,476.1,2,1,1.00,CYCLE,E
IND,208,6415,59485,27/09/2021,07:51:05,15,0,13.8,1.1,18.2,18.1,2,1,1.00,CYCLE,E
IND,208,6415,59486,27/09/2021,07:51:51,15,1,27.7,1.0,67.2,67.0,2,1,1.00,CYCLE,W
IND,208,6415,59486,27/09/2021,07:52:32,15,1,21.8,1.1,40.5,40.4,2,1,1.00,CYCLE,W
IND,208,6415,59486,27/09/2021,07:52:59,15,1,34.2,1.1,27.2,27.0,2,1,1.00,CYCLE,W
IND,208,6415,59486,27/09/2021,07:53:10,15,1,26.6,1.0,11.1,11.0,2,1,1.00,CYCLE,W
IND,208,6415,59485,27/09/2021,07:53:43,15,0,20.3,1.1,158.1,157.8,2,1,1.00,CYCLE,E
IND,208,6415,59486,27/09/2021,07:54:18,15,1,33.4,1.0,67.8,67.6,2,1,1.00,CYCLE,W
IND,208,6415,59486,27/09/2021,07:55:26,15,1,23.0,1.0,68.5,68.4,2,1,1.00,CYCLE,W
IND,208,6415,59486,27/09/2021,07:56:00,15,1,24.6,1.0,33.6,33.4,2,1,1.00,CYCLE,W
IND,208,6415,59485,27/09/2021,07:56:18,15,0,19.6,1.1,155.1,154.9,2,1,1.00,CYCLE,E
IND,208,6415,59485,27/09/2021,07:56:21,15,0,27.1,1.0,2.6,2.4,2,1,1.00,CYCLE,E
IND,208,6415,59485,27/09/2021,07:57:44,15,0,40.0,0.9,83.2,83.1,2,1,1.00,CYCLE,E
IND,208,6415,59486,27/09/2021,07:57:51,15,1,25.4,1.0,110.9,110.7,2,1,1.00,CYCLE,W
IND,208,6415,59486,27/09/2021,07:57:59,15,1,30.3,1.0,8.6,8.4,2,1,1.00,CYCLE,W
IND,208,6415,59485,27/09/2021,07:58:05,15,0,17.8,1.1,21.0,20.9,2,1,1.00,CYCLE,E
IND,208,6415,59485,27/09/2021,07:58:16,15,0,18.7,1.1,10.6,10.4,2,1,1.00,CYCLE,E
IND,208,6415,59486,27/09/2021,07:58:17,15,1,26.5,1.0,17.2,17.1,2,1,1.00,CYCLE,W
IND,208,6415,59486,27/09/2021,07:58:22,15,1,26.5,1.0,5.6,5.5,2,1,1.00,CYCLE,W
IND,208,6415,59486,27/09/2021,07:58:44,15,1,27.7,1.0,22.1,22.0,2,1,1.00,CYCLE,W
IND,208,6415,59486,27/09/2021,07:59:16,15,1,31.1,1.0,32.0,31.9,2,1,1.00,CYCLE,W
IND,208,6415,59486,27/09/2021,07:59:28,15,1,34.2,1.0,11.6,11.4,2,1,1.00,CYCLE,W
IND,208,6415,59486,27/09/2021,07:59:28,15,1,34.2,1.0,0.0,0.0,2,1,1.00,CYCLE,W
IND,208,6415,59485,27/09/2021,07:59:41,15,0,29.7,1.0,85.5,85.3,2,1,1.00,CYCLE,E
IND,208,6415,59486,27/09/2021,08:01:36,15,1,29.5,1.0,127.9,127.7,2,1,1.00,CYCLE,W
IND,208,6415,59486,27/09/2021,08:02:31,15,1,29.0,1.0,54.9,54.8,2,1,1.00,CYCLE,W
IND,208,6415,59486,27/09/2021,08:02:41,15,1,32.3,1.0,9.9,9.8,2,1,1.00,CYCLE,W
IND,208,6415,59485,27/09/2021,08:03:24,15,0,29.2,1.0,222.6,222.5,2,1,1.00,CYCLE,E
IND,208,6415,59486,27/09/2021,08:04:56,15,1,33.6,1.0,135.6,135.5,2,1,1.00,CYCLE,W
IND,208,6415,59486,27/09/2021,08:05:49,15,1,26.9,1.0,53.2,53.1,2,1,1.00,CYCLE,W
IND,208,6415,59486,27/09/2021,08:07:00,15,1,22.8,1.1,71.0,70.9,2,1,1.00,CYCLE,W
IND,208,6415,59486,27/09/2021,08:07:11,15,1,31.4,1.0,10.8,10.6,2,1,1.00,CYCLE,W
IND,208,6415,59486,27/09/2021,08:07:36,15,1,25.0,1.0,25.0,24.9,2,1,1.00,CYCLE,W
IND,208,6415,59486,27/09/2021,08:07:56,15,1,29.0,1.0,20.2,20.1,2,1,1.00,CYCLE,W
IND,208,6415,59485,27/09/2021,08:08:23,15,0,20.4,1.1,298.8,298.7,2,1,1.00,CYCLE,E
IND,208,6415,59486,27/09/2021,08:08:33,15,1,29.2,1.0,36.7,36.5,2,1,1.00,CYCLE,W
IND,208,6415,59486,27/09/2021,08:08:58,15,1,27.5,1.1,24.6,24.5,2,1,1.00,CYCLE,W
IND,208,6415,59485,27/09/2021,08:09:53,15,0,17.5,1.1,90.2,90.0,2,1,1.00,CYCLE,E
IND,208,6415,59485,27/09/2021,08:09:54,15,0,18.8,1.0,1.5,1.3,2,1,1.00,CYCLE,E
IND,208,6415,59486,27/09/2021,08:10:21,15,1,27.7,1.1,83.2,83.1,2,1,1.00,CYCLE,W
IND,208,6415,59486,27/09/2021,08:10:22,15,1,28.8,1.2,0.8,0.6,2,1,1.00,CYCLE,W
IND,208,6415,59486,27/09/2021,08:11:02,15,1,27.2,1.0,40.1,40.0,2,1,1.00,CYCLE,W
IND,208,6415,59486,27/09/2021,08:11:30,15,1,26.0,1.1,28.2,28.1,2,1,1.00,CYCLE,W
IND,208,6415,59486,27/09/2021,08:11:32,15,1,25.6,1.1,1.5,1.3,2,1,1.00,CYCLE,W
IND,208,6415,59486,27/09/2021,08:11:42,15,1,27.3,0.9,10.5,10.3,2,1,1.00,CYCLE,W
IND,208,6415,59486,27/09/2021,08:11:57,15,1,31.8,1.0,15.1,15.0,2,1,1.00,CYCLE,W
IND,208,6415,59486,27/09/2021,08:12:04,15,1,29.0,1.0,6.5,6.4,2,1,1.00,CYCLE,W
IND,208,6415,59486,27/09/2021,08:12:15,15,1,28.8,1.0,11.7,11.6,2,1,1.00,CYCLE,W
IND,208,6415,59486,27/09/2021,08:12:27,15,1,24.8,1.0,12.1,12.0,2,1,1.00,CYCLE,W
IND,208,6415,59485,27/09/2021,08:12:42,15,0,18.9,1.1,167.6,167.4,2,1,1.00,CYCLE,E
IND,208,6415,59486,27/09/2021,08:12:56,15,1,30.6,1.0,28.9,28.8,2,1,1.00,CYCLE,W
IND,208,6415,59486,27/09/2021,08:13:08,15,1,24.7,1.1,11.2,11.1,2,1,1.00,CYCLE,W
IND,208,6415,59486,27/09/2021,08:14:03,15,1,29.1,1.1,55.8,55.6,2,1,1.00,CYCLE,W
IND,208,6415,59486,27/09/2021,08:15:00,15,1,23.5,1.0,57.1,57.0,2,1,1.00,CYCLE,W
IND,208,6415,59486,27/09/2021,08:16:08,15,1,27.1,1.1,67.8,67.6,2,1,1.00,CYCLE,W
IND,208,6415,59486,27/09/2021,08:16:11,15,1,26.3,0.9,2.8,2.7,2,1,1.00,CYCLE,W
IND,208,6415,59486,27/09/2021,08:16:56,15,1,22.7,1.0,45.2,45.1,2,1,1.00,CYCLE,W
IND,208,6415,59486,27/09/2021,08:18:14,15,1,28.6,1.0,66.9,66.9,2,1,1.00,CYCLE,W
IND,208,6415,59486,27/09/2021,08:19:15,15,1,32.1,1.0,61.7,61.5,2,1,1.00,CYCLE,W
IND,208,6415,59486,27/09/2021,08:19:22,15,1,34.3,1.0,6.3,6.2,2,1,1.00,CYCLE,W
IND,208,6415,59486,27/09/2021,08:20:28,15,1,35.1,1.0,66.2,66.1,2,1,1.00,CYCLE,W
IND,208,6415,59485,27/09/2021,08:20:47,15,0,21.6,1.0,485.4,485.2,2,1,1.00,CYCLE,E
IND,208,6415,59486,27/09/2021,08:21:16,15,1,28.9,1.1,48.2,48.1,2,1,1.00,CYCLE,W
IND,208,6415,59486,27/09/2021,08:22:26,15,1,26.6,1.1,70.3,70.2,2,1,1.00,CYCLE,W
IND,208,6415,59486,27/09/2021,08:22:36,15,1,32.0,1.0,9.8,9.7,2,1,1.00,CYCLE,W
IND,208,6415,59486,27/09/2021,08:22:39,15,1,28.6,1.0,3.2,3.1,2,1,1.00,CYCLE,W
IND,208,6415,59486,27/09/2021,08:23:56,15,1,27.2,1.0,76.6,76.5,2,1,1.00,CYCLE,W
IND,208,6415,59486,27/09/2021,08:23:56,15,1,27.2,1.0,0.0,0.0,2,1,1.00,CYCLE,W
IND,208,6415,59485,27/09/2021,08:24:53,15,0,20.5,1.0,245.8,245.6,2,1,1.00,CYCLE,E
IND,208,6415,59485,27/09/2021,08:25:16,15,0,20.6,1.1,22.7,22.6,2,1,1.00,CYCLE,E
IND,208,6415,59485,27/09/2021,08:25:22,15,0,21.6,1.1,6.3,6.2,2,1,1.00,CYCLE,E
IND,208,6415,59486,27/09/2021,08:26:35,15,1,23.5,1.1,159.1,158.9,2,1,1.00,CYCLE,W
IND,208,6415,59486,27/09/2021,08:26:51,15,1,29.5,1.0,16.4,16.2,2,1,1.00,CYCLE,W
IND,208,6415,59485,27/09/2021,08:26:55,15,0,27.3,1.1,92.5,92.4,2,1,1.00,CYCLE,E
IND,208,6415,59486,27/09/2021,08:27:30,15,1,23.1,1.0,38.6,38.5,2,1,1.00,CYCLE,W
IND,208,6415,59486,27/09/2021,08:28:14,15,1,25.1,0.9,44.2,44.0,2,1,1.00,CYCLE,W
IND,208,6415,59486,27/09/2021,08:28:58,15,1,20.4,1.1,44.2,44.1,2,1,1.00,CYCLE,W
IND,208,6415,59485,27/09/2021,08:29:00,15,0,30.2,1.0,125.8,125.7,2,1,1.00,CYCLE,E
IND,208,6415,59486,27/09/2021,08:29:54,15,1,34.7,1.0,55.2,55.0,2,1,1.00,CYCLE,W
IND,208,6415,59485,27/09/2021,08:30:59,15,0,19.4,1.0,118.1,118.0,2,1,1.00,CYCLE,E
IND,208,6415,59486,27/09/2021,08:31:59,15,1,30.2,1.0,124.8,124.7,2,1,1.00,CYCLE,W
IND,208,6415,59486,27/09/2021,08:31:59,15,1,27.8,1.1,0.9,0.8,2,1,1.00,CYCLE,W
IND,208,6415,59486,27/09/2021,08:32:39,15,1,34.4,1.0,39.3,39.1,2,1,1.00,CYCLE,W
IND,208,6415,59486,27/09/2021,08:33:43,15,1,6.8,1.0,39.4,38.9,2,1,1.00,CYCLE,W
IND,208,6415,59486,27/09/2021,08:33:54,15,1,27.4,1.0,11.6,10.9,2,1,1.00,CYCLE,W
IND,208,6415,59485,27/09/2021,08:35:32,15,0,21.5,1.1,273.9,273.7,2,1,1.00,CYCLE,E
IND,208,6415,59485,27/09/2021,08:37:30,15,0,23.3,1.0,117.1,117.0,2,1,1.00,CYCLE,E
IND,208,6415,59485,27/09/2021,08:37:30,15,0,23.3,1.0,0.7,0.5,2,1,1.00,CYCLE,E
IND,208,6415,59485,27/09/2021,08:37:31,15,0,22.8,1.1,0.7,0.6,2,1,1.00,CYCLE,E
IND,208,6415,59486,27/09/2021,08:37:35,15,1,23.3,1.0,220.7,220.5,2,1,1.00,CYCLE,W
IND,208,6415,59486,27/09/2021,08:37:36,15,1,23.7,1.1,0.8,0.6,2,1,1.00,CYCLE,W
IND,208,6415,59485,27/09/2021,08:37:39,15,0,18.2,1.1,7.7,7.6,2,1,1.00,CYCLE,E
IND,208,6415,59486,27/09/2021,08:37:54,15,1,30.5,1.1,18.1,17.9,2,1,1.00,CYCLE,W
IND,208,6415,59486,27/09/2021,08:39:00,15,1,28.5,1.0,66.0,65.9,2,1,1.00,CYCLE,W
IND,208,6415,59486,27/09/2021,08:40:30,15,1,26.7,1.0,89.7,89.6,2,1,1.00,CYCLE,W
IND,208,6415,59486,27/09/2021,08:41:09,15,1,30.1,1.0,39.1,38.9,2,1,1.00,CYCLE,W
IND,208,6415,59485,27/09/2021,08:41:25,15,0,17.6,1.1,226.8,226.6,2,1,1.00,CYCLE,E
IND,208,6415,59486,27/09/2021,08:42:09,15,1,29.2,1.0,2.9,2.8,2,1,1.00,CYCLE,W
IND,208,6415,59486,27/09/2021,08:42:31,15,1,28.0,1.0,22.0,21.9,2,1,0.80,CYCLE,W
IND,208,6415,59485,27/09/2021,08:43:27,15,0,23.4,1.0,121.3,121.1,2,1,1.00,CYCLE,E
IND,208,6415,59486,27/09/2021,08:43:56,15,1,29.3,1.1,84.8,84.6,2,1,1.00,CYCLE,W
IND,208,6415,59485,27/09/2021,08:45:13,15,0,15.0,1.0,105.9,105.7,2,1,1.00,CYCLE,E
IND,208,6415,59486,27/09/2021,08:45:30,15,1,21.7,1.1,93.9,93.8,2,1,1.00,CYCLE,W
IND,208,6415,59486,27/09/2021,08:45:42,15,1,29.5,1.0,12.6,12.4,2,1,1.00,CYCLE,W
IND,208,6415,59486,27/09/2021,08:46:04,15,1,32.9,1.1,22.1,22.0,2,1,1.00,CYCLE,W
IND,208,6415,59486,27/09/2021,08:46:27,15,1,27.7,1.0,23.1,23.0,2,1,1.00,CYCLE,W
IND,208,6415,59486,27/09/2021,08:46:48,15,1,22.6,0.9,20.3,20.2,2,1,1.00,CYCLE,W
IND,208,6415,59486,27/09/2021,08:46:53,15,1,31.7,1.1,4.9,4.7,2,1,1.00,CYCLE,W
IND,208,6415,59486,27/09/2021,08:47:02,15,1,22.6,1.0,8.9,8.8,2,1,0.80,CYCLE,W
IND,208,6415,59485,27/09/2021,08:48:11,15,0,17.7,1.1,178.7,178.4,2,1,1.00,CYCLE,E
IND,208,6415,59486,27/09/2021,08:49:03,15,1,28.2,1.0,122.0,121.8,2,1,1.00,CYCLE,W
IND,208,6415,59485,27/09/2021,08:49:40,15,0,18.5,1.0,88.9,88.7,2,1,1.00,CYCLE,E
IND,208,6415,59486,27/09/2021,08:50:05,15,1,25.2,1.0,61.8,61.6,2,1,1.00,CYCLE,W
IND,208,6415,59486,27/09/2021,08:51:13,15,1,31.8,1.0,67.8,67.6,2,1,1.00,CYCLE,W
IND,208,6415,59486,27/09/2021,08:51:48,15,1,22.5,1.1,35.1,35.0,2,1,1.00,CYCLE,W
IND,208,6415,59485,27/09/2021,08:52:04,15,0,21.0,1.1,143.8,143.6,2,1,1.00,CYCLE,E
IND,208,6415,59486,27/09/2021,08:54:03,15,1,29.4,1.0,134.5,134.3,2,1,1.00,CYCLE,W
IND,208,6415,59486,27/09/2021,08:54:03,15,1,29.1,1.0,0.6,0.5,2,1,1.00,CYCLE,W
IND,208,6415,59486,27/09/2021,08:54:26,15,1,29.8,1.1,22.9,22.8,2,1,1.00,CYCLE,W
IND,208,6415,59486,27/09/2021,08:55:26,15,1,30.3,1.0,60.3,60.1,2,1,1.00,CYCLE,W
IND,208,6415,59486,27/09/2021,08:55:47,15,1,24.6,0.9,20.6,20.5,2,1,1.00,CYCLE,W
IND,208,6415,59486,27/09/2021,08:56:07,15,1,21.3,1.0,20.0,19.9,2,1,1.00,CYCLE,W
IND,208,6415,59486,27/09/2021,08:57:21,15,1,32.9,1.0,74.4,74.3,2,1,1.00,CYCLE,W
IND,208,6415,59485,27/09/2021,08:58:00,15,0,22.0,1.1,356.2,356.1,2,1,1.00,CYCLE,E
IND,208,6415,59486,27/09/2021,08:59:31,15,1,28.3,1.0,129.3,129.2,2,1,1.00,CYCLE,W
IND,208,6415,59486,27/09/2021,08:59:42,15,1,21.7,1.1,11.2,11.1,2,1,1.00,CYCLE,W
IND,208,6415,59486,27/09/2021,09:00:07,15,1,30.9,1.0,24.6,24.4,2,1,1.00,CYCLE,W
IND,208,6415,59486,27/09/2021,09:01:20,15,1,30.4,1.0,73.7,73.6,2,1,1.00,CYCLE,W
IND,208,6415,59486,27/09/2021,09:02:17,15,1,25.0,1.0,56.3,56.1,2,1,1.00,CYCLE,W
IND,208,6415,59486,27/09/2021,09:03:12,15,1,21.8,1.0,55.4,55.3,2,1,1.00,CYCLE,W
IND,208,6415,59486,27/09/2021,09:03:13,15,1,20.4,1.0,1.0,0.8,2,1,1.00,CYCLE,W
IND,208,6415,59485,27/09/2021,09:03:21,15,0,16.3,0.8,321.3,321.1,2,1,1.00,CYCLE,E
IND,208,6415,59485,27/09/2021,09:03:53,15,0,27.0,1.0,31.3,31.2,2,1,1.00,CYCLE,E
IND,208,6415,59486,27/09/2021,09:04:56,15,1,27.9,1.0,103.4,103.2,2,1,1.00,CYCLE,W
IND,208,6415,59485,27/09/2021,09:05:20,15,0,34.6,0.9,87.6,87.5,2,1,1.00,CYCLE,E
IND,208,6415,59486,27/09/2021,09:07:43,15,1,23.2,1.1,166.5,166.4,2,1,1.00,CYCLE,W
IND,208,6415,59485,27/09/2021,09:09:09,15,0,21.9,1.0,228.1,228.1,2,1,1.00,CYCLE,E
IND,208,6415,59485,27/09/2021,09:09:47,15,0,23.2,1.1,38.5,38.3,2,1,1.00,CYCLE,E
IND,208,6415,59486,27/09/2021,09:09:57,15,1,26.8,1.1,134.3,134.1,2,1,1.00,CYCLE,W
IND,208,6415,59485,27/09/2021,09:10:13,15,0,17.8,1.0,25.6,25.4,2,1,1.00,CYCLE,E
IND,208,6415,59486,27/09/2021,09:13:22,15,1,26.5,1.0,205.1,204.9,2,1,1.00,CYCLE,W
IND,208,6415,59485,27/09/2021,09:14:50,15,0,25.9,1.0,277.2,277.0,2,1,1.00,CYCLE,E
IND,208,6415,59486,27/09/2021,09:16:04,15,1,28.0,1.0,161.5,161.4,2,1,1.00,CYCLE,W
IND,208,6415,59486,27/09/2021,09:16:13,15,1,28.4,0.8,9.0,8.9,2,1,1.00,CYCLE,W
IND,208,6415,59485,27/09/2021,09:16:28,15,0,24.3,1.0,98.4,98.3,2,1,1.00,CYCLE,E
IND,208,6415,59485,27/09/2021,09:17:08,15,0,17.8,1.1,39.6,39.5,2,1,1.00,CYCLE,E
IND,208,6415,59486,27/09/2021,09:19:33,15,1,23.6,1.1,200.1,200.0,2,1,1.00,CYCLE,W
IND,208,6415,59486,27/09/2021,09:19:35,15,1,26.0,1.0,2.0,1.8,2,1,1.00,CYCLE,W
IND,208,6415,59486,27/09/2021,09:19:35,15,1,26.1,1.0,0.4,0.2,2,1,1.00,CYCLE,W
IND,208,6415,59486,27/09/2021,09:19:36,15,1,25.5,1.0,0.9,0.8,2,1,1.00,CYCLE,W
IND,208,6415,59486,27/09/2021,09:20:13,15,1,27.0,1.0,37.4,37.2,2,1,1.00,CYCLE,W
IND,208,6415,59485,27/09/2021,09:20:41,15,0,17.2,1.1,213.1,212.9,2,1,1.00,CYCLE,E
IND,208,6415,59486,27/09/2021,09:21:16,15,1,23.7,1.0,62.5,62.4,2,1,1.00,CYCLE,W
IND,208,6415,59486,27/09/2021,09:22:53,15,1,28.1,1.0,97.2,97.0,2,1,1.00,CYCLE,W
IND,208,6415,59485,27/09/2021,09:23:17,15,0,24.6,1.0,155.7,155.5,2,1,1.00,CYCLE,E
IND,208,6415,59485,27/09/2021,09:23:23,15,0,24.8,1.0,6.6,6.5,2,1,1.00,CYCLE,E
IND,208,6415,59486,27/09/2021,09:25:25,15,1,26.6,1.0,152.2,152.1,2,1,1.00,CYCLE,W
IND,208,6415,59485,27/09/2021,09:25:46,15,0,18.9,1.1,142.9,142.8,2,1,1.00,CYCLE,E
IND,208,6415,59485,27/09/2021,09:27:22,15,0,18.1,1.0,95.7,95.4,2,1,1.00,CYCLE,E
IND,208,6415,59485,27/09/2021,09:27:50,15,0,21.8,1.1,28.2,28.0,2,1,1.00,CYCLE,E
IND,208,6415,59486,27/09/2021,09:28:48,15,1,22.7,1.1,202.7,202.6,2,1,1.00,CYCLE,W
IND,208,6415,59486,27/09/2021,09:32:11,15,1,22.6,1.0,203.0,202.8,2,1,1.00,CYCLE,W
IND,208,6415,59486,27/09/2021,09:34:03,15,1,27.1,1.1,111.4,111.3,2,1,1.00,CYCLE,W
IND,208,6415,59486,27/09/2021,09:35:04,15,1,33.0,1.0,61.2,61.0,2,1,1.00,CYCLE,W
IND,208,6415,59485,27/09/2021,09:35:37,15,0,21.1,1.1,467.4,467.2,2,1,1.00,CYCLE,E
IND,208,6415,59486,27/09/2021,09:36:07,15,1,25.6,1.1,63.1,63.0,2,1,1.00,CYCLE,W
IND,208,6415,59486,27/09/2021,09:36:13,15,1,16.8,1.1,5.8,5.7,2,1,1.00,CYCLE,W
IND,208,6415,59486,27/09/2021,09:36:14,15,1,17.2,1.0,1.5,1.3,2,1,1.00,CYCLE,W
IND,208,6415,59486,27/09/2021,09:36:15,15,1,16.9,1.0,1.1,0.9,2,1,1.00,CYCLE,W
IND,208,6415,59486,27/09/2021,09:36:16,15,1,17.0,0.9,1.1,0.9,2,1,1.00,CYCLE,W
IND,208,6415,59486,27/09/2021,09:36:19,15,1,15.9,1.0,2.3,2.1,2,1,1.00,CYCLE,W
IND,208,6415,59486,27/09/2021,09:36:22,15,1,16.8,1.1,3.2,3.0,2,1,1.00,CYCLE,W
IND,208,6415,59486,27/09/2021,09:36:53,15,1,29.9,1.0,25.9,24.3,2,1,1.00,CYCLE,W
IND,208,6415,59486,27/09/2021,09:38:16,15,1,28.8,0.9,82.5,82.4,2,1,1.00,CYCLE,W
IND,208,6415,59486,27/09/2021,09:39:40,15,1,25.1,1.1,84.0,83.9,2,1,1.00,CYCLE,W
IND,208,6415,59486,27/09/2021,09:40:26,15,1,23.6,1.1,45.9,45.7,2,1,1.00,CYCLE,W
IND,208,6415,59485,27/09/2021,09:41:31,15,0,28.8,1.1,353.7,353.5,2,1,1.00,CYCLE,E
IND,208,6415,59486,27/09/2021,09:42:19,15,1,25.1,1.0,113.6,113.4,2,1,1.00,CYCLE,W
IND,208,6415,59486,27/09/2021,09:43:27,15,1,22.8,1.1,67.2,67.1,2,1,1.00,CYCLE,W
IND,208,6415,59486,27/09/2021,09:44:16,15,1,21.9,1.0,49.6,49.4,2,1,1.00,CYCLE,W
IND,208,6415,59486,27/09/2021,09:44:38,15,1,26.6,1.0,21.9,21.7,2,1,1.00,CYCLE,W
IND,208,6415,59485,27/09/2021,09:44:40,15,0,21.1,1.1,14.9,14.6,2,1,1.00,CYCLE,E
IND,208,6415,59486,27/09/2021,09:45:36,15,1,25.9,1.1,58.3,58.2,2,1,1.00,CYCLE,W
IND,208,6415,59486,27/09/2021,09:45:52,15,1,26.6,1.1,15.6,15.4,2,1,1.00,CYCLE,W
IND,208,6415,59486,27/09/2021,09:46:30,15,1,22.5,1.1,38.3,38.2,2,1,1.00,CYCLE,W
IND,208,6415,59486,27/09/2021,09:48:04,15,1,24.6,1.0,93.5,93.3,2,1,1.00,CYCLE,W
IND,208,6415,59485,27/09/2021,09:49:45,15,0,25.1,1.2,304.6,304.4,2,1,1.00,CYCLE,E
IND,208,6415,59486,27/09/2021,09:50:07,15,1,21.8,1.1,123.6,123.5,2,1,1.00,CYCLE,W
IND,208,6415,59485,27/09/2021,09:50:38,15,0,12.2,0.4,53.7,53.5,2,1,1.00,CYCLE,E
IND,208,6415,59486,27/09/2021,09:50:59,15,1,25.0,1.0,51.2,51.0,2,1,1.00,CYCLE,W
IND,208,6415,59485,27/09/2021,09:51:49,15,0,24.8,1.0,70.7,70.6,2,1,1.00,CYCLE,E
IND,208,6415,59486,27/09/2021,09:51:52,15,1,24.7,1.1,53.1,53.0,2,1,1.00,CYCLE,W
IND,208,6415,59486,27/09/2021,09:51:52,15,1,25.9,1.0,0.5,0.4,2,1,1.00,CYCLE,W
IND,208,6415,59486,27/09/2021,09:52:44,15,1,22.6,1.0,51.3,51.2,2,1,1.00,CYCLE,W
IND,208,6415,59486,27/09/2021,09:52:44,15,1,22.9,1.0,0.7,0.5,2,1,1.00,CYCLE,W
IND,208,6415,59486,27/09/2021,09:54:58,15,1,21.8,1.0,134.0,133.9,2,1,1.00,CYCLE,W
IND,208,6415,59486,27/09/2021,09:55:03,15,1,18.5,1.0,4.9,4.7,2,1,1.00,CYCLE,W
IND,208,6415,59486,27/09/2021,09:55:04,15,1,17.6,1.0,0.8,0.6,2,1,1.00,CYCLE,W
IND,208,6415,59486,27/09/2021,09:56:18,15,1,23.9,1.0,73.7,73.4,2,1,1.00,CYCLE,W
IND,208,6415,59486,27/09/2021,09:56:50,15,1,22.2,1.1,32.2,32.0,2,1,1.00,CYCLE,W
IND,208,6415,59485,27/09/2021,09:57:27,15,0,21.8,1.1,244.5,244.3,2,1,1.00,CYCLE,E
IND,208,6415,59486,27/09/2021,09:58:13,15,1,21.8,1.1,82.8,82.6,2,1,1.00,CYCLE,W
IND,208,6415,59485,27/09/2021,09:58:29,15,0,23.6,1.0,61.8,61.6,2,1,1.00,CYCLE,E
IND,208,6415,59485,27/09/2021,09:58:29,15,0,22.8,1.0,0.2,0.1,2,1,1.00,CYCLE,E
IND,208,6415,59485,27/09/2021,09:58:33,15,0,25.8,1.1,4.1,4.0,2,1,1.00,CYCLE,E
IND,208,6415,59485,27/09/2021,09:59:47,15,0,24.4,1.0,73.7,73.5,2,1,1.00,CYCLE,E
IND,208,6415,59485,27/09/2021,09:59:54,15,0,18.9,1.1,6.9,6.8,2,1,1.00,CYCLE,E
IND,208,6415,59486,27/09/2021,10:00:44,15,1,17.5,1.0,151.8,151.6,2,1,1.00,CYCLE,W
IND,208,6415,59486,27/09/2021,10:00:45,15,1,18.0,1.0,1.1,0.8,2,1,1.00,CYCLE,W
IND,208,6415,59486,27/09/2021,10:01:16,15,1,22.4,1.1,30.5,30.3,2,1,1.00,CYCLE,W
IND,208,6415,59486,27/09/2021,10:03:30,15,1,32.8,1.0,134.4,134.2,2,1,1.00,CYCLE,W
IND,208,6415,59485,27/09/2021,10:07:51,15,0,22.2,1.0,477.8,477.5,2,1,1.00,CYCLE,E
IND,208,6415,59486,27/09/2021,10:10:29,15,1,28.8,1.0,419.1,419.0,2,1,1.00,CYCLE,W
IND,208,6415,59486,27/09/2021,10:11:12,15,1,27.9,1.0,42.4,42.3,2,1,1.00,CYCLE,W
IND,208,6415,59486,27/09/2021,10:11:19,15,1,25.5,1.1,7.1,7.0,2,1,1.00,CYCLE,W
IND,208,6415,59486,27/09/2021,10:11:54,15,1,27.1,1.0,34.6,34.4,2,1,1.00,CYCLE,W
IND,208,6415,59486,27/09/2021,10:14:24,15,1,23.7,1.0,150.7,150.6,2,1,1.00,CYCLE,W
IND,208,6415,59486,27/09/2021,10:14:27,15,1,25.2,1.1,2.7,2.5,2,1,1.00,CYCLE,W
IND,208,6415,59485,27/09/2021,10:14:48,15,0,26.8,1.1,153.5,153.5,2,1,1.00,CYCLE,E
IND,208,6415,59486,27/09/2021,10:17:01,15,1,26.5,1.0,154.4,154.3,2,1,1.00,CYCLE,W
IND,208,6415,59485,27/09/2021,10:17:09,15,0,21.3,1.0,141.0,140.9,2,1,1.00,CYCLE,E
IND,208,6415,59485,27/09/2021,10:17:18,15,0,24.2,1.1,9.0,8.9,2,1,1.00,CYCLE,E
IND,208,6415,59486,27/09/2021,10:17:19,15,1,23.3,1.0,17.6,17.5,2,1,1.00,CYCLE,W
IND,208,6415,59485,27/09/2021,10:18:56,15,0,26.3,1.1,98.4,98.2,2,1,1.00,CYCLE,E
IND,208,6415,59485,27/09/2021,10:19:04,15,0,22.6,1.0,8.4,8.2,2,1,1.00,CYCLE,E
IND,208,6415,59485,27/09/2021,10:19:16,15,0,34.4,1.0,11.1,11.0,2,1,1.00,CYCLE,E
IND,208,6415,59485,27/09/2021,10:20:33,15,0,33.9,1.1,77.8,77.7,2,1,1.00,CYCLE,E
IND,208,6415,59486,27/09/2021,10:25:57,15,1,24.8,1.0,518.3,518.2,2,1,1.00,CYCLE,W
IND,208,6415,59486,27/09/2021,10:26:27,15,1,21.7,1.1,29.8,29.7,2,1,1.00,CYCLE,W
IND,208,6415,59485,27/09/2021,10:26:40,15,0,19.4,1.1,366.7,366.6,2,1,1.00,CYCLE,E
IND,208,6415,59485,27/09/2021,10:26:54,15,0,18.8,1.1,13.7,13.5,2,1,1.00,CYCLE,E
IND,208,6415,59486,27/09/2021,10:28:52,15,1,18.6,1.1,144.8,144.6,2,1,1.00,CYCLE,W
IND,208,6415,59486,27/09/2021,10:29:34,15,1,16.2,1.1,38.7,38.7,2,1,1.00,CYCLE,W
IND,208,6415,59486,27/09/2021,10:29:35,15,1,16.8,1.1,0.6,0.4,2,1,1.00,CYCLE,W
IND,208,6415,59485,27/09/2021,10:29:56,15,0,27.0,0.9,182.4,182.2,2,1,1.00,CYCLE,E
IND,208,6415,59486,27/09/2021,10:30:23,15,1,23.0,1.1,48.1,47.9,2,1,1.00,CYCLE,W
IND,208,6415,59485,27/09/2021,10:31:14,15,0,19.9,1.1,77.6,77.4,2,1,1.00,CYCLE,E
IND,208,6415,59485,27/09/2021,10:31:15,15,0,19.7,1.1,0.9,0.7,2,1,1.00,CYCLE,E
IND,208,6415,59485,27/09/2021,10:33:03,15,0,14.6,1.1,108.7,108.5,2,1,1.00,CYCLE,E
IND,208,6415,59486,27/09/2021,10:33:20,15,1,26.2,1.0,176.8,176.6,2,1,1.00,CYCLE,W
IND,208,6415,59486,27/09/2021,10:35:04,15,1,24.4,1.1,104.7,104.6,2,1,1.00,CYCLE,W
IND,208,6415,59485,27/09/2021,10:35:26,15,0,23.4,1.1,142.7,142.5,2,1,1.00,CYCLE,E
IND,208,6415,59486,27/09/2021,10:35:34,15,1,27.9,1.1,29.3,29.2,2,1,1.00,CYCLE,W
IND,208,6415,59486,27/09/2021,10:36:29,15,1,26.6,1.0,55.1,55.0,2,1,1.00,CYCLE,W
IND,208,6415,59486,27/09/2021,10:36:46,15,1,20.3,1.1,16.8,16.7,2,1,1.00,CYCLE,W
IND,208,6415,59486,27/09/2021,10:37:08,15,1,17.9,1.0,22.6,22.5,2,1,0.71,CYCLE,W
IND,208,6415,59485,27/09/2021,10:37:29,15,0,21.5,1.0,122.7,122.5,2,1,1.00,CYCLE,E
IND,208,6415,59486,27/09/2021,10:38:09,15,1,26.6,1.0,60.6,59.3,2,1,1.00,CYCLE,W
IND,208,6415,59485,27/09/2021,10:38:34,15,0,17.2,1.1,65.4,65.2,2,1,1.00,CYCLE,E
IND,208,6415,59486,27/09/2021,10:41:04,15,1,22.0,1.0,175.4,175.3,2,1,1.00,CYCLE,W
IND,208,6415,59486,27/09/2021,10:41:06,15,1,22.3,1.1,1.7,1.5,2,1,1.00,CYCLE,W
IND,208,6415,59485,27/09/2021,10:41:59,15,0,20.8,1.0,205.1,204.9,2,1,1.00,CYCLE,E
IND,208,6415,59486,27/09/2021,10:42:06,15,1,29.8,1.0,60.2,60.0,2,1,1.00,CYCLE,W
IND,208,6415,59486,27/09/2021,10:42:08,15,1,29.3,1.0,1.4,1.3,2,1,1.00,CYCLE,W
IND,208,6415,59485,27/09/2021,10:42:51,15,0,7.9,1.0,52.0,52.2,2,1,0.57,CYCLE,E
IND,208,6415,59486,27/09/2021,10:43:02,15,1,19.7,1.0,54.7,54.6,2,1,1.00,CYCLE,W
IND,208,6415,59486,27/09/2021,10:43:38,15,1,14.9,1.0,35.7,35.6,2,1,1.00,CYCLE,W
IND,208,6415,59486,27/09/2021,10:43:39,15,1,14.5,1.0,1.1,0.9,2,1,1.00,CYCLE,W
IND,208,6415,59486,27/09/2021,10:44:08,15,1,26.9,1.1,29.3,29.0,2,1,1.00,CYCLE,W
IND,208,6415,59485,27/09/2021,10:45:25,15,0,22.0,1.1,153.4,151.6,2,1,1.00,CYCLE,E
IND,208,6415,59486,27/09/2021,10:46:03,15,1,25.8,1.0,114.9,114.7,2,1,1.00,CYCLE,W
IND,208,6415,59485,27/09/2021,10:46:48,15,0,19.3,1.0,83.1,82.9,2,1,1.00,CYCLE,E
IND,208,6415,59485,27/09/2021,10:46:48,15,0,19.0,1.0,0.5,0.3,2,1,1.00,CYCLE,E
IND,208,6415,59486,27/09/2021,10:47:17,15,1,27.4,1.0,73.4,73.2,2,1,1.00,CYCLE,W
IND,208,6415,59485,27/09/2021,10:48:35,15,0,17.5,1.0,106.8,106.7,2,1,1.00,CYCLE,E
IND,208,6415,59485,27/09/2021,10:48:35,15,0,17.5,1.0,0.0,0.0,2,1,1.00,CYCLE,E
IND,208,6415,59486,27/09/2021,10:51:21,15,1,26.3,1.0,244.0,243.9,2,1,1.00,CYCLE,W
IND,208,6415,59486,27/09/2021,10:52:58,15,1,26.1,1.0,97.2,97.0,2,1,1.00,CYCLE,W
IND,208,6415,59485,27/09/2021,10:53:18,15,0,18.0,1.1,282.6,282.2,2,1,1.00,CYCLE,E
IND,208,6415,59486,27/09/2021,10:53:32,15,1,29.8,0.9,34.3,34.2,2,1,1.00,CYCLE,W
IND,208,6415,59485,27/09/2021,10:54:50,15,0,17.7,1.1,92.3,92.1,2,1,1.00,CYCLE,E
IND,208,6415,59486,27/09/2021,10:55:49,15,1,26.1,1.0,136.8,136.7,2,1,1.00,CYCLE,W
IND,208,6415,59485,27/09/2021,10:56:09,15,0,26.5,1.1,79.1,78.9,2,1,1.00,CYCLE,E
IND,208,6415,59486,27/09/2021,10:57:17,15,1,20.3,1.0,87.9,87.8,2,1,1.00,CYCLE,W
IND,208,6415,59486,27/09/2021,10:57:20,15,1,22.7,1.0,2.7,2.5,2,1,1.00,CYCLE,W
IND,208,6415,59486,27/09/2021,10:57:21,15,1,24.1,1.0,1.1,1.0,2,1,1.00,CYCLE,W
IND,208,6415,59486,27/09/2021,10:57:23,15,1,22.8,1.0,1.9,1.8,2,1,1.00,CYCLE,W
IND,208,6415,59486,27/09/2021,10:57:33,15,1,23.5,1.0,9.8,9.6,2,1,1.00,CYCLE,W
IND,208,6415,59486,27/09/2021,10:58:02,15,1,31.2,1.0,29.2,29.0,2,1,1.00,CYCLE,W
IND,208,6415,59485,27/09/2021,10:58:18,15,0,21.6,1.1,129.2,129.1,2,1,1.00,CYCLE,E
IND,208,6415,59485,27/09/2021,10:58:29,15,0,27.7,1.2,10.8,10.7,2,1,1.00,CYCLE,E
IND,208,6415,59485,27/09/2021,10:58:30,15,0,18.7,1.1,1.3,1.1,2,1,1.00,CYCLE,E
IND,208,6415,59485,27/09/2021,10:58:32,15,0,19.0,1.0,1.4,1.2,2,1,1.00,CYCLE,E
IND,208,6415,59485,27/09/2021,10:59:00,15,0,25.3,1.0,28.0,27.8,2,1,1.00,CYCLE,E
IND,208,6415,59486,27/09/2021,11:00:23,15,1,33.5,1.0,141.7,141.6,2,1,1.00,CYCLE,W
IND,208,6415,59485,27/09/2021,11:03:39,15,0,20.2,1.0,279.5,279.4,2,1,1.00,CYCLE,E
IND,208,6415,59486,27/09/2021,11:03:40,15,1,21.6,1.0,197.1,197.0,2,1,0.50,CYCLE,W
IND,208,6415,59485,27/09/2021,11:03:40,15,0,21.6,1.0,0.0,0.0,2,1,0.50,CYCLE,E
IND,208,6415,59486,27/09/2021,11:03:45,15,1,18.3,1.1,4.5,4.2,2,1,1.00,CYCLE,W
IND,208,6415,59486,27/09/2021,11:03:47,15,1,17.5,1.1,2.4,2.2,2,1,1.00,CYCLE,W
IND,208,6415,59485,27/09/2021,11:03:57,15,0,13.4,0.9,17.7,17.5,2,1,1.00,CYCLE,E
IND,208,6415,59485,27/09/2021,11:03:58,15,0,12.6,1.1,0.7,0.5,2,1,1.00,CYCLE,E
IND,208,6415,59486,27/09/2021,11:04:02,15,1,20.5,1.0,14.3,14.0,2,1,1.00,CYCLE,W
IND,208,6415,59486,27/09/2021,11:04:04,15,1,17.9,0.9,2.6,2.4,2,1,1.00,CYCLE,W
IND,208,6415,59486,27/09/2021,11:04:06,15,1,18.5,1.1,2.2,2.0,2,1,1.00,CYCLE,W
IND,208,6415,59486,27/09/2021,11:04:11,15,1,21.9,1.0,5.0,4.7,2,1,1.00,CYCLE,W
IND,208,6415,59486,27/09/2021,11:04:14,15,1,20.1,1.0,3.0,2.8,2,1,1.00,CYCLE,W
IND,208,6415,59485,27/09/2021,11:04:36,15,0,25.9,1.0,38.7,38.4,2,1,1.00,CYCLE,E
IND,208,6415,59486,27/09/2021,11:05:53,15,1,28.9,1.1,99.0,98.8,2,1,1.00,CYCLE,W
IND,208,6415,59485,27/09/2021,11:07:04,15,0,19.8,1.0,56.5,56.5,2,1,1.00,CYCLE,E
IND,208,6415,59485,27/09/2021,11:07:18,15,0,23.3,1.0,13.3,13.1,2,1,1.00,CYCLE,E
IND,208,6415,59486,27/09/2021,11:07:26,15,1,21.4,1.1,92.5,92.4,2,1,1.00,CYCLE,W
IND,208,6415,59485,27/09/2021,11:08:41,15,0,27.2,1.1,83.5,83.3,2,1,1.00,CYCLE,E
IND,208,6415,59485,27/09/2021,11:08:44,15,0,23.9,1.0,2.7,2.5,2,1,1.00,CYCLE,E
IND,208,6415,59485,27/09/2021,11:09:34,15,0,22.9,1.0,50.3,50.2,2,1,1.00,CYCLE,E
IND,208,6415,59485,27/09/2021,11:10:57,15,0,26.7,1.0,83.0,82.8,2,1,1.00,CYCLE,E
IND,208,6415,59486,27/09/2021,11:11:00,15,1,32.0,1.1,213.9,213.7,2,1,1.00,CYCLE,W
IND,208,6415,59485,27/09/2021,11:14:39,15,0,21.5,1.1,221.5,221.3,2,1,1.00,CYCLE,E
IND,208,6415,59485,27/09/2021,11:15:39,15,0,17.7,1.1,59.9,59.7,2,1,1.00,CYCLE,E
IND,208,6415,59486,27/09/2021,11:16:22,15,1,20.0,1.1,321.9,321.8,2,1,1.00,CYCLE,W
IND,208,6415,59486,27/09/2021,11:17:48,15,1,22.5,1.0,86.6,86.4,2,1,1.00,CYCLE,W
IND,208,6415,59486,27/09/2021,11:17:49,15,1,21.6,1.0,0.4,0.2,2,1,1.00,CYCLE,W
IND,208,6415,59486,27/09/2021,11:18:57,15,1,16.0,1.1,68.5,68.3,2,1,1.00,CYCLE,W
IND,208,6415,59486,27/09/2021,11:20:24,15,1,10.6,1.1,87.1,86.9,2,1,1.00,CYCLE,W
IND,208,6415,59486,27/09/2021,11:20:25,15,1,9.7,1.1,1.2,0.9,2,1,1.00,CYCLE,W
IND,208,6415,59486,27/09/2021,11:20:27,15,1,10.4,1.0,1.7,1.3,2,1,1.00,CYCLE,W
IND,208,6415,59486,27/09/2021,11:23:26,15,1,25.2,1.0,179.1,178.7,2,1,1.00,CYCLE,W
IND,208,6415,59485,27/09/2021,11:24:06,15,0,14.8,1.1,507.5,507.3,2,1,1.00,CYCLE,E
IND,208,6415,59485,27/09/2021,11:24:19,15,0,16.9,1.0,12.9,12.6,2,1,1.00,CYCLE,E
IND,208,6415,59485,27/09/2021,11:24:52,15,0,19.6,1.0,33.3,33.1,2,1,1.00,CYCLE,E
IND,208,6415,59485,27/09/2021,11:24:53,15,0,19.8,1.0,1.0,0.9,2,1,1.00,CYCLE,E
IND,208,6415,59485,27/09/2021,11:25:39,15,0,15.9,1.1,45.7,45.5,2,1,1.00,CYCLE,E
IND,208,6415,59485,27/09/2021,11:25:56,15,0,13.0,0.9,17.3,17.1,2,1,1.00,CYCLE,E
IND,208,6415,59485,27/09/2021,11:26:10,15,0,22.1,1.1,14.0,13.8,2,1,1.00,CYCLE,E
IND,208,6415,59486,27/09/2021,11:26:25,15,1,26.1,1.0,178.8,178.6,2,1,1.00,CYCLE,W
IND,208,6415,59486,27/09/2021,11:27:27,15,1,26.3,1.0,62.2,62.1,2,1,1.00,CYCLE,W
IND,208,6415,59486,27/09/2021,11:27:56,15,1,26.7,0.8,28.8,28.7,2,1,1.00,CYCLE,W
IND,208,6415,59486,27/09/2021,11:28:10,15,1,27.7,1.1,13.9,13.8,2,1,1.00,CYCLE,W
IND,208,6415,59485,27/09/2021,11:31:20,15,0,21.1,1.1,309.3,309.2,2,1,1.00,CYCLE,E
IND,208,6415,59485,27/09/2021,11:31:47,15,0,24.3,1.0,27.8,27.6,2,1,1.00,CYCLE,E
IND,208,6415,59485,27/09/2021,11:32:10,15,0,7.8,0.7,1.2,1.0,2,1,1.00,CYCLE,E
IND,208,6415,59486,27/09/2021,11:32:47,15,1,27.3,1.1,277.4,277.2,2,1,1.00,CYCLE,W
IND,208,6415,59486,27/09/2021,11:33:42,15,1,21.4,1.1,54.4,54.2,2,1,1.00,CYCLE,W
IND,208,6415,59486,27/09/2021,11:35:26,15,1,22.8,0.9,104.3,104.2,2,1,1.00,CYCLE,W
IND,208,6415,59486,27/09/2021,11:35:27,15,1,23.7,1.0,1.3,1.1,2,1,1.00,CYCLE,W
IND,208,6415,59486,27/09/2021,11:35:28,15,1,24.8,1.0,0.9,0.8,2,1,1.00,CYCLE,W
IND,208,6415,59486,27/09/2021,11:35:40,15,1,24.7,1.0,12.3,12.2,2,1,1.00,CYCLE,W
IND,208,6415,59486,27/09/2021,11:35:57,15,1,21.7,1.0,16.3,16.1,2,1,1.00,CYCLE,W
IND,208,6415,59485,27/09/2021,11:36:26,15,0,18.2,1.1,256.2,255.8,2,1,1.00,CYCLE,E
IND,208,6415,59486,27/09/2021,11:36:34,15,1,25.8,1.1,36.8,36.7,2,1,1.00,CYCLE,W
IND,208,6415,59486,27/09/2021,11:38:05,15,1,23.6,1.1,91.0,90.8,2,1,1.00,CYCLE,W
IND,208,6415,59486,27/09/2021,11:38:52,15,1,25.1,1.0,47.2,47.1,2,1,1.00,CYCLE,W
IND,208,6415,59485,27/09/2021,11:41:06,15,0,21.3,1.0,279.5,279.3,2,1,1.00,CYCLE,E
IND,208,6415,59485,27/09/2021,11:41:58,15,0,21.2,1.0,52.2,52.0,2,1,1.00,CYCLE,E
IND,208,6415,59485,27/09/2021,11:42:39,15,0,15.1,1.1,40.8,40.6,2,1,1.00,CYCLE,E
IND,208,6415,59486,27/09/2021,11:42:42,15,1,26.4,1.0,230.1,229.9,2,1,1.00,CYCLE,W
IND,208,6415,59486,27/09/2021,11:43:00,15,1,22.4,1.0,18.0,17.9,2,1,1.00,CYCLE,W
IND,208,6415,59486,27/09/2021,11:43:02,15,1,22.7,1.0,2.1,1.9,2,1,1.00,CYCLE,W
IND,208,6415,59486,27/09/2021,11:44:03,15,1,16.7,1.0,60.9,60.8,2,1,1.00,CYCLE,W
IND,208,6415,59486,27/09/2021,11:44:07,15,1,15.8,0.9,3.7,3.5,2,1,1.00,CYCLE,W
IND,208,6415,59486,27/09/2021,11:44:07,15,1,17.3,1.1,0.4,0.2,2,1,1.00,CYCLE,W
IND,208,6415,59486,27/09/2021,11:44:37,15,1,23.5,1.1,4.5,4.3,2,1,1.00,CYCLE,W
IND,208,6415,59486,27/09/2021,11:44:46,15,1,11.8,0.7,9.8,9.7,2,1,1.00,CYCLE,W
IND,208,6415,59485,27/09/2021,11:44:56,15,0,19.7,1.1,137.1,136.9,2,1,1.00,CYCLE,E
IND,208,6415,59485,27/09/2021,11:46:30,15,0,25.3,1.1,94.4,94.2,2,1,1.00,CYCLE,E
IND,208,6415,59485,27/09/2021,11:47:20,15,0,24.2,1.0,49.7,49.6,2,1,1.00,CYCLE,E
IND,208,6415,59485,27/09/2021,11:49:18,15,0,20.1,1.0,118.4,118.2,2,1,1.00,CYCLE,E
IND,208,6415,59485,27/09/2021,11:51:19,15,0,22.8,1.0,120.5,120.3,2,1,1.00,CYCLE,E
IND,208,6415,59486,27/09/2021,11:51:29,15,1,21.3,1.1,165.1,164.8,2,1,1.00,CYCLE,W
IND,208,6415,59486,27/09/2021,11:51:30,15,1,20.1,1.0,1.7,1.6,2,1,1.00,CYCLE,W
IND,208,6415,59485,27/09/2021,11:51:57,15,0,16.0,1.1,37.7,37.5,2,1,1.00,CYCLE,E
IND,208,6415,59485,27/09/2021,11:51:58,15,0,15.3,1.0,1.7,1.4,2,1,1.00,CYCLE,E
IND,208,6415,59485,27/09/2021,11:51:59,15,0,16.2,1.0,0.8,0.6,2,1,1.00,CYCLE,E
IND,208,6415,59485,27/09/2021,11:52:00,15,0,15.4,0.9,1.3,1.0,2,1,1.00,CYCLE,E
IND,208,6415,59485,27/09/2021,11:52:02,15,0,15.6,1.1,1.9,1.7,2,1,1.00,CYCLE,E
IND,208,6415,59485,27/09/2021,11:52:07,15,0,16.1,1.1,4.4,4.2,2,1,1.00,CYCLE,E
IND,208,6415,59486,27/09/2021,11:52:33,15,1,24.9,1.0,62.1,61.9,2,1,1.00,CYCLE,W
IND,208,6415,59486,27/09/2021,11:52:34,15,1,25.0,1.1,1.2,1.0,2,1,1.00,CYCLE,W
IND,208,6415,59486,27/09/2021,11:53:26,15,1,27.0,1.0,51.8,51.6,2,1,1.00,CYCLE,W
IND,208,6415,59485,27/09/2021,11:53:57,15,0,18.5,1.1,110.6,110.4,2,1,1.00,CYCLE,E
IND,208,6415,59486,27/09/2021,11:54:43,15,1,21.3,1.1,77.2,77.1,2,1,1.00,CYCLE,W
IND,208,6415,59485,27/09/2021,11:56:31,15,0,20.3,1.0,153.7,153.5,2,1,1.00,CYCLE,E
IND,208,6415,59485,27/09/2021,11:57:01,15,0,14.3,1.1,29.5,29.3,2,1,1.00,CYCLE,E
IND,208,6415,59486,27/09/2021,11:57:10,15,1,12.5,1.1,147.5,147.4,2,1,1.00,CYCLE,W
IND,208,6415,59486,27/09/2021,11:57:31,15,1,24.3,1.1,20.3,20.0,2,1,1.00,CYCLE,W
IND,208,6415,59486,27/09/2021,11:58:00,15,1,24.9,1.0,29.8,29.6,2,1,1.00,CYCLE,W
IND,208,6415,59486,27/09/2021,11:58:06,15,1,18.0,1.1,5.3,5.2,2,1,1.00,CYCLE,W
IND,208,6415,59485,27/09/2021,11:58:13,15,0,21.6,1.0,72.4,72.1,2,1,1.00,CYCLE,E
IND,208,6415,59486,27/09/2021,11:58:17,15,1,20.7,1.0,11.5,11.2,2,1,1.00,CYCLE,W
IND,208,6415,59486,27/09/2021,11:59:06,15,1,23.9,1.1,49.2,49.0,2,1,1.00,CYCLE,W
IND,208,6415,59485,27/09/2021,11:59:48,15,0,18.1,1.1,94.6,94.5,2,1,1.00,CYCLE,E
IND,208,6415,59486,27/09/2021,12:00:05,15,1,22.8,1.0,58.4,58.2,2,1,1.00,CYCLE,W
IND,208,6415,59485,27/09/2021,12:00:42,15,0,17.2,1.0,54.1,53.9,2,1,1.00,CYCLE,E
IND,208,6415,59485,27/09/2021,12:01:08,15,0,13.8,0.9,26.6,26.4,2,1,1.00,CYCLE,E
IND,208,6415,59485,27/09/2021,12:01:09,15,0,12.6,0.9,0.8,0.6,2,1,1.00,CYCLE,E
IND,208,6415,59485,27/09/2021,12:01:10,15,0,13.2,1.0,0.9,0.6,2,1,1.00,CYCLE,E
IND,208,6415,59485,27/09/2021,12:01:15,15,0,14.4,1.1,4.7,4.4,2,1,1.00,CYCLE,E
IND,208,6415,59485,27/09/2021,12:02:39,15,0,10.6,1.1,84.5,84.2,2,1,1.00,CYCLE,E
IND,208,6415,59485,27/09/2021,12:02:46,15,0,10.5,0.8,7.1,6.7,2,1,1.00,CYCLE,E
IND,208,6415,59485,27/09/2021,12:04:15,15,0,19.2,1.0,88.9,88.6,2,1,1.00,CYCLE,E
IND,208,6415,59485,27/09/2021,12:04:16,15,0,19.9,1.1,0.7,0.5,2,1,1.00,CYCLE,E
IND,208,6415,59485,27/09/2021,12:04:51,15,0,22.6,1.0,35.4,35.2,2,1,1.00,CYCLE,E
IND,208,6415,59486,27/09/2021,12:05:10,15,1,25.3,1.0,31.1,31.0,2,1,1.00,CYCLE,W
IND,208,6415,59486,27/09/2021,12:06:02,15,1,17.2,1.0,30.8,30.5,2,1,0.67,CYCLE,W
IND,208,6415,59486,27/09/2021,12:07:17,15,1,24.9,1.1,75.1,74.0,2,1,1.00,CYCLE,W
IND,208,6415,59486,27/09/2021,12:07:20,15,1,23.3,1.1,2.5,2.4,2,1,1.00,CYCLE,W
IND,208,6415,59486,27/09/2021,12:07:21,15,1,24.4,1.0,1.3,1.1,2,1,1.00,CYCLE,W
IND,208,6415,59486,27/09/2021,12:07:23,15,1,23.0,1.1,1.6,1.5,2,1,1.00,CYCLE,W
IND,208,6415,59486,27/09/2021,12:08:12,15,1,29.3,1.1,49.7,49.5,2,1,1.00,CYCLE,W
IND,208,6415,59485,27/09/2021,12:08:22,15,0,25.6,1.0,210.5,210.4,2,1,1.00,CYCLE,E
IND,208,6415,59486,27/09/2021,12:08:37,15,1,26.2,1.0,25.0,24.9,2,1,1.00,CYCLE,W
IND,208,6415,59486,27/09/2021,12:08:43,15,1,27.5,1.1,5.4,5.3,2,1,1.00,CYCLE,W
IND,208,6415,59485,27/09/2021,12:08:55,15,0,27.4,1.0,32.9,32.8,2,1,1.00,CYCLE,E
IND,208,6415,59486,27/09/2021,12:09:31,15,1,24.7,1.1,48.4,48.3,2,1,1.00,CYCLE,W
IND,208,6415,59485,27/09/2021,12:11:21,15,0,21.7,1.0,146.0,145.9,2,1,1.00,CYCLE,E
IND,208,6415,59486,27/09/2021,12:11:24,15,1,22.4,1.1,112.9,112.7,2,1,1.00,CYCLE,W
IND,208,6415,59485,27/09/2021,12:11:34,15,0,19.8,1.0,13.6,13.5,2,1,1.00,CYCLE,E
IND,208,6415,59486,27/09/2021,12:12:13,15,1,24.4,1.1,49.1,49.0,2,1,1.00,CYCLE,W
IND,208,6415,59486,27/09/2021,12:12:28,15,1,19.2,1.2,14.5,14.4,2,1,1.00,CYCLE,W
IND,208,6415,59486,27/09/2021,12:12:28,15,1,19.4,1.1,0.6,0.4,2,1,1.00,CYCLE,W
IND,208,6415,59486,27/09/2021,12:12:30,15,1,20.8,1.0,1.4,1.2,2,1,1.00,CYCLE,W
IND,208,6415,59486,27/09/2021,12:12:36,15,1,21.2,1.0,6.2,6.1,2,1,1.00,CYCLE,W
IND,208,6415,59485,27/09/2021,12:12:38,15,0,18.3,1.0,63.8,63.6,2,1,1.00,CYCLE,E
IND,208,6415,59486,27/09/2021,12:13:44,15,1,21.6,1.0,68.2,68.0,2,1,1.00,CYCLE,W
IND,208,6415,59486,27/09/2021,12:13:46,15,1,22.9,1.1,1.8,1.6,2,1,1.00,CYCLE,W
IND,208,6415,59486,27/09/2021,12:13:47,15,1,26.8,1.1,1.1,0.9,2,1,1.00,CYCLE,W
IND,208,6415,59486,27/09/2021,12:13:48,15,1,21.1,1.0,1.1,1.0,2,1,1.00,CYCLE,W
IND,208,6415,59486,27/09/2021,12:16:08,15,1,24.3,1.1,139.8,139.6,2,1,1.00,CYCLE,W
IND,208,6415,59486,27/09/2021,12:16:09,15,1,21.9,1.0,0.9,0.7,2,1,1.00,CYCLE,W
IND,208,6415,59485,27/09/2021,12:16:10,15,0,11.5,1.0,93.6,93.1,2,1,1.00,CYCLE,E
IND,208,6415,59485,27/09/2021,12:16:11,15,0,11.9,1.1,0.5,0.2,2,1,1.00,CYCLE,E
IND,208,6415,59485,27/09/2021,12:16:14,15,0,10.3,1.0,2.6,2.3,2,1,1.00,CYCLE,E
IND,208,6415,59485,27/09/2021,12:17:18,15,0,13.5,1.0,64.2,63.8,2,1,1.00,CYCLE,E
IND,208,6415,59485,27/09/2021,12:17:19,15,0,13.9,1.0,1.1,0.8,2,1,1.00,CYCLE,E
IND,208,6415,59486,27/09/2021,12:17:36,15,1,23.8,1.0,87.0,86.9,2,1,1.00,CYCLE,W
IND,208,6415,59486,27/09/2021,12:17:38,15,1,26.3,1.1,2.4,2.2,2,1,1.00,CYCLE,W
IND,208,6415,59485,27/09/2021,12:18:06,15,0,18.1,1.1,47.6,47.3,2,1,1.00,CYCLE,E
IND,208,6415,59486,27/09/2021,12:18:44,15,1,22.1,1.0,65.7,65.5,2,1,1.00,CYCLE,W
IND,208,6415,59485,27/09/2021,12:19:14,15,0,18.9,1.1,67.8,67.6,2,1,1.00,CYCLE,E
IND,208,6415,59486,27/09/2021,12:19:17,15,1,22.6,1.0,33.0,32.8,2,1,1.00,CYCLE,W
IND,208,6415,59485,27/09/2021,12:19:44,15,0,25.3,1.1,30.1,29.9,2,1,1.00,CYCLE,E
IND,208,6415,59485,27/09/2021,12:19:46,15,0,13.4,0.9,2.2,2.0,2,1,1.00,CYCLE,E
IND,208,6415,59485,27/09/2021,12:19:48,15,0,12.0,1.0,1.7,1.4,2,1,1.00,CYCLE,E
IND,208,6415,59485,27/09/2021,12:19:53,15,0,10.9,0.9,4.7,4.4,2,1,1.00,CYCLE,E
IND,208,6415,59486,27/09/2021,12:20:52,15,1,31.2,1.0,95.1,94.9,2,1,1.00,CYCLE,W
IND,208,6415,59486,27/09/2021,12:20:59,15,1,27.8,1.0,6.5,6.4,2,1,1.00,CYCLE,W
IND,208,6415,59485,27/09/2021,12:23:20,15,0,19.8,1.1,206.8,206.5,2,1,1.00,CYCLE,E
IND,208,6415,59486,27/09/2021,12:23:39,15,1,26.2,1.0,160.0,159.9,2,1,1.00,CYCLE,W
IND,208,6415,59486,27/09/2021,12:24:13,15,1,2.8,1.0,34.4,34.2,2,1,0.40,CYCLE,W
IND,208,6415,59485,27/09/2021,12:24:19,15,0,25.5,1.1,59.1,58.9,2,1,1.00,CYCLE,E
IND,208,6415,59486,27/09/2021,12:26:46,15,1,24.7,1.1,153.0,151.8,2,1,1.00,CYCLE,W
IND,208,6415,59486,27/09/2021,12:26:49,15,1,25.8,1.0,2.6,2.5,2,1,1.00,CYCLE,W
IND,208,6415,59486,27/09/2021,12:27:32,15,1,22.9,1.0,43.7,43.6,2,1,1.00,CYCLE,W
IND,208,6415,59486,27/09/2021,12:27:52,15,1,26.5,1.0,19.4,19.2,2,1,1.00,CYCLE,W
IND,208,6415,59486,27/09/2021,12:28:34,15,1,13.5,1.0,42.7,43.5,2,1,0.80,CYCLE,W
IND,208,6415,59485,27/09/2021,12:29:58,15,0,21.5,1.1,339.0,338.9,2,1,1.00,CYCLE,E
IND,208,6415,59485,27/09/2021,12:30:55,15,0,25.7,1.0,57.4,57.2,2,1,1.00,CYCLE,E
IND,208,6415,59485,27/09/2021,12:32:00,15,0,13.1,1.0,65.3,65.1,2,1,1.00,CYCLE,E
IND,208,6415,59486,27/09/2021,12:32:16,15,1,20.9,1.1,221.8,220.6,2,1,1.00,CYCLE,W
IND,208,6415,59486,27/09/2021,12:32:17,15,1,20.8,1.0,0.8,0.7,2,1,1.00,CYCLE,W
IND,208,6415,59485,27/09/2021,12:32:29,15,0,16.6,1.1,28.7,28.5,2,1,1.00,CYCLE,E
IND,208,6415,59486,27/09/2021,12:33:14,15,1,28.2,1.1,56.5,56.3,2,1,1.00,CYCLE,W
IND,208,6415,59486,27/09/2021,12:33:45,15,1,23.0,1.1,31.9,31.7,2,1,1.00,CYCLE,W
IND,208,6415,59486,27/09/2021,12:33:46,15,1,23.3,1.0,0.7,0.5,2,1,1.00,CYCLE,W
IND,208,6415,59485,27/09/2021,12:34:04,15,0,26.3,1.1,94.5,94.3,2,1,1.00,CYCLE,E
IND,208,6415,59486,27/09/2021,12:34:07,15,1,22.9,1.0,20.9,20.7,2,1,1.00,CYCLE,W
IND,208,6415,59486,27/09/2021,12:35:13,15,1,18.8,0.9,65.8,65.7,2,1,1.00,CYCLE,W
IND,208,6415,59486,27/09/2021,12:35:13,15,1,15.8,1.1,0.3,0.2,2,1,1.00,CYCLE,W
IND,208,6415,59486,27/09/2021,12:35:23,15,1,15.9,0.9,10.0,9.8,2,1,1.00,CYCLE,W
IND,208,6415,59486,27/09/2021,12:35:24,15,1,17.0,1.0,0.3,0.1,2,1,1.00,CYCLE,W
IND,208,6415,59486,27/09/2021,12:35:24,15,1,16.8,1.1,0.9,0.7,2,1,1.00,CYCLE,W
IND,208,6415,59486,27/09/2021,12:36:43,15,1,20.2,1.0,78.7,78.4,2,1,1.00,CYCLE,W
IND,208,6415,59486,27/09/2021,12:38:58,15,1,26.4,1.1,135.3,135.1,2,1,1.00,CYCLE,W
IND,208,6415,59486,27/09/2021,12:39:22,15,1,29.9,1.0,23.9,23.8,2,1,1.00,CYCLE,W
IND,208,6415,59486,27/09/2021,12:40:06,15,1,28.9,1.0,43.3,43.1,2,1,1.00,CYCLE,W
IND,208,6415,59485,27/09/2021,12:40:58,15,0,23.9,1.2,414.1,414.0,2,1,1.00,CYCLE,E
IND,208,6415,59486,27/09/2021,12:41:23,15,1,31.8,1.0,76.9,76.8,2,1,1.00,CYCLE,W
IND,208,6415,59486,27/09/2021,12:41:36,15,1,24.8,0.9,13.7,13.6,2,1,1.00,CYCLE,W
IND,208,6415,59486,27/09/2021,12:41:37,15,1,24.1,1.0,0.8,0.6,2,1,1.00,CYCLE,W
IND,208,6415,59485,27/09/2021,12:42:31,15,0,25.8,1.1,92.8,92.7,2,1,1.00,CYCLE,E
IND,208,6415,59486,27/09/2021,12:42:53,15,1,24.9,1.0,76.1,76.0,2,1,1.00,CYCLE,W
IND,208,6415,59485,27/09/2021,12:43:40,15,0,29.1,1.0,14.0,13.4,2,1,1.00,CYCLE,E
IND,208,6415,59485,27/09/2021,12:43:43,15,0,26.7,1.1,3.6,3.5,2,1,1.00,CYCLE,E
IND,208,6415,59485,27/09/2021,12:43:51,15,0,20.5,1.1,7.1,6.9,2,1,1.00,CYCLE,E
IND,208,6415,59486,27/09/2021,12:44:06,15,1,16.6,1.0,73.1,73.0,2,1,1.00,CYCLE,W
IND,208,6415,59486,27/09/2021,12:44:08,15,1,16.9,1.0,1.5,1.3,2,1,1.00,CYCLE,W
IND,208,6415,59485,27/09/2021,12:44:54,15,0,19.6,1.1,63.6,63.4,2,1,1.00,CYCLE,E
IND,208,6415,59486,27/09/2021,12:45:19,15,1,23.1,1.0,71.3,71.1,2,1,1.00,CYCLE,W
IND,208,6415,59485,27/09/2021,12:46:46,15,0,26.4,1.0,111.6,111.4,2,1,1.00,CYCLE,E
IND,208,6415,59485,27/09/2021,12:47:34,15,0,22.6,1.0,48.7,48.5,2,1,1.00,CYCLE,E
IND,208,6415,59486,27/09/2021,12:48:20,15,1,27.6,1.0,181.2,181.0,2,1,1.00,CYCLE,W
IND,208,6415,59486,27/09/2021,12:48:22,15,1,29.8,1.0,1.5,1.3,2,1,1.00,CYCLE,W
IND,208,6415,59486,27/09/2021,12:49:47,15,1,9.9,1.1,85.3,85.3,2,1,1.00,CYCLE,W
IND,208,6415,59486,27/09/2021,12:49:48,15,1,8.6,0.9,1.2,0.8,2,1,1.00,CYCLE,W
IND,208,6415,59485,27/09/2021,12:50:21,15,0,15.1,1.0,167.0,166.9,2,1,1.00,CYCLE,E
IND,208,6415,59485,27/09/2021,12:50:22,15,0,15.2,1.1,0.6,0.3,2,1,1.00,CYCLE,E
IND,208,6415,59486,27/09/2021,12:51:51,15,1,20.5,1.0,122.7,122.3,2,1,1.00,CYCLE,W
IND,208,6415,59486,27/09/2021,12:51:51,15,1,22.3,1.1,0.3,0.1,2,1,1.00,CYCLE,W
IND,208,6415,59486,27/09/2021,12:51:51,15,1,21.9,1.0,0.2,0.1,2,1,1.00,CYCLE,W
IND,208,6415,59485,27/09/2021,12:52:21,15,0,22.3,1.0,118.8,118.5,2,1,1.00,CYCLE,E
IND,208,6415,59486,27/09/2021,12:52:26,15,1,26.4,1.0,34.7,34.6,2,1,1.00,CYCLE,W
IND,208,6415,59485,27/09/2021,12:53:50,15,0,18.8,1.0,88.8,88.6,2,1,1.00,CYCLE,E
IND,208,6415,59486,27/09/2021,12:54:16,15,1,24.7,0.9,109.7,109.6,2,1,1.00,CYCLE,W
IND,208,6415,59485,27/09/2021,12:54:22,15,0,22.6,1.0,32.0,31.8,2,1,0.67,CYCLE,E
IND,208,6415,59486,27/09/2021,12:55:28,15,1,26.1,1.0,72.4,72.3,2,1,1.00,CYCLE,W
IND,208,6415,59486,27/09/2021,12:55:37,15,1,18.4,1.0,8.5,8.4,2,1,1.00,CYCLE,W
IND,208,6415,59486,27/09/2021,12:56:04,15,1,20.6,0.9,27.4,27.2,2,1,1.00,CYCLE,W
IND,208,6415,59486,27/09/2021,12:56:25,15,1,23.2,1.0,21.2,21.0,2,1,1.00,CYCLE,W
IND,208,6415,59485,27/09/2021,12:56:34,15,0,22.7,1.1,131.9,131.1,2,1,1.00,CYCLE,E
IND,208,6415,59486,27/09/2021,12:57:05,15,1,22.7,1.1,39.5,39.3,2,1,1.00,CYCLE,W
IND,208,6415,59485,27/09/2021,12:57:16,15,0,11.2,1.1,42.0,41.8,2,1,1.00,CYCLE,E
IND,208,6415,59485,27/09/2021,12:57:17,15,0,11.7,1.1,1.2,0.8,2,1,1.00,CYCLE,E
IND,208,6415,59485,27/09/2021,12:57:17,15,0,22.5,0.9,0.5,0.2,2,1,1.00,CYCLE,E
IND,208,6415,59485,27/09/2021,12:57:49,15,0,20.5,1.0,31.8,31.7,2,1,1.00,CYCLE,E
IND,208,6415,59485,27/09/2021,12:57:49,15,0,20.5,1.0,0.0,0.0,2,1,1.00,CYCLE,E
IND,208,6415,59486,27/09/2021,12:57:59,15,1,29.0,1.0,54.4,54.2,2,1,1.00,CYCLE,W
IND,208,6415,59486,27/09/2021,12:59:36,15,1,27.9,1.0,97.1,97.0,2,1,1.00,CYCLE,W
IND,208,6415,59486,27/09/2021,13:00:51,15,1,20.8,1.0,74.3,74.2,2,1,1.00,CYCLE,W
IND,208,6415,59486,27/09/2021,13:00:53,15,1,20.1,1.1,2.6,2.4,2,1,1.00,CYCLE,W
IND,208,6415,59486,27/09/2021,13:01:19,15,1,25.7,1.0,25.2,25.0,2,1,1.00,CYCLE,W
IND,208,6415,59486,27/09/2021,13:01:49,15,1,20.3,1.0,30.1,30.0,2,1,1.00,CYCLE,W
IND,208,6415,59486,27/09/2021,13:02:12,15,1,26.9,1.0,23.4,23.2,2,1,1.00,CYCLE,W
IND,208,6415,59485,27/09/2021,13:04:09,15,0,7.9,1.0,379.8,379.5,2,1,0.33,CYCLE,E
IND,208,6415,59485,27/09/2021,13:04:09,15,0,7.9,1.0,0.0,0.0,2,1,0.33,CYCLE,E
IND,208,6415,59486,27/09/2021,13:06:27,15,1,15.4,1.0,255.0,254.8,2,1,0.57,CYCLE,W
IND,208,6415,59486,27/09/2021,13:06:27,15,1,15.4,1.0,0.0,0.0,2,1,0.57,CYCLE,W
IND,208,6415,59486,27/09/2021,13:06:29,15,1,17.0,1.1,1.7,1.5,2,1,1.00,CYCLE,W
IND,208,6415,59486,27/09/2021,13:07:52,15,1,24.5,1.0,83.4,83.1,2,1,1.00,CYCLE,W
IND,208,6415,59485,27/09/2021,13:08:37,15,0,21.9,1.1,268.4,266.8,2,1,1.00,CYCLE,E
IND,208,6415,59485,27/09/2021,13:09:31,15,0,5.8,1.0,53.9,54.0,2,1,0.67,CYCLE,E
IND,208,6415,59486,27/09/2021,13:10:52,15,1,23.1,1.0,179.9,179.8,2,1,1.00,CYCLE,W
IND,208,6415,59486,27/09/2021,13:10:54,15,1,21.6,1.0,1.5,1.4,2,1,1.00,CYCLE,W
IND,208,6415,59486,27/09/2021,13:10:58,15,1,28.0,1.0,4.1,4.0,2,1,1.00,CYCLE,W
IND,208,6415,59486,27/09/2021,13:11:46,15,1,28.5,1.1,48.4,48.3,2,1,1.00,CYCLE,W
IND,208,6415,59486,27/09/2021,13:11:50,15,1,23.2,1.1,4.3,4.1,2,1,1.00,CYCLE,W
IND,208,6415,59485,27/09/2021,13:12:15,15,0,18.8,1.0,163.6,162.6,2,1,1.00,CYCLE,E
IND,208,6415,59485,27/09/2021,13:12:25,15,0,17.9,1.1,9.8,9.6,2,1,1.00,CYCLE,E
IND,208,6415,59486,27/09/2021,13:12:37,15,1,25.5,1.1,47.0,46.8,2,1,1.00,CYCLE,W
IND,208,6415,59486,27/09/2021,13:13:17,15,1,30.7,1.0,39.3,39.2,2,1,1.00,CYCLE,W
IND,208,6415,59486,27/09/2021,13:13:23,15,1,24.3,1.0,5.9,5.8,2,1,1.00,CYCLE,W
IND,208,6415,59486,27/09/2021,13:13:24,15,1,24.5,1.0,1.0,0.9,2,1,1.00,CYCLE,W
IND,208,6415,59486,27/09/2021,13:13:28,15,1,27.9,1.1,4.7,4.5,2,1,1.00,CYCLE,W
IND,208,6415,59485,27/09/2021,13:14:04,15,0,22.2,1.1,99.5,99.3,2,1,1.00,CYCLE,E
IND,208,6415,59485,27/09/2021,13:14:06,15,0,21.7,1.1,1.7,1.5,2,1,1.00,CYCLE,E
IND,208,6415,59486,27/09/2021,13:14:17,15,1,30.3,1.0,48.3,48.1,2,1,1.00,CYCLE,W
IND,208,6415,59485,27/09/2021,13:14:34,15,0,19.3,1.1,27.7,27.5,2,1,1.00,CYCLE,E
IND,208,6415,59485,27/09/2021,13:14:34,15,0,18.2,1.1,0.7,0.5,2,1,1.00,CYCLE,E
IND,208,6415,59485,27/09/2021,13:14:53,15,0,20.2,1.0,18.7,18.5,2,1,1.00,CYCLE,E
IND,208,6415,59486,27/09/2021,13:15:05,15,1,28.0,1.0,48.7,48.6,2,1,1.00,CYCLE,W
IND,208,6415,59486,27/09/2021,13:16:10,15,1,27.3,1.0,64.5,64.4,2,1,1.00,CYCLE,W
IND,208,6415,59486,27/09/2021,13:17:46,15,1,29.5,1.1,96.6,96.5,2,1,1.00,CYCLE,W
IND,208,6415,59485,27/09/2021,13:18:00,15,0,11.9,1.0,186.7,186.5,2,1,1.20,CYCLE,E
IND,208,6415,59485,27/09/2021,13:18:08,15,0,16.0,1.0,8.1,7.8,2,1,1.00,CYCLE,E
IND,208,6415,59485,27/09/2021,13:18:12,15,0,15.3,1.0,3.8,3.5,2,1,1.00,CYCLE,E
IND,208,6415,59485,27/09/2021,13:18:13,15,0,20.2,1.1,1.3,1.1,2,1,1.00,CYCLE,E
IND,208,6415,59485,27/09/2021,13:18:15,15,0,21.0,1.0,2.2,2.0,2,1,1.00,CYCLE,E
IND,208,6415,59485,27/09/2021,13:18:16,15,0,11.5,1.0,1.0,0.8,2,1,1.00,CYCLE,E
IND,208,6415,59485,27/09/2021,13:18:18,15,0,11.2,1.0,1.5,1.2,2,1,1.00,CYCLE,E
IND,208,6415,59485,27/09/2021,13:18:18,15,0,11.9,0.9,0.8,0.5,2,1,1.00,CYCLE,E
IND,208,6415,59485,27/09/2021,13:18:39,15,0,5.2,1.0,21.0,20.8,2,1,1.00,CYCLE,E
IND,208,6415,59485,27/09/2021,13:18:55,15,0,11.1,1.0,15.6,14.9,2,1,1.00,CYCLE,E
IND,208,6415,59485,27/09/2021,13:18:55,15,0,11.1,1.0,0.0,0.0,2,1,1.00,CYCLE,E
IND,208,6415,59486,27/09/2021,13:18:59,15,1,17.8,1.0,72.3,72.2,2,1,1.00,CYCLE,W
IND,208,6415,59486,27/09/2021,13:19:03,15,1,19.5,1.0,3.7,3.5,2,1,1.00,CYCLE,W
IND,208,6415,59486,27/09/2021,13:19:26,15,1,25.9,1.0,23.6,23.4,2,1,1.00,CYCLE,W
IND,208,6415,59486,27/09/2021,13:19:57,15,1,20.3,1.1,30.4,30.3,2,1,1.00,CYCLE,W
IND,208,6415,59486,27/09/2021,13:19:59,15,1,19.3,1.1,2.3,2.1,2,1,1.00,CYCLE,W
IND,208,6415,59485,27/09/2021,13:20:34,15,0,18.2,1.1,99.4,99.0,2,1,1.00,CYCLE,E
IND,208,6415,59485,27/09/2021,13:20:35,15,0,17.0,0.9,0.7,0.5,2,1,1.00,CYCLE,E
IND,208,6415,59486,27/09/2021,13:20:44,15,1,32.0,1.0,44.6,44.4,2,1,1.00,CYCLE,W
IND,208,6415,59486,27/09/2021,13:20:56,15,1,22.6,1.1,12.9,12.8,2,1,1.00,CYCLE,W
IND,208,6415,59486,27/09/2021,13:20:59,15,1,19.7,1.1,2.2,2.0,2,1,1.00,CYCLE,W
IND,208,6415,59486,27/09/2021,13:20:59,15,1,18.9,1.1,0.8,0.6,2,1,1.00,CYCLE,W
IND,208,6415,59486,27/09/2021,13:21:59,15,1,26.7,1.1,60.0,59.8,2,1,1.00,CYCLE,W
IND,208,6415,59485,27/09/2021,13:22:34,15,0,23.5,1.0,118.7,118.5,2,1,1.00,CYCLE,E
IND,208,6415,59486,27/09/2021,13:23:08,15,1,24.6,1.1,68.4,68.3,2,1,1.00,CYCLE,W
IND,208,6415,59486,27/09/2021,13:23:11,15,1,23.7,1.0,3.2,3.0,2,1,1.00,CYCLE,W
IND,208,6415,59486,27/09/2021,13:23:22,15,1,24.2,1.0,11.0,10.8,2,1,1.00,CYCLE,W
IND,208,6415,59486,27/09/2021,13:25:04,15,1,24.2,1.0,102.3,102.1,2,1,1.00,CYCLE,W
IND,208,6415,59485,27/09/2021,13:25:44,15,0,24.3,1.0,189.8,189.7,2,1,1.00,CYCLE,E
IND,208,6415,59486,27/09/2021,13:25:49,15,1,15.8,1.0,44.5,44.3,2,1,1.00,CYCLE,W
IND,208,6415,59486,27/09/2021,13:25:52,15,1,13.2,1.0,3.5,3.3,2,1,1.00,CYCLE,W
IND,208,6415,59485,27/09/2021,13:26:43,15,0,24.2,1.0,7.2,6.9,2,1,1.00,CYCLE,E
IND,208,6415,59485,27/09/2021,13:27:58,15,0,27.7,1.0,74.7,74.6,2,1,1.00,CYCLE,E
IND,208,6415,59486,27/09/2021,13:28:50,15,1,33.4,1.0,177.8,177.5,2,1,1.00,CYCLE,W
IND,208,6415,59485,27/09/2021,13:29:40,15,0,31.6,1.0,102.3,102.2,2,1,1.00,CYCLE,E
IND,208,6415,59485,27/09/2021,13:30:00,15,0,17.1,1.1,19.8,19.7,2,1,1.00,CYCLE,E
IND,208,6415,59485,27/09/2021,13:30:01,15,0,16.0,1.0,1.3,1.0,2,1,1.00,CYCLE,E
IND,208,6415,59485,27/09/2021,13:30:02,15,0,16.1,1.1,1.3,1.0,2,1,1.00,CYCLE,E
IND,208,6415,59485,27/09/2021,13:31:28,15,0,22.4,1.1,85.7,85.4,2,1,1.00,CYCLE,E
IND,208,6415,59486,27/09/2021,13:31:53,15,1,26.8,1.0,182.7,182.6,2,1,1.00,CYCLE,W
IND,208,6415,59485,27/09/2021,13:32:06,15,0,9.6,0.4,38.2,38.1,2,1,1.00,CYCLE,E
IND,208,6415,59485,27/09/2021,13:32:07,15,0,9.2,0.4,1.2,1.0,2,1,1.00,CYCLE,E
IND,208,6415,59486,27/09/2021,13:32:44,15,1,25.5,1.1,51.0,50.8,2,1,1.00,CYCLE,W
IND,208,6415,59486,27/09/2021,13:33:54,15,1,22.5,0.9,69.9,69.8,2,1,1.00,CYCLE,W
IND,208,6415,59485,27/09/2021,13:33:55,15,0,24.9,1.0,108.1,107.9,2,1,1.00,CYCLE,E
IND,208,6415,59485,27/09/2021,13:33:59,15,0,25.3,1.0,3.4,3.2,2,1,1.00,CYCLE,E
IND,208,6415,59486,27/09/2021,13:34:17,15,1,33.6,1.0,23.2,23.1,2,1,1.00,CYCLE,W
IND,208,6415,59485,27/09/2021,13:34:46,15,0,20.6,1.0,46.9,46.9,2,1,0.80,CYCLE,E
IND,208,6415,59486,27/09/2021,13:34:56,15,1,23.2,1.0,39.5,39.4,2,1,1.00,CYCLE,W
IND,208,6415,59486,27/09/2021,13:34:57,15,1,22.0,1.1,0.9,0.7,2,1,1.00,CYCLE,W
IND,208,6415,59486,27/09/2021,13:34:58,15,1,22.4,1.0,0.5,0.3,2,1,1.00,CYCLE,W
IND,208,6415,59486,27/09/2021,13:34:59,15,1,22.8,1.0,0.9,0.8,2,1,1.00,CYCLE,W
IND,208,6415,59485,27/09/2021,13:35:27,15,0,22.3,1.2,41.4,41.0,2,1,1.00,CYCLE,E
IND,208,6415,59485,27/09/2021,13:35:29,15,0,18.9,1.1,1.5,1.3,2,1,1.00,CYCLE,E
IND,208,6415,59485,27/09/2021,13:35:30,15,0,17.8,1.1,1.3,1.1,2,1,1.00,CYCLE,E
IND,208,6415,59485,27/09/2021,13:35:31,15,0,18.5,1.1,1.3,1.0,2,1,1.00,CYCLE,E
IND,208,6415,59485,27/09/2021,13:35:38,15,0,21.3,1.1,6.6,6.4,2,1,1.00,CYCLE,E
IND,208,6415,59485,27/09/2021,13:36:05,15,0,21.6,1.0,27.4,27.2,2,1,1.00,CYCLE,E
IND,208,6415,59486,27/09/2021,13:36:33,15,1,22.2,1.0,94.4,94.3,2,1,1.00,CYCLE,W
IND,208,6415,59486,27/09/2021,13:36:35,15,1,23.3,1.1,2.4,2.2,2,1,1.00,CYCLE,W
IND,208,6415,59485,27/09/2021,13:36:45,15,0,24.6,1.0,39.9,39.7,2,1,1.00,CYCLE,E
IND,208,6415,59485,27/09/2021,13:37:58,15,0,21.3,1.1,73.3,73.1,2,1,1.00,CYCLE,E
IND,208,6415,59486,27/09/2021,13:38:08,15,1,27.2,1.0,92.2,92.1,2,1,1.00,CYCLE,W
IND,208,6415,59486,27/09/2021,13:38:08,15,1,29.7,1.1,0.5,0.3,2,1,1.00,CYCLE,W
IND,208,6415,59485,27/09/2021,13:40:44,15,0,22.6,1.1,166.1,165.9,2,1,1.00,CYCLE,E
IND,208,6415,59485,27/09/2021,13:41:20,15,0,16.6,1.1,36.0,35.8,2,1,1.00,CYCLE,E
IND,208,6415,59485,27/09/2021,13:41:55,15,0,20.0,1.0,35.1,34.8,2,1,1.00,CYCLE,E
IND,208,6415,59485,27/09/2021,13:42:10,15,0,15.1,1.1,14.7,14.5,2,1,1.00,CYCLE,E
IND,208,6415,59485,27/09/2021,13:42:53,15,0,13.6,1.0,42.5,42.2,2,1,1.00,CYCLE,E
IND,208,6415,59485,27/09/2021,13:43:31,15,0,3.3,1.0,38.8,39.0,2,1,0.50,CYCLE,E
IND,208,6415,59485,27/09/2021,13:44:24,15,0,28.2,1.0,52.3,49.5,2,1,1.00,CYCLE,E
IND,208,6415,59486,27/09/2021,13:44:44,15,1,18.9,1.0,396.3,396.2,2,1,1.00,CYCLE,W
IND,208,6415,59486,27/09/2021,13:45:31,15,1,6.6,1.0,47.1,47.0,2,1,0.29,CYCLE,W
IND,208,6415,59485,27/09/2021,13:45:59,15,0,24.1,1.0,95.5,95.4,2,1,1.00,CYCLE,E
IND,208,6415,59485,27/09/2021,13:45:59,15,0,24.1,1.0,0.0,0.0,2,1,1.00,CYCLE,E
IND,208,6415,59486,27/09/2021,13:46:26,15,1,16.2,1.0,54.2,53.4,2,1,1.00,CYCLE,W
IND,208,6415,59486,27/09/2021,13:46:28,15,1,24.5,1.2,2.2,2.0,2,1,1.00,CYCLE,W
IND,208,6415,59486,27/09/2021,13:46:42,15,1,22.6,1.1,13.8,13.6,2,1,1.00,CYCLE,W
IND,208,6415,59486,27/09/2021,13:46:43,15,1,21.9,1.0,1.2,1.0,2,1,1.00,CYCLE,W
IND,208,6415,59486,27/09/2021,13:46:53,15,1,24.7,1.1,9.8,9.7,2,1,1.00,CYCLE,W
IND,208,6415,59485,27/09/2021,13:47:37,15,0,20.7,1.1,6.4,5.8,2,1,1.00,CYCLE,E
IND,208,6415,59485,27/09/2021,13:48:03,15,0,35.3,1.0,26.4,26.2,2,1,1.00,CYCLE,E
IND,208,6415,59486,27/09/2021,13:48:24,15,1,22.3,1.0,91.2,91.1,2,1,1.00,CYCLE,W
IND,208,6415,59486,27/09/2021,13:48:45,15,1,26.3,1.0,21.3,21.2,2,1,1.00,CYCLE,W
IND,208,6415,59485,27/09/2021,13:49:10,15,0,27.4,1.1,66.7,66.6,2,1,1.00,CYCLE,E
IND,208,6415,59485,27/09/2021,13:49:14,15,0,17.0,1.1,4.1,4.0,2,1,1.00,CYCLE,E
IND,208,6415,59485,27/09/2021,13:49:15,15,0,17.8,1.1,1.0,0.8,2,1,1.00,CYCLE,E
IND,208,6415,59486,27/09/2021,13:49:56,15,1,24.0,1.0,70.8,70.6,2,1,1.00,CYCLE,W
IND,208,6415,59486,27/09/2021,13:49:57,15,1,23.9,1.1,0.9,0.8,2,1,1.00,CYCLE,W
IND,208,6415,59485,27/09/2021,13:50:09,15,0,20.9,1.0,54.1,53.9,2,1,1.00,CYCLE,E
IND,208,6415,59486,27/09/2021,13:50:28,15,1,17.5,1.0,30.8,30.7,2,1,1.00,CYCLE,W
IND,208,6415,59485,27/09/2021,13:50:52,15,0,26.7,1.0,42.9,42.7,2,1,1.00,CYCLE,E
IND,208,6415,59486,27/09/2021,13:51:04,15,1,26.4,1.1,36.1,35.9,2,1,1.00,CYCLE,W
IND,208,6415,59486,27/09/2021,13:52:04,15,1,29.0,1.1,60.2,60.0,2,1,1.00,CYCLE,W
IND,208,6415,59486,27/09/2021,13:52:04,15,1,27.5,1.0,0.3,0.2,2,1,1.00,CYCLE,W
IND,208,6415,59485,27/09/2021,13:52:27,15,0,9.8,0.8,94.8,94.7,2,1,1.00,CYCLE,E
IND,208,6415,59485,27/09/2021,13:52:28,15,0,10.6,1.0,0.7,0.4,2,1,1.00,CYCLE,E
IND,208,6415,59486,27/09/2021,13:53:31,15,1,30.3,1.0,86.5,86.3,2,1,1.00,CYCLE,W
IND,208,6415,59485,27/09/2021,13:54:51,15,0,20.3,1.1,143.7,143.4,2,1,1.00,CYCLE,E
IND,208,6415,59486,27/09/2021,13:56:26,15,1,27.7,0.8,175.1,175.0,2,1,1.00,CYCLE,W
IND,208,6415,59485,27/09/2021,13:57:06,15,0,17.7,1.0,134.9,134.7,2,1,1.00,CYCLE,E
IND,208,6415,59485,27/09/2021,13:57:07,15,0,18.8,1.1,0.9,0.7,2,1,1.00,CYCLE,E
IND,208,6415,59486,27/09/2021,13:57:42,15,1,27.4,1.0,76.6,76.5,2,1,1.00,CYCLE,W
IND,208,6415,59486,27/09/2021,13:57:47,15,1,25.2,1.0,4.3,4.2,2,1,1.00,CYCLE,W
IND,208,6415,59486,27/09/2021,13:57:48,15,1,24.1,1.1,1.5,1.4,2,1,1.00,CYCLE,W
IND,208,6415,59485,27/09/2021,13:58:13,15,0,24.5,1.0,66.2,66.0,2,1,1.00,CYCLE,E
IND,208,6415,59485,27/09/2021,13:58:29,15,0,20.5,1.1,15.9,15.7,2,1,1.00,CYCLE,E
IND,208,6415,59486,27/09/2021,13:58:34,15,1,27.1,1.0,46.1,45.9,2,1,1.00,CYCLE,W
IND,208,6415,59485,27/09/2021,13:59:28,15,0,23.7,1.1,59.0,58.8,2,1,1.00,CYCLE,E
IND,208,6415,59485,27/09/2021,13:59:35,15,0,4.6,0.4,6.4,6.2,2,1,0.80,CYCLE,E
IND,208,6415,59486,27/09/2021,13:59:56,15,1,21.1,1.0,81.2,81.1,2,1,1.00,CYCLE,W
IND,208,6415,59486,27/09/2021,13:59:56,15,1,21.7,1.0,0.8,0.6,2,1,1.00,CYCLE,W
IND,208,6415,59485,27/09/2021,14:00:22,15,0,27.5,1.0,47.1,46.8,2,1,1.00,CYCLE,E
IND,208,6415,59486,27/09/2021,14:01:07,15,1,25.4,1.0,70.7,70.5,2,1,1.00,CYCLE,W
IND,208,6415,59486,27/09/2021,14:01:09,15,1,24.1,1.0,2.4,2.3,2,1,1.00,CYCLE,W
IND,208,6415,59485,27/09/2021,14:03:25,15,0,19.5,1.0,183.7,183.5,2,1,1.00,CYCLE,E
IND,208,6415,59486,27/09/2021,14:03:30,15,1,26.7,1.0,140.4,140.2,2,1,1.00,CYCLE,W
IND,208,6415,59486,27/09/2021,14:04:36,15,1,24.3,1.0,66.4,66.2,2,1,1.00,CYCLE,W
IND,208,6415,59486,27/09/2021,14:05:17,15,1,17.7,1.0,40.8,40.6,2,1,1.00,CYCLE,W
IND,208,6415,59485,27/09/2021,14:05:20,15,0,20.5,1.0,114.6,114.4,2,1,1.00,CYCLE,E
IND,208,6415,59486,27/09/2021,14:05:47,15,1,27.6,1.0,30.4,30.2,2,1,1.00,CYCLE,W
IND,208,6415,59485,27/09/2021,14:05:54,15,0,20.0,1.1,34.0,33.8,2,1,1.00,CYCLE,E
IND,208,6415,59485,27/09/2021,14:05:55,15,0,25.2,1.0,1.3,1.1,2,1,1.00,CYCLE,E
IND,208,6415,59485,27/09/2021,14:06:42,15,0,22.4,1.1,45.5,45.3,2,1,1.00,CYCLE,E
IND,208,6415,59485,27/09/2021,14:06:44,15,0,22.6,1.1,2.0,1.8,2,1,1.00,CYCLE,E
IND,208,6415,59485,27/09/2021,14:06:54,15,0,17.6,1.1,10.1,9.9,2,1,1.00,CYCLE,E
IND,208,6415,59485,27/09/2021,14:08:51,15,0,28.7,1.1,117.2,117.0,2,1,1.00,CYCLE,E
IND,208,6415,59486,27/09/2021,14:09:13,15,1,3.9,0.5,205.3,205.5,2,1,0.80,CYCLE,W
IND,208,6415,59485,27/09/2021,14:09:27,15,0,18.1,1.1,35.7,35.5,2,1,1.00,CYCLE,E
IND,208,6415,59485,27/09/2021,14:10:39,15,0,14.7,1.1,72.3,72.1,2,1,1.00,CYCLE,E
IND,208,6415,59485,27/09/2021,14:10:41,15,0,14.5,1.1,1.8,1.5,2,1,1.00,CYCLE,E
IND,208,6415,59485,27/09/2021,14:10:42,15,0,14.6,1.0,1.2,0.9,2,1,1.00,CYCLE,E
IND,208,6415,59485,27/09/2021,14:11:06,15,0,16.9,1.0,23.9,23.6,2,1,1.00,CYCLE,E
IND,208,6415,59486,27/09/2021,14:11:52,15,1,27.3,1.0,158.9,158.5,2,1,1.00,CYCLE,W
IND,208,6415,59486,27/09/2021,14:11:57,15,1,22.5,1.0,5.2,5.1,2,1,1.00,CYCLE,W
IND,208,6415,59486,27/09/2021,14:12:32,15,1,28.3,1.1,35.2,35.0,2,1,1.00,CYCLE,W
IND,208,6415,59485,27/09/2021,14:12:53,15,0,20.8,1.0,106.4,106.2,2,1,1.00,CYCLE,E
IND,208,6415,59485,27/09/2021,14:13:33,15,0,18.5,1.1,40.7,40.5,2,1,1.00,CYCLE,E
IND,208,6415,59486,27/09/2021,14:14:16,15,1,25.1,1.0,104.4,104.2,2,1,1.00,CYCLE,W
IND,208,6415,59486,27/09/2021,14:14:40,15,1,27.1,1.0,23.4,23.2,2,1,1.00,CYCLE,W
IND,208,6415,59486,27/09/2021,14:14:43,15,1,25.4,1.1,3.0,2.9,2,1,1.00,CYCLE,W
IND,208,6415,59486,27/09/2021,14:14:48,15,1,25.6,1.1,5.4,5.2,2,1,1.00,CYCLE,W
IND,208,6415,59486,27/09/2021,14:15:08,15,1,19.6,1.0,19.6,19.5,2,1,1.00,CYCLE,W
IND,208,6415,59486,27/09/2021,14:15:22,15,1,25.6,1.0,14.3,14.1,2,1,0.86,CYCLE,W
IND,208,6415,59486,27/09/2021,14:15:37,15,1,29.6,1.1,15.4,15.2,2,1,1.00,CYCLE,W
IND,208,6415,59485,27/09/2021,14:16:16,15,0,24.5,1.0,163.3,163.0,2,1,1.00,CYCLE,E
IND,208,6415,59485,27/09/2021,14:16:20,15,0,4.7,1.0,3.9,4.0,2,1,0.67,CYCLE,E
IND,208,6415,59485,27/09/2021,14:17:16,15,0,19.5,1.1,56.2,54.8,2,1,1.00,CYCLE,E
IND,208,6415,59485,27/09/2021,14:17:17,15,0,18.6,1.0,0.4,0.2,2,1,1.00,CYCLE,E
IND,208,6415,59486,27/09/2021,14:18:00,15,1,21.7,1.1,143.0,142.8,2,1,1.00,CYCLE,W
IND,208,6415,59486,27/09/2021,14:18:03,15,1,23.4,1.1,3.1,2.9,2,1,1.00,CYCLE,W
IND,208,6415,59486,27/09/2021,14:18:42,15,1,25.4,1.1,38.8,38.6,2,1,1.00,CYCLE,W
IND,208,6415,59486,27/09/2021,14:18:59,15,1,24.4,1.0,17.0,16.9,2,1,1.00,CYCLE,W
IND,208,6415,59486,27/09/2021,14:19:06,15,1,19.0,0.8,6.6,6.5,2,1,1.00,CYCLE,W
IND,208,6415,59486,27/09/2021,14:19:20,15,1,23.8,1.0,13.9,13.8,2,1,1.00,CYCLE,W
IND,208,6415,59486,27/09/2021,14:19:20,15,1,23.8,1.0,0.0,0.0,2,1,1.00,CYCLE,W
IND,208,6415,59485,27/09/2021,14:19:38,15,0,24.1,1.1,141.5,141.3,2,1,1.00,CYCLE,E
IND,208,6415,59486,27/09/2021,14:19:48,15,1,25.2,1.0,28.3,27.9,2,1,1.00,CYCLE,W
IND,208,6415,59485,27/09/2021,14:20:04,15,0,27.4,1.0,26.0,25.9,2,1,1.00,CYCLE,E
IND,208,6415,59485,27/09/2021,14:21:03,15,0,16.8,1.0,58.2,58.1,2,1,1.00,CYCLE,E
IND,208,6415,59485,27/09/2021,14:21:03,15,0,16.8,1.0,0.0,0.0,2,1,1.00,CYCLE,E
IND,208,6415,59485,27/09/2021,14:21:13,15,0,23.4,1.0,10.2,9.9,2,1,1.00,CYCLE,E
IND,208,6415,59485,27/09/2021,14:21:45,15,0,28.8,1.1,32.0,31.8,2,1,1.00,CYCLE,E
IND,208,6415,59486,27/09/2021,14:22:45,15,1,25.0,1.0,176.9,176.8,2,1,1.00,CYCLE,W
IND,208,6415,59486,27/09/2021,14:22:47,15,1,24.1,1.0,2.3,2.2,2,1,1.00,CYCLE,W
IND,208,6415,59486,27/09/2021,14:23:31,15,1,22.8,1.0,43.3,43.1,2,1,1.00,CYCLE,W
IND,208,6415,59486,27/09/2021,14:23:33,15,1,22.4,1.0,2.6,2.4,2,1,1.00,CYCLE,W
IND,208,6415,59485,27/09/2021,14:23:38,15,0,27.3,1.0,112.9,112.8,2,1,1.00,CYCLE,E
IND,208,6415,59485,27/09/2021,14:23:43,15,0,18.0,1.1,5.8,5.6,2,1,1.00,CYCLE,E
IND,208,6415,59485,27/09/2021,14:23:44,15,0,19.7,1.1,0.9,0.6,2,1,1.00,CYCLE,E
IND,208,6415,59486,27/09/2021,14:24:10,15,1,20.7,1.0,37.0,36.8,2,1,1.00,CYCLE,W
IND,208,6415,59485,27/09/2021,14:24:26,15,0,22.5,1.0,15.5,14.7,2,1,1.00,CYCLE,E
IND,208,6415,59486,27/09/2021,14:24:53,15,1,26.2,1.1,43.1,42.9,2,1,1.00,CYCLE,W
IND,208,6415,59486,27/09/2021,14:24:54,15,1,25.9,1.1,0.6,0.4,2,1,1.00,CYCLE,W
IND,208,6415,59485,27/09/2021,14:24:57,15,0,20.1,1.0,30.6,30.5,2,1,1.00,CYCLE,E
IND,208,6415,59485,27/09/2021,14:24:59,15,0,20.2,1.1,2.5,2.3,2,1,1.00,CYCLE,E
IND,208,6415,59486,27/09/2021,14:25:10,15,1,18.1,1.0,16.2,16.1,2,1,1.00,CYCLE,W
IND,208,6415,59486,27/09/2021,14:25:43,15,1,25.4,1.1,32.6,32.4,2,1,1.00,CYCLE,W
IND,208,6415,59486,27/09/2021,14:25:43,15,1,26.0,1.1,0.5,0.3,2,1,1.00,CYCLE,W
IND,208,6415,59486,27/09/2021,14:25:54,15,1,21.2,1.1,10.8,10.6,2,1,1.00,CYCLE,W
IND,208,6415,59486,27/09/2021,14:26:42,15,1,24.3,0.9,48.5,48.3,2,1,1.00,CYCLE,W
IND,208,6415,59485,27/09/2021,14:27:11,15,0,22.2,1.0,132.2,132.0,2,1,1.00,CYCLE,E
IND,208,6415,59486,27/09/2021,14:30:30,15,1,19.2,1.0,227.5,227.4,2,1,1.00,CYCLE,W
IND,208,6415,59485,27/09/2021,14:31:29,15,0,14.8,1.1,257.7,257.5,2,1,1.00,CYCLE,E
IND,208,6415,59486,27/09/2021,14:32:33,15,1,24.1,1.1,122.8,122.6,2,1,1.00,CYCLE,W
IND,208,6415,59485,27/09/2021,14:33:06,15,0,18.2,1.1,97.6,97.3,2,1,1.00,CYCLE,E
IND,208,6415,59485,27/09/2021,14:34:24,15,0,26.3,1.1,77.6,77.4,2,1,1.00,CYCLE,E
IND,208,6415,59485,27/09/2021,14:35:17,15,0,29.1,1.1,53.0,52.9,2,1,1.00,CYCLE,E
IND,208,6415,59486,27/09/2021,14:35:46,15,1,17.2,1.1,193.3,193.1,2,1,1.00,CYCLE,W
IND,208,6415,59486,27/09/2021,14:35:58,15,1,23.0,1.0,12.3,12.0,2,1,1.00,CYCLE,W
IND,208,6415,59486,27/09/2021,14:36:05,15,1,23.3,1.1,6.7,6.5,2,1,1.00,CYCLE,W
IND,208,6415,59485,27/09/2021,14:36:05,15,0,21.1,1.0,48.4,48.2,2,1,1.00,CYCLE,E
IND,208,6415,59485,27/09/2021,14:36:45,15,0,16.2,1.1,39.1,39.0,2,1,1.00,CYCLE,E
IND,208,6415,59485,27/09/2021,14:36:47,15,0,15.8,1.0,2.6,2.4,2,1,1.00,CYCLE,E
IND,208,6415,59485,27/09/2021,14:36:50,15,0,16.9,1.0,2.5,2.2,2,1,1.00,CYCLE,E
IND,208,6415,59486,27/09/2021,14:36:55,15,1,23.7,1.1,49.8,49.6,2,1,1.00,CYCLE,W
IND,208,6415,59485,27/09/2021,14:37:15,15,0,21.2,1.1,25.0,24.8,2,1,1.00,CYCLE,E
IND,208,6415,59486,27/09/2021,14:38:56,15,1,4.9,1.0,67.7,67.2,2,1,1.00,CYCLE,W
IND,208,6415,59485,27/09/2021,14:39:11,15,0,13.9,1.1,116.2,116.1,2,1,1.00,CYCLE,E
IND,208,6415,59485,27/09/2021,14:39:12,15,0,14.4,1.1,1.1,0.8,2,1,1.00,CYCLE,E
IND,208,6415,59485,27/09/2021,14:39:51,15,0,23.0,1.0,39.5,39.2,2,1,1.00,CYCLE,E
IND,208,6415,59486,27/09/2021,14:40:03,15,1,21.3,1.1,57.8,57.6,2,1,1.00,CYCLE,W
IND,208,6415,59486,27/09/2021,14:40:04,15,1,20.2,0.9,1.3,1.1,2,1,1.00,CYCLE,W
IND,208,6415,59486,27/09/2021,14:40:17,15,1,23.8,1.1,13.5,13.3,2,1,1.00,CYCLE,W
IND,208,6415,59486,27/09/2021,14:40:20,15,1,22.3,1.1,2.5,2.3,2,1,1.00,CYCLE,W
IND,208,6415,59486,27/09/2021,14:40:21,15,1,23.1,1.0,0.6,0.5,2,1,1.00,CYCLE,W
IND,208,6415,59486,27/09/2021,14:40:22,15,1,19.7,1.1,1.4,1.3,2,1,1.00,CYCLE,W
IND,208,6415,59485,27/09/2021,14:40:57,15,0,22.5,1.0,66.0,65.8,2,1,1.00,CYCLE,E
IND,208,6415,59485,27/09/2021,14:41:09,15,0,27.3,0.9,11.2,11.0,2,1,1.00,CYCLE,E
IND,208,6415,59486,27/09/2021,14:42:17,15,1,30.1,1.1,115.4,115.1,2,1,1.00,CYCLE,W
IND,208,6415,59486,27/09/2021,14:42:29,15,1,18.9,0.8,11.4,11.3,2,1,1.00,CYCLE,W
IND,208,6415,59486,27/09/2021,14:42:29,15,1,19.2,1.0,0.6,0.5,2,1,1.00,CYCLE,W
IND,208,6415,59486,27/09/2021,14:42:33,15,1,24.0,1.0,3.9,3.7,2,1,1.00,CYCLE,W
IND,208,6415,59485,27/09/2021,14:43:19,15,0,21.5,1.0,130.1,130.0,2,1,1.00,CYCLE,E
IND,208,6415,59486,27/09/2021,14:43:41,15,1,4.8,1.0,67.3,67.4,2,1,0.57,CYCLE,W
IND,208,6415,59485,27/09/2021,14:43:46,15,0,23.1,1.1,27.3,27.2,2,1,1.00,CYCLE,E
IND,208,6415,59486,27/09/2021,14:45:32,15,1,18.5,1.1,111.3,110.2,2,1,1.00,CYCLE,W
IND,208,6415,59486,27/09/2021,14:45:59,15,1,25.9,1.0,26.9,26.6,2,1,1.00,CYCLE,W
IND,208,6415,59485,27/09/2021,14:46:03,15,0,19.8,1.0,137.2,137.0,2,1,1.00,CYCLE,E
IND,208,6415,59486,27/09/2021,14:46:25,15,1,21.6,1.0,26.6,26.5,2,1,1.00,CYCLE,W
IND,208,6415,59486,27/09/2021,14:46:27,15,1,22.5,1.0,1.3,1.1,2,1,1.00,CYCLE,W
IND,208,6415,59486,27/09/2021,14:46:28,15,1,23.3,1.0,1.7,1.5,2,1,1.00,CYCLE,W
IND,208,6415,59485,27/09/2021,14:46:49,15,0,18.1,1.1,45.4,45.2,2,1,1.00,CYCLE,E
IND,208,6415,59485,27/09/2021,14:46:59,15,0,21.4,1.0,10.0,9.8,2,1,1.00,CYCLE,E
IND,208,6415,59485,27/09/2021,14:47:29,15,0,28.2,1.1,30.2,30.0,2,1,1.00,CYCLE,E
IND,208,6415,59486,27/09/2021,14:48:15,15,1,15.1,1.0,106.9,106.8,2,1,1.00,CYCLE,W
IND,208,6415,59486,27/09/2021,14:48:17,15,1,21.5,1.0,1.9,1.6,2,1,1.00,CYCLE,W
IND,208,6415,59486,27/09/2021,14:48:21,15,1,23.0,1.0,3.5,3.3,2,1,1.00,CYCLE,W
IND,208,6415,59486,27/09/2021,14:48:21,15,1,23.0,1.0,0.0,0.0,2,1,1.00,CYCLE,W
IND,208,6415,59486,27/09/2021,14:48:27,15,1,23.8,1.0,6.2,6.0,2,1,1.00,CYCLE,W
IND,208,6415,59485,27/09/2021,14:48:40,15,0,28.1,1.0,71.0,70.9,2,1,1.00,CYCLE,E
IND,208,6415,59486,27/09/2021,14:48:44,15,1,22.6,1.0,17.4,17.3,2,1,1.00,CYCLE,W
IND,208,6415,59485,27/09/2021,14:49:11,15,0,17.2,1.0,31.3,31.2,2,1,1.00,CYCLE,E
IND,208,6415,59485,27/09/2021,14:50:39,15,0,13.3,1.1,87.6,87.4,2,1,1.00,CYCLE,E
IND,208,6415,59485,27/09/2021,14:50:44,15,0,22.5,1.1,5.1,4.8,2,1,1.00,CYCLE,E
IND,208,6415,59486,27/09/2021,14:50:51,15,1,22.7,1.1,126.3,126.2,2,1,1.00,CYCLE,W
IND,208,6415,59486,27/09/2021,14:50:51,15,1,24.0,1.0,0.8,0.6,2,1,1.00,CYCLE,W
IND,208,6415,59486,27/09/2021,14:50:57,15,1,25.2,1.1,6.0,5.8,2,1,1.00,CYCLE,W
IND,208,6415,59486,27/09/2021,14:50:58,15,1,26.6,1.0,0.4,0.3,2,1,1.00,CYCLE,W
IND,208,6415,59486,27/09/2021,14:50:58,15,1,26.9,1.1,0.5,0.3,2,1,1.00,CYCLE,W
IND,208,6415,59485,27/09/2021,14:51:53,15,0,17.3,1.0,69.1,69.0,2,1,1.00,CYCLE,E
IND,208,6415,59486,27/09/2021,14:53:41,15,1,27.2,1.0,162.4,162.3,2,1,1.00,CYCLE,W
IND,208,6415,59486,27/09/2021,14:53:46,15,1,22.1,1.0,5.4,5.3,2,1,1.00,CYCLE,W
IND,208,6415,59485,27/09/2021,14:54:58,15,0,13.9,1.0,22.0,21.8,2,1,1.00,CYCLE,E
IND,208,6415,59486,27/09/2021,14:55:03,15,1,25.5,1.0,77.5,77.3,2,1,1.00,CYCLE,W
IND,208,6415,59486,27/09/2021,14:55:04,15,1,27.8,1.0,0.8,0.7,2,1,1.00,CYCLE,W
IND,208,6415,59486,27/09/2021,14:55:05,15,1,27.0,1.2,0.6,0.5,2,1,1.00,CYCLE,W
IND,208,6415,59486,27/09/2021,14:55:07,15,1,20.1,1.0,2.3,2.2,2,1,1.00,CYCLE,W
IND,208,6415,59486,27/09/2021,14:56:09,15,1,25.4,1.1,61.5,61.3,2,1,1.00,CYCLE,W
IND,208,6415,59485,27/09/2021,14:56:21,15,0,25.8,1.1,83.0,82.7,2,1,1.00,CYCLE,E
IND,208,6415,59485,27/09/2021,14:56:50,15,0,16.1,1.1,28.4,28.3,2,1,1.00,CYCLE,E
IND,208,6415,59485,27/09/2021,14:56:50,15,0,15.5,1.1,0.7,0.4,2,1,1.00,CYCLE,E
IND,208,6415,59485,27/09/2021,14:56:51,15,0,16.6,1.0,0.7,0.4,2,1,1.00,CYCLE,E
IND,208,6415,59485,27/09/2021,14:56:52,15,0,17.5,1.0,1.1,0.9,2,1,1.00,CYCLE,E
IND,208,6415,59485,27/09/2021,14:57:06,15,0,21.0,1.0,13.9,13.7,2,1,1.00,CYCLE,E
IND,208,6415,59486,27/09/2021,14:57:58,15,1,23.0,1.1,109.2,109.0,2,1,1.00,CYCLE,W
IND,208,6415,59485,27/09/2021,14:58:05,15,0,18.4,1.0,59.2,59.0,2,1,1.00,CYCLE,E
IND,208,6415,59485,27/09/2021,14:58:05,15,0,18.4,1.0,0.0,0.0,2,1,1.00,CYCLE,E
IND,208,6415,59485,27/09/2021,14:58:06,15,0,17.5,1.0,0.9,0.6,2,1,1.00,CYCLE,E
IND,208,6415,59485,27/09/2021,14:58:31,15,0,20.5,1.0,24.3,24.1,2,1,1.00,CYCLE,E
IND,208,6415,59486,27/09/2021,14:59:58,15,1,18.3,1.1,120.1,120.0,2,1,1.00,CYCLE,W
IND,208,6415,59486,27/09/2021,15:01:02,15,1,27.4,1.1,63.8,63.5,2,1,1.00,CYCLE,W
IND,208,6415,59486,27/09/2021,15:01:06,15,1,22.9,1.1,4.4,4.2,2,1,1.00,CYCLE,W
IND,208,6415,59486,27/09/2021,15:01:10,15,1,28.3,1.0,3.8,3.6,2,1,1.00,CYCLE,W
IND,208,6415,59486,27/09/2021,15:01:14,15,1,28.2,1.0,3.8,3.7,2,1,1.00,CYCLE,W
IND,208,6415,59485,27/09/2021,15:01:15,15,0,16.5,1.1,164.7,164.5,2,1,1.00,CYCLE,E
IND,208,6415,59485,27/09/2021,15:01:20,15,0,11.8,1.0,4.4,4.2,2,1,1.00,CYCLE,E
IND,208,6415,59485,27/09/2021,15:01:26,15,0,16.1,1.1,5.8,5.5,2,1,1.00,CYCLE,E
IND,208,6415,59485,27/09/2021,15:01:27,15,0,15.8,1.0,1.5,1.3,2,1,1.00,CYCLE,E
IND,208,6415,59486,27/09/2021,15:01:44,15,1,29.9,1.0,29.9,29.8,2,1,1.00,CYCLE,W
IND,208,6415,59485,27/09/2021,15:04:17,15,0,13.2,1.1,169.5,169.2,2,1,1.00,CYCLE,E
IND,208,6415,59486,27/09/2021,15:05:42,15,1,24.0,1.1,238.8,238.7,2,1,1.00,CYCLE,W
IND,208,6415,59485,27/09/2021,15:06:12,15,0,14.5,1.0,115.7,115.4,2,1,1.00,CYCLE,E
IND,208,6415,59485,27/09/2021,15:06:50,15,0,24.6,1.1,37.3,37.1,2,1,1.00,CYCLE,E
IND,208,6415,59485,27/09/2021,15:07:01,15,0,26.8,1.1,10.9,10.8,2,1,1.00,CYCLE,E
IND,208,6415,59486,27/09/2021,15:07:30,15,1,27.8,1.0,107.5,107.4,2,1,1.00,CYCLE,W
IND,208,6415,59486,27/09/2021,15:07:33,15,1,22.6,1.1,3.0,2.9,2,1,1.00,CYCLE,W
IND,208,6415,59486,27/09/2021,15:07:35,15,1,23.9,1.1,2.1,1.9,2,1,1.00,CYCLE,W
IND,208,6415,59485,27/09/2021,15:07:46,15,0,28.0,1.0,45.7,45.5,2,1,1.00,CYCLE,E
IND,208,6415,59485,27/09/2021,15:07:59,15,0,13.4,1.1,6.1,6.1,2,1,1.00,CYCLE,E
IND,208,6415,59486,27/09/2021,15:08:17,15,1,30.1,1.0,42.2,42.1,2,1,1.00,CYCLE,W
IND,208,6415,59486,27/09/2021,15:09:24,15,1,25.0,0.9,66.7,66.6,2,1,1.00,CYCLE,W
IND,208,6415,59485,27/09/2021,15:09:40,15,0,16.9,1.1,100.6,100.3,2,1,1.00,CYCLE,E
IND,208,6415,59486,27/09/2021,15:10:49,15,1,26.2,1.0,84.9,84.7,2,1,1.00,CYCLE,W
IND,208,6415,59486,27/09/2021,15:11:11,15,1,28.1,1.1,22.3,22.1,2,1,1.00,CYCLE,W
IND,208,6415,59486,27/09/2021,15:11:20,15,1,22.4,1.1,8.8,8.6,2,1,1.00,CYCLE,W
IND,208,6415,59486,27/09/2021,15:11:32,15,1,25.2,1.0,12.4,12.2,2,1,1.00,CYCLE,W
IND,208,6415,59486,27/09/2021,15:11:39,15,1,22.0,1.0,6.9,6.8,2,1,1.00,CYCLE,W
IND,208,6415,59485,27/09/2021,15:13:35,15,0,21.8,1.1,236.0,235.8,2,1,1.00,CYCLE,E
IND,208,6415,59486,27/09/2021,15:14:39,15,1,24.6,1.1,180.0,179.9,2,1,1.00,CYCLE,W
IND,208,6415,59486,27/09/2021,15:15:01,15,1,20.8,1.1,21.4,21.2,2,1,1.00,CYCLE,W
IND,208,6415,59486,27/09/2021,15:15:01,15,1,19.2,1.0,0.4,0.2,2,1,1.00,CYCLE,W
IND,208,6415,59485,27/09/2021,15:15:05,15,0,31.7,1.0,89.5,89.3,2,1,1.00,CYCLE,E
IND,208,6415,59486,27/09/2021,15:16:44,15,1,12.2,1.1,102.9,102.7,2,1,1.00,CYCLE,W
IND,208,6415,59486,27/09/2021,15:16:46,15,1,12.8,1.0,1.7,1.3,2,1,1.00,CYCLE,W
IND,208,6415,59485,27/09/2021,15:16:52,15,0,28.1,1.0,107.3,107.2,2,1,1.00,CYCLE,E
IND,208,6415,59486,27/09/2021,15:18:19,15,1,22.0,1.1,93.8,93.5,2,1,1.00,CYCLE,W
IND,208,6415,59486,27/09/2021,15:18:34,15,1,24.9,1.1,14.4,14.2,2,1,1.00,CYCLE,W
IND,208,6415,59486,27/09/2021,15:19:37,15,1,21.1,1.0,62.9,62.8,2,1,1.00,CYCLE,W
IND,208,6415,59486,27/09/2021,15:19:37,15,1,20.0,1.0,0.6,0.5,2,1,1.00,CYCLE,W
IND,208,6415,59485,27/09/2021,15:19:38,15,0,6.2,0.6,165.5,165.4,2,1,1.00,CYCLE,E
IND,208,6415,59485,27/09/2021,15:19:51,15,0,25.7,1.0,13.6,13.3,2,1,0.80,CYCLE,E
IND,208,6415,59486,27/09/2021,15:22:21,15,1,24.8,1.0,164.0,163.8,2,1,1.00,CYCLE,W
IND,208,6415,59485,27/09/2021,15:24:32,15,0,19.2,1.0,280.1,279.9,2,1,1.00,CYCLE,E
IND,208,6415,59485,27/09/2021,15:24:32,15,0,19.2,1.0,0.0,0.0,2,1,1.00,CYCLE,E
IND,208,6415,59485,27/09/2021,15:24:46,15,0,26.3,1.1,14.6,14.3,2,1,1.00,CYCLE,E
IND,208,6415,59486,27/09/2021,15:26:18,15,1,28.9,1.0,236.5,236.3,2,1,1.00,CYCLE,W
IND,208,6415,59486,27/09/2021,15:26:25,15,1,24.2,1.1,7.7,7.6,2,1,1.00,CYCLE,W
IND,208,6415,59486,27/09/2021,15:27:21,15,1,25.5,1.0,55.6,55.5,2,1,1.00,CYCLE,W
IND,208,6415,59485,27/09/2021,15:27:36,15,0,22.1,1.1,170.0,169.8,2,1,1.00,CYCLE,E
IND,208,6415,59485,27/09/2021,15:27:37,15,0,26.8,1.1,1.2,1.0,2,1,1.00,CYCLE,E
IND,208,6415,59485,27/09/2021,15:28:47,15,0,22.5,0.9,69.6,69.5,2,1,1.00,CYCLE,E
IND,208,6415,59486,27/09/2021,15:28:48,15,1,26.2,1.0,86.9,86.7,2,1,1.00,CYCLE,W
IND,208,6415,59486,27/09/2021,15:29:19,15,1,19.5,1.0,30.9,30.8,2,1,1.00,CYCLE,W
IND,208,6415,59486,27/09/2021,15:29:19,15,1,21.8,1.0,0.6,0.4,2,1,1.00,CYCLE,W
IND,208,6415,59486,27/09/2021,15:29:27,15,1,23.3,1.0,8.0,7.8,2,1,1.00,CYCLE,W
IND,208,6415,59485,27/09/2021,15:30:03,15,0,17.4,1.1,75.6,75.5,2,1,1.00,CYCLE,E
IND,208,6415,59486,27/09/2021,15:30:18,15,1,17.1,1.1,50.7,50.6,2,1,1.00,CYCLE,W
IND,208,6415,59486,27/09/2021,15:30:26,15,1,19.3,1.0,8.0,7.8,2,1,1.00,CYCLE,W
IND,208,6415,59485,27/09/2021,15:32:24,15,0,24.9,1.0,141.6,141.4,2,1,1.00,CYCLE,E
IND,208,6415,59486,27/09/2021,15:32:39,15,1,4.8,1.0,132.8,132.8,2,1,0.57,CYCLE,W
IND,208,6415,59486,27/09/2021,15:33:19,15,1,32.7,1.0,40.5,39.3,2,1,1.00,CYCLE,W
IND,208,6415,59485,27/09/2021,15:33:33,15,0,21.1,1.0,68.5,68.3,2,1,1.00,CYCLE,E
IND,208,6415,59486,27/09/2021,15:33:58,15,1,15.0,1.1,38.1,38.1,2,1,1.00,CYCLE,W
IND,208,6415,59486,27/09/2021,15:33:59,15,1,16.9,1.0,1.5,1.3,2,1,1.00,CYCLE,W
IND,208,6415,59486,27/09/2021,15:34:00,15,1,21.4,1.1,1.1,0.9,2,1,1.00,CYCLE,W
IND,208,6415,59486,27/09/2021,15:34:04,15,1,26.9,1.0,3.6,3.4,2,1,1.00,CYCLE,W
IND,208,6415,59486,27/09/2021,15:34:05,15,1,22.5,1.0,1.0,0.9,2,1,1.00,CYCLE,W
IND,208,6415,59486,27/09/2021,15:34:05,15,1,22.7,1.1,0.6,0.5,2,1,1.00,CYCLE,W
IND,208,6415,59486,27/09/2021,15:34:37,15,1,20.1,1.0,2.1,2.0,2,1,1.00,CYCLE,W
IND,208,6415,59486,27/09/2021,15:34:40,15,1,3.7,0.8,2.2,2.3,2,1,1.00,CYCLE,W
IND,208,6415,59486,27/09/2021,15:34:48,15,1,7.0,1.1,8.8,7.9,2,1,1.00,CYCLE,W
IND,208,6415,59486,27/09/2021,15:35:50,15,1,32.1,1.0,61.6,60.8,2,1,1.00,CYCLE,W
IND,208,6415,59485,27/09/2021,15:36:18,15,0,15.7,1.1,165.1,164.9,2,1,1.00,CYCLE,E
IND,208,6415,59485,27/09/2021,15:36:48,15,0,20.3,1.1,30.6,30.4,2,1,1.00,CYCLE,E
IND,208,6415,59485,27/09/2021,15:37:04,15,0,18.9,1.1,16.0,15.8,2,1,1.00,CYCLE,E
IND,208,6415,59485,27/09/2021,15:37:05,15,0,18.6,1.0,0.6,0.4,2,1,1.00,CYCLE,E
IND,208,6415,59486,27/09/2021,15:37:36,15,1,23.7,1.0,105.8,105.8,2,1,1.00,CYCLE,W
IND,208,6415,59486,27/09/2021,15:37:36,15,1,23.5,1.1,0.6,0.4,2,1,1.00,CYCLE,W
IND,208,6415,59486,27/09/2021,15:37:37,15,1,23.1,1.0,0.5,0.3,2,1,1.00,CYCLE,W
IND,208,6415,59486,27/09/2021,15:38:12,15,1,3.6,1.0,34.9,34.7,2,1,0.44,CYCLE,W
IND,208,6415,59486,27/09/2021,15:38:12,15,1,3.6,1.0,0.0,0.0,2,1,0.44,CYCLE,W
IND,208,6415,59486,27/09/2021,15:38:45,15,1,4.1,1.0,33.4,31.9,2,1,0.33,CYCLE,W
IND,208,6415,59486,27/09/2021,15:38:48,15,1,24.4,1.0,2.3,1.7,2,1,1.00,CYCLE,W
IND,208,6415,59486,27/09/2021,15:38:52,15,1,24.2,1.1,3.9,3.8,2,1,1.00,CYCLE,W
IND,208,6415,59485,27/09/2021,15:39:05,15,0,21.7,1.1,120.0,119.8,2,1,1.00,CYCLE,E
IND,208,6415,59485,27/09/2021,15:39:38,15,0,19.7,1.1,33.3,33.1,2,1,1.00,CYCLE,E
IND,208,6415,59486,27/09/2021,15:39:45,15,1,28.4,0.9,53.4,53.2,2,1,1.00,CYCLE,W
IND,208,6415,59485,27/09/2021,15:40:11,15,0,17.0,1.1,32.3,32.1,2,1,1.00,CYCLE,E
IND,208,6415,59486,27/09/2021,15:40:14,15,1,20.5,1.0,28.7,28.6,2,1,1.00,CYCLE,W
IND,208,6415,59486,27/09/2021,15:40:32,15,1,20.3,1.1,18.1,17.9,2,1,1.00,CYCLE,W
IND,208,6415,59486,27/09/2021,15:40:34,15,1,19.3,1.1,2.3,2.1,2,1,1.00,CYCLE,W
IND,208,6415,59486,27/09/2021,15:40:36,15,1,20.0,1.1,2.3,2.1,2,1,1.00,CYCLE,W
IND,208,6415,59486,27/09/2021,15:40:40,15,1,25.5,1.1,4.0,3.8,2,1,1.00,CYCLE,W
IND,208,6415,59486,27/09/2021,15:40:41,15,1,25.0,1.0,0.6,0.4,2,1,1.00,CYCLE,W
IND,208,6415,59486,27/09/2021,15:40:45,15,1,27.3,1.1,3.6,3.5,2,1,1.00,CYCLE,W
IND,208,6415,59485,27/09/2021,15:41:35,15,0,17.3,1.0,12.3,10.7,2,1,1.00,CYCLE,E
IND,208,6415,59486,27/09/2021,15:43:27,15,1,24.9,1.1,162.3,162.2,2,1,1.00,CYCLE,W
IND,208,6415,59485,27/09/2021,15:43:46,15,0,18.7,1.0,116.8,115.5,2,1,1.00,CYCLE,E
IND,208,6415,59485,27/09/2021,15:43:50,15,0,18.7,1.0,3.6,3.4,2,1,1.00,CYCLE,E
IND,208,6415,59486,27/09/2021,15:45:15,15,1,22.3,1.0,108.2,108.1,2,1,1.00,CYCLE,W
IND,208,6415,59485,27/09/2021,15:45:30,15,0,16.4,1.1,99.6,99.4,2,1,1.00,CYCLE,E
IND,208,6415,59485,27/09/2021,15:45:30,15,0,15.9,1.0,0.4,0.1,2,1,1.00,CYCLE,E
IND,208,6415,59485,27/09/2021,15:46:53,15,0,27.6,1.1,82.8,82.5,2,1,1.00,CYCLE,E
IND,208,6415,59485,27/09/2021,15:46:53,15,0,29.4,1.0,0.7,0.6,2,1,1.00,CYCLE,E
IND,208,6415,59485,27/09/2021,15:48:35,15,0,22.5,1.0,101.3,101.2,2,1,1.00,CYCLE,E
IND,208,6415,59486,27/09/2021,15:49:30,15,1,30.3,1.0,254.8,254.6,2,1,1.00,CYCLE,W
IND,208,6415,59486,27/09/2021,15:50:11,15,1,21.6,1.1,41.6,41.5,2,1,1.00,CYCLE,W
IND,208,6415,59486,27/09/2021,15:50:12,15,1,21.6,1.0,0.5,0.4,2,1,1.00,CYCLE,W
IND,208,6415,59486,27/09/2021,15:50:56,15,1,23.1,1.1,44.2,44.0,2,1,1.00,CYCLE,W
IND,208,6415,59485,27/09/2021,15:51:32,15,0,28.5,1.0,177.6,177.5,2,1,1.00,CYCLE,E
IND,208,6415,59486,27/09/2021,15:52:14,15,1,27.3,1.0,77.9,77.7,2,1,1.00,CYCLE,W
IND,208,6415,59486,27/09/2021,15:54:29,15,1,31.5,1.0,134.6,134.5,2,1,1.00,CYCLE,W
IND,208,6415,59486,27/09/2021,15:55:02,15,1,22.8,1.1,32.9,32.8,2,1,1.00,CYCLE,W
IND,208,6415,59486,27/09/2021,15:55:02,15,1,23.3,1.1,0.5,0.4,2,1,1.00,CYCLE,W
IND,208,6415,59485,27/09/2021,15:55:53,15,0,18.3,1.0,260.5,260.4,2,1,1.00,CYCLE,E
IND,208,6415,59486,27/09/2021,15:56:54,15,1,24.6,1.0,112.1,111.9,2,1,1.00,CYCLE,W
IND,208,6415,59485,27/09/2021,15:57:36,15,0,20.3,1.1,24.4,23.8,2,1,1.00,CYCLE,E
IND,208,6415,59486,27/09/2021,15:58:06,15,1,24.6,0.9,72.2,72.1,2,1,1.00,CYCLE,W
IND,208,6415,59486,27/09/2021,15:58:08,15,1,25.1,0.9,1.3,1.1,2,1,1.00,CYCLE,W
IND,208,6415,59486,27/09/2021,15:58:44,15,1,30.0,1.0,36.7,36.5,2,1,1.00,CYCLE,W
IND,208,6415,59486,27/09/2021,15:59:25,15,1,18.6,1.1,40.3,40.2,2,1,1.00,CYCLE,W
IND,208,6415,59486,27/09/2021,15:59:25,15,1,18.2,1.0,0.8,0.6,2,1,1.00,CYCLE,W
IND,208,6415,59485,27/09/2021,15:59:53,15,0,22.1,1.0,137.4,137.2,2,1,1.00,CYCLE,E
IND,208,6415,59485,27/09/2021,16:00:02,15,0,20.1,1.1,8.1,7.9,2,1,1.00,CYCLE,E
IND,208,6415,59485,27/09/2021,16:00:03,15,0,20.2,1.1,1.4,1.2,2,1,1.00,CYCLE,E
IND,208,6415,59486,27/09/2021,16:01:13,15,1,6.1,1.0,107.8,107.5,2,1,0.55,CYCLE,W
IND,208,6415,59486,27/09/2021,16:01:13,15,1,6.1,1.0,0.0,0.0,2,1,0.55,CYCLE,W
IND,208,6415,59486,27/09/2021,16:01:13,15,1,6.1,1.0,0.0,0.0,2,1,0.55,CYCLE,W
IND,208,6415,59485,27/09/2021,16:01:22,15,0,19.4,1.0,79.5,79.3,2,1,1.00,CYCLE,E
IND,208,6415,59486,27/09/2021,16:01:33,15,1,22.1,1.0,20.2,19.2,2,1,1.00,CYCLE,W
IND,208,6415,59486,27/09/2021,16:01:37,15,1,21.4,1.1,3.8,3.7,2,1,1.00,CYCLE,W
IND,208,6415,59486,27/09/2021,16:01:38,15,1,20.4,1.0,0.9,0.7,2,1,1.00,CYCLE,W
IND,208,6415,59486,27/09/2021,16:02:25,15,1,29.2,1.0,46.4,46.2,2,1,1.00,CYCLE,W
IND,208,6415,59486,27/09/2021,16:02:33,15,1,13.5,0.9,8.9,8.8,2,1,1.00,CYCLE,W
IND,208,6415,59486,27/09/2021,16:02:36,15,1,16.3,1.0,2.9,2.7,2,1,1.00,CYCLE,W
IND,208,6415,59486,27/09/2021,16:03:17,15,1,28.0,1.0,40.2,40.5,2,1,0.80,CYCLE,W
IND,208,6415,59486,27/09/2021,16:05:04,15,1,9.6,0.5,107.1,106.5,2,1,1.00,CYCLE,W
IND,208,6415,59486,27/09/2021,16:05:08,15,1,29.6,1.0,4.4,4.1,2,1,1.00,CYCLE,W
IND,208,6415,59486,27/09/2021,16:05:31,15,1,24.5,1.0,23.1,23.0,2,1,1.00,CYCLE,W
IND,208,6415,59485,27/09/2021,16:06:01,15,0,21.2,1.0,144.0,144.0,2,1,0.80,CYCLE,E
IND,208,6415,59486,27/09/2021,16:07:15,15,1,24.5,1.0,104.3,104.1,2,1,1.00,CYCLE,W
IND,208,6415,59485,27/09/2021,16:07:34,15,0,17.0,1.0,93.2,93.0,2,1,1.00,CYCLE,E
IND,208,6415,59485,27/09/2021,16:07:34,15,0,17.0,1.0,0.0,0.0,2,1,1.00,CYCLE,E
IND,208,6415,59486,27/09/2021,16:07:37,15,1,23.5,1.1,15.5,15.1,2,1,1.00,CYCLE,W
IND,208,6415,59485,27/09/2021,16:07:44,15,0,26.7,1.1,9.9,9.3,2,1,1.00,CYCLE,E
IND,208,6415,59485,27/09/2021,16:07:44,15,0,25.6,1.0,0.6,0.5,2,1,1.00,CYCLE,E
IND,208,6415,59485,27/09/2021,16:07:46,15,0,25.6,1.1,1.4,1.2,2,1,1.00,CYCLE,E
IND,208,6415,59485,27/09/2021,16:07:52,15,0,25.2,1.0,6.5,6.3,2,1,1.00,CYCLE,E
IND,208,6415,59486,27/09/2021,16:08:46,15,1,24.2,1.1,68.8,68.6,2,1,1.00,CYCLE,W
IND,208,6415,59486,27/09/2021,16:08:56,15,1,29.0,1.0,9.8,9.7,2,1,1.00,CYCLE,W
IND,208,6415,59486,27/09/2021,16:09:09,15,1,22.1,1.1,12.9,12.8,2,1,1.00,CYCLE,W
IND,208,6415,59485,27/09/2021,16:09:11,15,0,21.8,1.0,79.0,78.8,2,1,1.00,CYCLE,E
IND,208,6415,59486,27/09/2021,16:10:59,15,1,20.0,1.1,110.1,109.9,2,1,1.00,CYCLE,W
IND,208,6415,59486,27/09/2021,16:11:00,15,1,18.6,1.0,0.7,0.5,2,1,1.00,CYCLE,W
IND,208,6415,59486,27/09/2021,16:11:00,15,1,19.5,1.0,0.7,0.5,2,1,1.00,CYCLE,W
IND,208,6415,59485,27/09/2021,16:11:11,15,0,20.1,0.9,120.4,120.2,2,1,1.00,CYCLE,E
IND,208,6415,59485,27/09/2021,16:11:46,15,0,19.6,1.1,35.0,34.9,2,1,1.00,CYCLE,E
IND,208,6415,59485,27/09/2021,16:11:47,15,0,19.9,1.1,0.6,0.4,2,1,1.00,CYCLE,E
IND,208,6415,59486,27/09/2021,16:12:10,15,1,23.7,1.1,70.2,70.0,2,1,1.00,CYCLE,W
IND,208,6415,59485,27/09/2021,16:12:42,15,0,25.3,1.0,55.0,54.8,2,1,0.50,CYCLE,E
IND,208,6415,59486,27/09/2021,16:12:42,15,1,25.3,1.0,0.0,0.0,2,1,0.50,CYCLE,W
IND,208,6415,59486,27/09/2021,16:13:00,15,1,31.0,1.0,49.4,49.2,2,1,1.00,CYCLE,W
IND,208,6415,59485,27/09/2021,16:14:05,15,0,25.0,1.0,83.2,82.8,2,1,1.00,CYCLE,E
IND,208,6415,59485,27/09/2021,16:15:01,15,0,13.5,1.1,55.9,55.8,2,1,1.00,CYCLE,E
IND,208,6415,59486,27/09/2021,16:15:03,15,1,30.6,1.0,123.2,123.1,2,1,1.00,CYCLE,W
IND,208,6415,59485,27/09/2021,16:16:01,15,0,15.6,1.0,59.9,59.6,2,1,0.80,CYCLE,E
IND,208,6415,59485,27/09/2021,16:16:34,15,0,18.4,1.0,33.2,33.0,2,1,1.00,CYCLE,E
IND,208,6415,59486,27/09/2021,16:16:35,15,1,22.2,1.0,91.9,91.8,2,1,1.00,CYCLE,W
IND,208,6415,59485,27/09/2021,16:17:03,15,0,16.2,1.1,29.1,28.9,2,1,1.00,CYCLE,E
IND,208,6415,59485,27/09/2021,16:17:47,15,0,13.5,1.1,40.1,39.7,2,1,1.00,CYCLE,E
IND,208,6415,59486,27/09/2021,16:17:50,15,1,29.4,1.0,74.6,74.4,2,1,1.00,CYCLE,W
IND,208,6415,59485,27/09/2021,16:18:04,15,0,27.6,1.0,17.9,17.6,2,1,1.00,CYCLE,E
IND,208,6415,59485,27/09/2021,16:18:06,15,0,19.0,1.1,1.9,1.8,2,1,1.00,CYCLE,E
IND,208,6415,59486,27/09/2021,16:18:07,15,1,22.9,1.0,17.7,17.5,2,1,1.00,CYCLE,W
IND,208,6415,59485,27/09/2021,16:18:21,15,0,21.9,0.9,15.0,14.8,2,1,1.00,CYCLE,E
IND,208,6415,59485,27/09/2021,16:18:23,15,0,23.2,0.9,1.4,1.3,2,1,1.00,CYCLE,E
IND,208,6415,59485,27/09/2021,16:18:45,15,0,22.9,1.0,21.9,21.8,2,1,1.00,CYCLE,E
IND,208,6415,59486,27/09/2021,16:19:11,15,1,23.1,1.1,64.3,64.1,2,1,1.00,CYCLE,W
IND,208,6415,59486,27/09/2021,16:19:13,15,1,24.3,1.0,1.4,1.3,2,1,1.00,CYCLE,W
IND,208,6415,59485,27/09/2021,16:19:26,15,0,14.4,1.0,41.3,41.2,2,1,1.00,CYCLE,E
IND,208,6415,59485,27/09/2021,16:19:51,15,0,22.3,1.0,24.6,24.3,2,1,1.00,CYCLE,E
IND,208,6415,59485,27/09/2021,16:20:00,15,0,16.3,1.0,9.1,8.9,2,1,1.00,CYCLE,E
IND,208,6415,59485,27/09/2021,16:21:10,15,0,21.0,1.1,70.0,69.8,2,1,1.00,CYCLE,E
IND,208,6415,59485,27/09/2021,16:21:18,15,0,37.7,1.1,7.9,7.7,2,1,1.00,CYCLE,E
IND,208,6415,59485,27/09/2021,16:21:40,15,0,34.3,1.0,22.2,22.1,2,1,1.00,CYCLE,E
IND,208,6415,59485,27/09/2021,16:21:57,15,0,5.3,0.5,17.4,17.3,2,1,1.00,CYCLE,E
IND,208,6415,59486,27/09/2021,16:22:09,15,1,23.7,1.0,176.3,176.2,2,1,1.00,CYCLE,W
IND,208,6415,59486,27/09/2021,16:22:12,15,1,23.5,1.1,2.6,2.5,2,1,1.00,CYCLE,W
IND,208,6415,59486,27/09/2021,16:22:33,15,1,22.8,1.0,20.7,20.5,2,1,1.00,CYCLE,W
IND,208,6415,59485,27/09/2021,16:22:48,15,0,22.6,1.0,50.5,50.1,2,1,1.00,CYCLE,E
IND,208,6415,59486,27/09/2021,16:23:38,15,1,29.0,1.0,65.8,65.6,2,1,1.00,CYCLE,W
IND,208,6415,59485,27/09/2021,16:24:13,15,0,29.2,1.0,85.3,85.1,2,1,1.00,CYCLE,E
IND,208,6415,59486,27/09/2021,16:24:31,15,1,22.5,1.1,52.8,52.7,2,1,1.00,CYCLE,W
IND,208,6415,59485,27/09/2021,16:25:11,15,0,13.6,1.1,57.5,57.4,2,1,1.00,CYCLE,E
IND,208,6415,59485,27/09/2021,16:25:22,15,0,17.2,1.1,11.8,11.5,2,1,1.00,CYCLE,E
IND,208,6415,59486,27/09/2021,16:26:07,15,1,30.6,0.9,95.7,95.5,2,1,1.00,CYCLE,W
IND,208,6415,59485,27/09/2021,16:26:16,15,0,15.5,1.1,53.7,53.5,2,1,1.00,CYCLE,E
IND,208,6415,59486,27/09/2021,16:26:44,15,1,17.6,1.0,37.4,37.4,2,1,1.00,CYCLE,W
IND,208,6415,59485,27/09/2021,16:27:55,15,0,25.5,1.0,98.8,98.5,2,1,1.00,CYCLE,E
IND,208,6415,59485,27/09/2021,16:28:21,15,0,4.9,1.0,26.3,26.1,2,1,0.57,CYCLE,E
IND,208,6415,59486,27/09/2021,16:28:27,15,1,27.4,1.1,103.0,102.8,2,1,1.00,CYCLE,W
IND,208,6415,59485,27/09/2021,16:29:04,15,0,23.7,1.0,43.1,42.1,2,1,1.00,CYCLE,E
IND,208,6415,59485,27/09/2021,16:29:28,15,0,24.1,1.2,23.5,23.4,2,1,1.00,CYCLE,E
IND,208,6415,59486,27/09/2021,16:29:34,15,1,31.0,1.1,66.2,66.0,2,1,1.00,CYCLE,W
IND,208,6415,59485,27/09/2021,16:31:19,15,0,20.8,1.0,111.8,111.6,2,1,1.00,CYCLE,E
IND,208,6415,59485,27/09/2021,16:32:01,15,0,18.8,1.0,41.9,41.8,2,1,1.00,CYCLE,E
IND,208,6415,59486,27/09/2021,16:33:46,15,1,26.4,1.0,34.9,34.4,2,1,1.00,CYCLE,W
IND,208,6415,59486,27/09/2021,16:33:48,15,1,27.6,1.0,1.5,1.4,2,1,1.00,CYCLE,W
IND,208,6415,59485,27/09/2021,16:33:56,15,0,20.4,1.1,114.7,114.5,2,1,1.00,CYCLE,E
IND,208,6415,59485,27/09/2021,16:34:04,15,0,27.9,1.1,7.7,7.6,2,1,1.00,CYCLE,E
IND,208,6415,59485,27/09/2021,16:34:09,15,0,21.2,1.1,5.2,5.0,2,1,1.00,CYCLE,E
IND,208,6415,59485,27/09/2021,16:35:37,15,0,17.6,1.1,87.5,87.3,2,1,1.00,CYCLE,E
IND,208,6415,59486,27/09/2021,16:37:13,15,1,31.1,1.0,205.1,205.0,2,1,1.00,CYCLE,W
IND,208,6415,59486,27/09/2021,16:37:23,15,1,23.2,1.1,9.7,9.6,2,1,1.00,CYCLE,W
IND,208,6415,59486,27/09/2021,16:37:25,15,1,21.6,1.1,2.3,2.2,2,1,1.00,CYCLE,W
IND,208,6415,59485,27/09/2021,16:37:28,15,0,19.8,1.0,67.8,67.4,2,1,1.00,CYCLE,E
IND,208,6415,59486,27/09/2021,16:37:31,15,1,27.0,1.0,6.1,5.9,2,1,1.00,CYCLE,W
IND,208,6415,59485,27/09/2021,16:40:41,15,0,24.7,0.9,192.4,192.3,2,1,1.00,CYCLE,E
IND,208,6415,59485,27/09/2021,16:40:43,15,0,23.1,1.1,2.1,1.9,2,1,1.00,CYCLE,E
IND,208,6415,59486,27/09/2021,16:40:50,15,1,24.3,1.0,199.5,199.3,2,1,1.00,CYCLE,W
IND,208,6415,59486,27/09/2021,16:40:55,15,1,26.8,1.0,4.1,3.9,2,1,1.00,CYCLE,W
IND,208,6415,59486,27/09/2021,16:41:55,15,1,24.3,1.0,60.4,60.2,2,1,1.00,CYCLE,W
IND,208,6415,59485,27/09/2021,16:42:01,15,0,26.4,1.0,78.3,78.1,2,1,1.00,CYCLE,E
IND,208,6415,59485,27/09/2021,16:42:04,15,0,25.2,1.0,3.0,2.8,2,1,1.00,CYCLE,E
IND,208,6415,59485,27/09/2021,16:42:06,15,0,6.6,0.8,1.8,1.6,2,1,1.00,CYCLE,E
IND,208,6415,59485,27/09/2021,16:42:07,15,0,23.9,1.0,1.6,1.2,2,1,1.00,CYCLE,E
IND,208,6415,59485,27/09/2021,16:42:16,15,0,21.0,1.0,9.2,9.0,2,1,1.00,CYCLE,E
IND,208,6415,59486,27/09/2021,16:42:43,15,1,23.3,1.1,47.7,47.6,2,1,1.00,CYCLE,W
IND,208,6415,59486,27/09/2021,16:42:43,15,1,20.5,1.0,0.3,0.1,2,1,1.00,CYCLE,W
IND,208,6415,59486,27/09/2021,16:43:11,15,1,20.4,1.0,27.6,27.5,2,1,1.00,CYCLE,W
IND,208,6415,59486,27/09/2021,16:43:12,15,1,23.0,1.1,1.2,1.0,2,1,1.00,CYCLE,W
IND,208,6415,59486,27/09/2021,16:43:15,15,1,22.0,1.0,3.0,2.8,2,1,1.00,CYCLE,W
IND,208,6415,59486,27/09/2021,16:43:53,15,1,22.7,1.1,37.8,37.6,2,1,1.00,CYCLE,W
IND,208,6415,59485,27/09/2021,16:44:09,15,0,18.6,1.1,112.5,112.3,2,1,1.00,CYCLE,E
IND,208,6415,59486,27/09/2021,16:44:23,15,1,20.1,0.9,30.6,30.5,2,1,1.00,CYCLE,W
IND,208,6415,59486,27/09/2021,16:44:23,15,1,26.7,1.0,0.3,0.1,2,1,1.00,CYCLE,W
IND,208,6415,59486,27/09/2021,16:44:26,15,1,22.5,1.0,0.9,0.7,2,1,1.00,CYCLE,W
IND,208,6415,59485,27/09/2021,16:45:03,15,0,25.0,1.1,54.3,54.1,2,1,1.00,CYCLE,E
IND,208,6415,59486,27/09/2021,16:45:27,15,1,17.4,1.1,61.4,61.3,2,1,1.00,CYCLE,W
IND,208,6415,59485,27/09/2021,16:45:30,15,0,28.7,1.0,26.3,26.2,2,1,1.00,CYCLE,E
IND,208,6415,59485,27/09/2021,16:45:32,15,0,20.4,1.0,2.6,2.5,2,1,1.00,CYCLE,E
IND,208,6415,59486,27/09/2021,16:46:15,15,1,26.8,1.0,48.0,47.8,2,1,1.00,CYCLE,W
IND,208,6415,59485,27/09/2021,16:46:27,15,0,25.7,1.1,55.1,54.9,2,1,1.00,CYCLE,E
IND,208,6415,59486,27/09/2021,16:46:59,15,1,24.6,1.0,43.8,43.7,2,1,1.00,CYCLE,W
IND,208,6415,59486,27/09/2021,16:48:14,15,1,21.1,1.1,75.2,75.1,2,1,1.00,CYCLE,W
IND,208,6415,59486,27/09/2021,16:48:32,15,1,26.5,1.0,17.6,17.4,2,1,1.00,CYCLE,W
IND,208,6415,59486,27/09/2021,16:48:35,15,1,22.5,1.0,3.3,3.2,2,1,1.00,CYCLE,W
IND,208,6415,59486,27/09/2021,16:48:36,15,1,18.1,1.1,1.4,1.2,2,1,1.00,CYCLE,W
IND,208,6415,59485,27/09/2021,16:49:02,15,0,23.4,1.1,154.8,154.7,2,1,1.00,CYCLE,E
IND,208,6415,59486,27/09/2021,16:49:08,15,1,23.2,1.0,31.6,31.4,2,1,1.00,CYCLE,W
IND,208,6415,59485,27/09/2021,16:49:39,15,0,20.5,0.9,36.6,36.4,2,1,1.00,CYCLE,E
IND,208,6415,59485,27/09/2021,16:49:39,15,0,18.9,0.9,0.5,0.3,2,1,1.00,CYCLE,E
IND,208,6415,59486,27/09/2021,16:49:43,15,1,16.4,1.0,35.2,35.0,2,1,0.57,CYCLE,W
IND,208,6415,59486,27/09/2021,16:49:43,15,1,16.4,1.0,0.0,0.0,2,1,0.57,CYCLE,W
IND,208,6415,59486,27/09/2021,16:49:48,15,1,15.9,1.0,4.5,3.7,2,1,1.00,CYCLE,W
IND,208,6415,59486,27/09/2021,16:49:56,15,1,25.3,1.0,8.0,7.7,2,1,1.00,CYCLE,W
IND,208,6415,59486,27/09/2021,16:50:17,15,1,28.2,1.0,21.8,21.7,2,1,1.00,CYCLE,W
IND,208,6415,59485,27/09/2021,16:50:27,15,0,18.9,1.0,48.1,48.0,2,1,1.00,CYCLE,E
IND,208,6415,59485,27/09/2021,16:51:27,15,0,20.8,1.0,59.4,59.2,2,1,1.00,CYCLE,E
IND,208,6415,59485,27/09/2021,16:51:46,15,0,25.3,1.1,19.3,19.1,2,1,1.00,CYCLE,E
IND,208,6415,59485,27/09/2021,16:51:57,15,0,22.0,1.1,10.9,10.7,2,1,1.00,CYCLE,E
IND,208,6415,59486,27/09/2021,16:52:04,15,1,28.2,1.0,106.9,106.8,2,1,1.00,CYCLE,W
IND,208,6415,59485,27/09/2021,16:52:46,15,0,27.2,1.0,49.6,49.4,2,1,1.00,CYCLE,E
IND,208,6415,59486,27/09/2021,16:53:22,15,1,28.2,1.1,77.8,77.7,2,1,1.00,CYCLE,W
IND,208,6415,59485,27/09/2021,16:54:26,15,0,21.7,1.1,16.6,16.5,2,1,1.00,CYCLE,E
IND,208,6415,59486,27/09/2021,16:54:32,15,1,28.8,1.1,51.5,51.5,2,1,1.00,CYCLE,W
IND,208,6415,59485,27/09/2021,16:54:44,15,0,22.3,1.0,17.8,17.6,2,1,1.00,CYCLE,E
IND,208,6415,59485,27/09/2021,16:54:54,15,0,18.7,1.2,9.4,9.2,2,1,1.00,CYCLE,E
IND,208,6415,59485,27/09/2021,16:55:06,15,0,20.7,1.1,12.8,12.6,2,1,1.00,CYCLE,E
IND,208,6415,59485,27/09/2021,16:56:03,15,0,28.3,1.0,57.0,56.8,2,1,1.00,CYCLE,E
IND,208,6415,59485,27/09/2021,16:56:58,15,0,25.2,1.0,54.3,54.1,2,1,1.00,CYCLE,E
IND,208,6415,59486,27/09/2021,16:57:25,15,1,28.0,1.0,172.8,172.6,2,1,1.00,CYCLE,W
IND,208,6415,59486,27/09/2021,16:58:07,15,1,21.5,0.8,42.7,42.6,2,1,1.00,CYCLE,W
IND,208,6415,59486,27/09/2021,16:58:22,15,1,16.2,1.1,14.5,14.4,2,1,1.00,CYCLE,W
IND,208,6415,59486,27/09/2021,16:58:32,15,1,19.3,1.1,10.8,10.5,2,1,1.00,CYCLE,W
IND,208,6415,59486,27/09/2021,16:59:05,15,1,24.9,1.1,32.4,32.2,2,1,1.00,CYCLE,W
IND,208,6415,59485,27/09/2021,16:59:55,15,0,14.3,1.0,177.3,177.1,2,1,1.00,CYCLE,E
IND,208,6415,59485,27/09/2021,16:59:58,15,0,18.0,1.1,2.8,2.6,2,1,1.00,CYCLE,E
IND,208,6415,59485,27/09/2021,17:00:16,15,0,10.1,1.0,17.9,17.7,2,1,1.00,CYCLE,E
IND,208,6415,59486,27/09/2021,17:00:57,15,1,19.2,1.0,112.2,112.1,2,1,1.00,CYCLE,W
IND,208,6415,59486,27/09/2021,17:00:59,15,1,16.6,1.0,1.6,1.5,2,1,1.00,CYCLE,W
IND,208,6415,59485,27/09/2021,17:01:54,15,0,21.5,1.1,98.2,97.8,2,1,1.00,CYCLE,E
IND,208,6415,59485,27/09/2021,17:02:19,15,0,23.6,1.1,25.0,24.8,2,1,1.00,CYCLE,E
IND,208,6415,59486,27/09/2021,17:02:29,15,1,27.0,1.0,90.6,90.4,2,1,1.00,CYCLE,W
IND,208,6415,59485,27/09/2021,17:02:38,15,0,19.0,1.0,19.7,19.5,2,1,1.00,CYCLE,E
IND,208,6415,59485,27/09/2021,17:02:43,15,0,19.4,1.1,4.8,4.6,2,1,1.00,CYCLE,E
IND,208,6415,59485,27/09/2021,17:02:54,15,0,19.9,1.0,11.1,10.9,2,1,1.00,CYCLE,E
IND,208,6415,59485,27/09/2021,17:03:16,15,0,14.9,1.1,21.9,21.7,2,1,1.00,CYCLE,E
IND,208,6415,59485,27/09/2021,17:03:17,15,0,14.6,1.1,0.6,0.3,2,1,1.00,CYCLE,E
IND,208,6415,59485,27/09/2021,17:04:41,15,0,19.5,1.1,84.6,84.3,2,1,1.00,CYCLE,E
IND,208,6415,59486,27/09/2021,17:05:09,15,1,32.0,1.0,159.1,159.0,2,1,1.00,CYCLE,W
IND,208,6415,59485,27/09/2021,17:05:15,15,0,22.5,1.1,34.0,33.8,2,1,1.00,CYCLE,E
IND,208,6415,59485,27/09/2021,17:05:43,15,0,24.5,1.1,26.1,26.0,2,1,1.00,CYCLE,E
IND,208,6415,59485,27/09/2021,17:05:46,15,0,19.8,1.1,3.7,3.5,2,1,1.00,CYCLE,E
IND,208,6415,59485,27/09/2021,17:06:48,15,0,26.6,1.1,61.6,61.4,2,1,1.00,CYCLE,E
IND,208,6415,59486,27/09/2021,17:07:04,15,1,14.7,1.0,115.8,115.6,2,1,0.67,CYCLE,W
IND,208,6415,59485,27/09/2021,17:07:10,15,0,23.8,1.1,22.1,22.0,2,1,1.00,CYCLE,E
IND,208,6415,59485,27/09/2021,17:09:02,15,0,12.1,1.1,112.1,111.9,2,1,1.00,CYCLE,E
IND,208,6415,59485,27/09/2021,17:09:04,15,0,13.0,1.1,1.9,1.5,2,1,1.00,CYCLE,E
IND,208,6415,59485,27/09/2021,17:09:21,15,0,24.7,1.0,16.7,16.4,2,1,1.00,CYCLE,E
IND,208,6415,59486,27/09/2021,17:09:35,15,1,32.8,1.1,150.9,150.4,2,1,1.00,CYCLE,W
IND,208,6415,59485,27/09/2021,17:09:38,15,0,25.2,1.0,17.0,16.8,2,1,1.00,CYCLE,E
IND,208,6415,59485,27/09/2021,17:10:22,15,0,28.9,1.1,44.2,44.1,2,1,1.00,CYCLE,E
IND,208,6415,59486,27/09/2021,17:10:28,15,1,30.7,1.0,52.5,52.4,2,1,1.00,CYCLE,W
IND,208,6415,59485,27/09/2021,17:10:55,15,0,16.6,1.1,33.4,33.2,2,1,1.00,CYCLE,E
IND,208,6415,59486,27/09/2021,17:11:03,15,1,20.5,1.0,35.4,35.3,2,1,1.00,CYCLE,W
IND,208,6415,59486,27/09/2021,17:11:04,15,1,18.0,1.0,0.6,0.4,2,1,1.00,CYCLE,W
IND,208,6415,59486,27/09/2021,17:11:21,15,1,26.0,1.1,17.6,17.3,2,1,1.00,CYCLE,W
IND,208,6415,59485,27/09/2021,17:11:31,15,0,21.1,1.0,35.8,35.6,2,1,1.00,CYCLE,E
IND,208,6415,59486,27/09/2021,17:12:23,15,1,24.6,1.0,62.2,62.0,2,1,1.00,CYCLE,W
IND,208,6415,59486,27/09/2021,17:12:27,15,1,23.1,1.0,3.7,3.6,2,1,1.00,CYCLE,W
IND,208,6415,59485,27/09/2021,17:13:34,15,0,27.2,1.0,122.9,122.7,2,1,1.00,CYCLE,E
IND,208,6415,59485,27/09/2021,17:13:41,15,0,26.1,1.0,6.8,6.7,2,1,1.00,CYCLE,E
IND,208,6415,59485,27/09/2021,17:13:48,15,0,28.9,1.0,7.1,6.9,2,1,1.00,CYCLE,E
IND,208,6415,59485,27/09/2021,17:14:00,15,0,21.1,1.1,11.8,11.7,2,1,1.00,CYCLE,E
IND,208,6415,59485,27/09/2021,17:14:00,15,0,24.5,1.0,0.3,0.1,2,1,1.00,CYCLE,E
IND,208,6415,59485,27/09/2021,17:14:00,15,0,23.8,1.0,0.5,0.4,2,1,1.00,CYCLE,E
IND,208,6415,59485,27/09/2021,17:14:47,15,0,24.9,1.0,46.7,46.6,2,1,1.00,CYCLE,E
IND,208,6415,59486,27/09/2021,17:15:15,15,1,31.7,1.0,168.0,167.8,2,1,1.00,CYCLE,W
IND,208,6415,59486,27/09/2021,17:16:05,15,1,24.3,1.0,49.8,49.7,2,1,1.00,CYCLE,W
IND,208,6415,59486,27/09/2021,17:16:54,15,1,21.3,1.2,48.9,48.8,2,1,1.00,CYCLE,W
IND,208,6415,59486,27/09/2021,17:17:40,15,1,21.7,1.0,45.8,45.6,2,1,1.00,CYCLE,W
IND,208,6415,59485,27/09/2021,17:17:44,15,0,22.9,1.1,11.0,10.8,2,1,1.00,CYCLE,E
IND,208,6415,59485,27/09/2021,17:17:48,15,0,23.3,1.1,3.7,3.5,2,1,1.00,CYCLE,E
IND,208,6415,59485,27/09/2021,17:18:24,15,0,23.3,1.1,35.6,35.4,2,1,1.00,CYCLE,E
IND,208,6415,59485,27/09/2021,17:18:25,15,0,22.0,1.1,1.0,0.8,2,1,1.00,CYCLE,E
IND,208,6415,59485,27/09/2021,17:18:26,15,0,21.8,1.0,1.8,1.6,2,1,1.00,CYCLE,E
IND,208,6415,59485,27/09/2021,17:19:01,15,0,17.2,1.0,34.4,34.3,2,1,1.00,CYCLE,E
IND,208,6415,59485,27/09/2021,17:19:02,15,0,16.9,1.1,0.8,0.6,2,1,1.00,CYCLE,E
IND,208,6415,59485,27/09/2021,17:19:08,15,0,22.6,1.0,6.0,5.8,2,1,1.00,CYCLE,E
IND,208,6415,59486,27/09/2021,17:19:41,15,1,19.9,1.1,121.7,121.5,2,1,1.00,CYCLE,W
IND,208,6415,59485,27/09/2021,17:19:55,15,0,25.1,1.1,47.9,47.7,2,1,1.00,CYCLE,E
IND,208,6415,59485,27/09/2021,17:20:06,15,0,17.6,1.1,10.3,10.1,2,1,1.00,CYCLE,E
IND,208,6415,59486,27/09/2021,17:20:06,15,1,26.7,1.0,25.1,24.9,2,1,1.00,CYCLE,W
IND,208,6415,59485,27/09/2021,17:20:40,15,0,20.1,1.0,34.4,34.2,2,1,1.00,CYCLE,E
IND,208,6415,59485,27/09/2021,17:20:41,15,0,24.9,1.1,0.5,0.3,2,1,1.00,CYCLE,E
IND,208,6415,59485,27/09/2021,17:20:49,15,0,29.7,1.0,8.7,8.6,2,1,1.00,CYCLE,E
IND,208,6415,59486,27/09/2021,17:21:53,15,1,21.9,1.1,106.8,106.6,2,1,1.00,CYCLE,W
IND,208,6415,59485,27/09/2021,17:22:01,15,0,25.6,1.1,67.0,67.0,2,1,1.00,CYCLE,E
IND,208,6415,59486,27/09/2021,17:22:29,15,1,23.8,1.1,35.5,35.3,2,1,1.00,CYCLE,W
IND,208,6415,59486,27/09/2021,17:22:47,15,1,29.6,0.8,18.3,18.1,2,1,1.00,CYCLE,W
IND,208,6415,59486,27/09/2021,17:23:04,15,1,29.3,1.0,17.3,17.2,2,1,1.00,CYCLE,W
IND,208,6415,59486,27/09/2021,17:23:59,15,1,19.4,1.0,55.0,54.9,2,1,1.00,CYCLE,W
IND,208,6415,59485,27/09/2021,17:24:27,15,0,17.5,1.0,146.3,146.1,2,1,1.00,CYCLE,E
IND,208,6415,59485,27/09/2021,17:25:13,15,0,26.1,1.0,46.3,46.1,2,1,1.00,CYCLE,E
IND,208,6415,59485,27/09/2021,17:25:21,15,0,27.6,1.1,7.9,7.8,2,1,1.00,CYCLE,E
IND,208,6415,59485,27/09/2021,17:25:22,15,0,26.9,1.0,1.0,0.9,2,1,1.00,CYCLE,E
IND,208,6415,59485,27/09/2021,17:25:45,15,0,23.0,1.0,22.9,22.7,2,1,1.00,CYCLE,E
IND,208,6415,59486,27/09/2021,17:25:51,15,1,23.2,1.1,111.7,111.5,2,1,1.00,CYCLE,W
IND,208,6415,59485,27/09/2021,17:26:17,15,0,25.0,1.1,31.4,31.2,2,1,1.00,CYCLE,E
IND,208,6415,59486,27/09/2021,17:26:23,15,1,4.9,1.3,31.5,31.6,2,1,0.80,CYCLE,W
IND,208,6415,59485,27/09/2021,17:27:21,15,0,18.1,1.2,64.3,64.2,2,1,1.00,CYCLE,E
IND,208,6415,59485,27/09/2021,17:28:02,15,0,24.2,1.1,41.3,41.0,2,1,1.00,CYCLE,E
IND,208,6415,59485,27/09/2021,17:28:36,15,0,20.5,1.1,33.8,33.6,2,1,1.00,CYCLE,E
IND,208,6415,59486,27/09/2021,17:28:37,15,1,24.2,1.1,134.8,134.2,2,1,1.00,CYCLE,W
IND,208,6415,59486,27/09/2021,17:28:39,15,1,24.8,1.1,1.8,1.7,2,1,1.00,CYCLE,W
IND,208,6415,59486,27/09/2021,17:28:43,15,1,24.5,1.0,3.7,3.6,2,1,1.00,CYCLE,W
IND,208,6415,59485,27/09/2021,17:28:47,15,0,20.9,1.0,11.1,10.9,2,1,1.00,CYCLE,E
IND,208,6415,59485,27/09/2021,17:28:48,15,0,21.4,1.0,0.5,0.3,2,1,1.00,CYCLE,E
IND,208,6415,59486,27/09/2021,17:29:06,15,1,24.7,1.0,23.3,23.2,2,1,1.00,CYCLE,W
IND,208,6415,59485,27/09/2021,17:29:14,15,0,4.4,1.0,26.5,26.3,2,1,0.40,CYCLE,E
IND,208,6415,59485,27/09/2021,17:29:21,15,0,28.0,1.0,7.4,6.2,2,1,1.00,CYCLE,E
IND,208,6415,59485,27/09/2021,17:29:42,15,0,22.6,0.9,20.6,20.5,2,1,1.00,CYCLE,E
IND,208,6415,59486,27/09/2021,17:30:05,15,1,14.2,1.2,58.9,58.8,2,1,1.00,CYCLE,W
IND,208,6415,59486,27/09/2021,17:30:07,15,1,15.0,1.2,1.6,1.3,2,1,1.00,CYCLE,W
IND,208,6415,59485,27/09/2021,17:30:11,15,0,30.5,1.0,28.8,28.6,2,1,1.00,CYCLE,E
IND,208,6415,59485,27/09/2021,17:30:12,15,0,30.4,1.0,1.0,0.9,2,1,1.00,CYCLE,E
IND,208,6415,59485,27/09/2021,17:30:13,15,0,29.7,1.0,0.8,0.7,2,1,1.00,CYCLE,E
IND,208,6415,59485,27/09/2021,17:30:15,15,0,19.8,1.1,1.9,1.7,2,1,1.00,CYCLE,E
IND,208,6415,59486,27/09/2021,17:30:25,15,1,24.9,1.0,18.0,17.7,2,1,1.00,CYCLE,W
IND,208,6415,59486,27/09/2021,17:30:32,15,1,30.5,1.0,7.6,7.4,2,1,1.00,CYCLE,W
IND,208,6415,59486,27/09/2021,17:30:51,15,1,20.6,1.1,19.0,18.9,2,1,1.00,CYCLE,W
IND,208,6415,59486,27/09/2021,17:30:54,15,1,21.4,1.1,2.9,2.7,2,1,1.00,CYCLE,W
IND,208,6415,59485,27/09/2021,17:31:48,15,0,22.3,1.1,93.6,93.4,2,1,1.00,CYCLE,E
IND,208,6415,59486,27/09/2021,17:31:49,15,1,29.6,1.0,24.9,24.8,2,1,1.00,CYCLE,W
IND,208,6415,59485,27/09/2021,17:32:00,15,0,18.4,1.0,11.9,11.8,2,1,1.00,CYCLE,E
IND,208,6415,59486,27/09/2021,17:32:18,15,1,12.5,1.0,23.2,22.0,2,1,1.00,CYCLE,W
IND,208,6415,59485,27/09/2021,17:32:24,15,0,20.5,1.1,24.3,24.1,2,1,1.00,CYCLE,E
IND,208,6415,59486,27/09/2021,17:32:39,15,1,19.6,1.0,21.3,21.0,2,1,1.00,CYCLE,W
IND,208,6415,59485,27/09/2021,17:33:06,15,0,25.1,0.8,41.9,41.7,2,1,1.00,CYCLE,E
IND,208,6415,59486,27/09/2021,17:33:09,15,1,26.4,1.0,30.1,29.9,2,1,1.00,CYCLE,W
IND,208,6415,59486,27/09/2021,17:33:52,15,1,8.0,1.0,43.2,43.0,2,1,0.40,CYCLE,W
IND,208,6415,59485,27/09/2021,17:34:37,15,0,22.2,1.1,90.3,90.1,2,1,1.00,CYCLE,E
IND,208,6415,59485,27/09/2021,17:35:07,15,0,22.0,1.1,30.4,30.2,2,1,1.00,CYCLE,E
IND,208,6415,59485,27/09/2021,17:35:08,15,0,23.9,1.1,0.9,0.8,2,1,1.00,CYCLE,E
IND,208,6415,59486,27/09/2021,17:35:29,15,1,26.1,1.1,96.4,96.1,2,1,1.00,CYCLE,W
IND,208,6415,59486,27/09/2021,17:35:56,15,1,22.6,1.1,27.4,27.3,2,1,1.00,CYCLE,W
IND,208,6415,59485,27/09/2021,17:35:57,15,0,21.9,1.0,49.5,49.3,2,1,1.00,CYCLE,E
IND,208,6415,59486,27/09/2021,17:37:33,15,1,26.1,1.0,96.4,96.2,2,1,1.00,CYCLE,W
IND,208,6415,59485,27/09/2021,17:37:45,15,0,21.4,1.1,24.6,24.6,2,1,1.00,CYCLE,E
IND,208,6415,59486,27/09/2021,17:38:01,15,1,22.0,1.1,28.0,27.8,2,1,1.00,CYCLE,W
IND,208,6415,59485,27/09/2021,17:38:16,15,0,32.5,1.0,30.8,30.6,2,1,1.00,CYCLE,E
IND,208,6415,59485,27/09/2021,17:38:16,15,0,26.3,1.1,0.6,0.5,2,1,1.00,CYCLE,E
IND,208,6415,59485,27/09/2021,17:39:14,15,0,17.1,1.1,58.3,58.2,2,1,1.00,CYCLE,E
IND,208,6415,59486,27/09/2021,17:39:38,15,1,29.0,1.1,97.7,97.5,2,1,1.00,CYCLE,W
IND,208,6415,59485,27/09/2021,17:40:13,15,0,30.7,1.0,58.1,57.9,2,1,1.00,CYCLE,E
IND,208,6415,59485,27/09/2021,17:41:34,15,0,18.4,1.0,81.1,81.0,2,1,1.00,CYCLE,E
IND,208,6415,59485,27/09/2021,17:41:36,15,0,24.6,1.0,2.0,1.8,2,1,1.00,CYCLE,E
IND,208,6415,59485,27/09/2021,17:41:54,15,0,25.0,1.0,18.6,18.5,2,1,1.00,CYCLE,E
IND,208,6415,59486,27/09/2021,17:42:10,15,1,19.3,1.1,151.7,151.6,2,1,1.00,CYCLE,W
IND,208,6415,59486,27/09/2021,17:42:16,15,1,20.4,1.0,5.6,5.4,2,1,1.00,CYCLE,W
IND,208,6415,59485,27/09/2021,17:42:17,15,0,19.5,1.0,22.4,22.2,2,1,1.00,CYCLE,E
IND,208,6415,59486,27/09/2021,17:42:48,15,1,26.1,1.0,32.1,31.9,2,1,1.00,CYCLE,W
IND,208,6415,59486,27/09/2021,17:43:01,15,1,25.6,1.0,12.8,12.7,2,1,1.00,CYCLE,W
IND,208,6415,59486,27/09/2021,17:43:01,15,1,27.1,1.1,0.7,0.5,2,1,1.00,CYCLE,W
IND,208,6415,59485,27/09/2021,17:43:02,15,0,17.6,1.0,45.0,44.8,2,1,1.00,CYCLE,E
IND,208,6415,59486,27/09/2021,17:43:45,15,1,26.1,1.0,43.8,43.7,2,1,1.00,CYCLE,W
IND,208,6415,59485,27/09/2021,17:44:10,15,0,18.4,1.0,68.7,68.5,2,1,1.00,CYCLE,E
IND,208,6415,59485,27/09/2021,17:44:12,15,0,17.0,1.0,1.8,1.7,2,1,1.00,CYCLE,E
IND,208,6415,59485,27/09/2021,17:44:18,15,0,22.6,1.1,5.7,5.5,2,1,1.00,CYCLE,E
IND,208,6415,59485,27/09/2021,17:44:20,15,0,23.3,1.0,2.0,1.9,2,1,1.00,CYCLE,E
IND,208,6415,59486,27/09/2021,17:45:23,15,1,21.4,1.1,97.8,97.6,2,1,1.00,CYCLE,W
IND,208,6415,59486,27/09/2021,17:45:42,15,1,27.6,1.1,19.2,19.0,2,1,1.00,CYCLE,W
IND,208,6415,59485,27/09/2021,17:45:51,15,0,30.6,1.1,91.4,91.3,2,1,1.00,CYCLE,E
IND,208,6415,59485,27/09/2021,17:46:10,15,0,28.2,1.0,18.5,18.4,2,1,1.00,CYCLE,E
IND,208,6415,59485,27/09/2021,17:46:47,15,0,11.7,1.1,37.3,37.2,2,1,1.00,CYCLE,E
IND,208,6415,59485,27/09/2021,17:47:47,15,0,23.8,1.2,59.3,59.0,2,1,1.00,CYCLE,E
IND,208,6415,59485,27/09/2021,17:48:29,15,0,17.4,1.1,42.3,42.1,2,1,1.00,CYCLE,E
IND,208,6415,59485,27/09/2021,17:48:45,15,0,23.0,1.0,15.9,15.7,2,1,1.00,CYCLE,E
IND,208,6415,59486,27/09/2021,17:48:52,15,1,25.4,1.0,189.8,189.7,2,1,1.00,CYCLE,W
IND,208,6415,59486,27/09/2021,17:49:57,15,1,28.0,1.0,65.5,65.4,2,1,0.57,CYCLE,W
IND,208,6415,59486,27/09/2021,17:49:57,15,1,28.0,1.0,0.0,0.0,2,1,0.57,CYCLE,W
IND,208,6415,59485,27/09/2021,17:50:28,15,0,20.6,1.1,102.9,102.8,2,1,1.00,CYCLE,E
IND,208,6415,59485,27/09/2021,17:51:04,15,0,21.7,1.1,36.0,35.8,2,1,1.00,CYCLE,E
IND,208,6415,59485,27/09/2021,17:51:11,15,0,7.7,1.0,7.6,7.5,2,1,0.20,CYCLE,E
IND,208,6415,59485,27/09/2021,17:51:34,15,0,25.7,1.1,22.3,21.2,2,1,1.00,CYCLE,E
IND,208,6415,59485,27/09/2021,17:52:30,15,0,16.2,1.1,56.3,56.2,2,1,1.00,CYCLE,E
IND,208,6415,59485,27/09/2021,17:52:38,15,0,14.2,1.1,8.5,8.2,2,1,1.00,CYCLE,E
IND,208,6415,59486,27/09/2021,17:52:47,15,1,23.9,1.0,169.3,169.2,2,1,1.00,CYCLE,W
IND,208,6415,59485,27/09/2021,17:54:33,15,0,24.2,1.1,5.3,5.2,2,1,1.00,CYCLE,E
IND,208,6415,59486,27/09/2021,17:55:17,15,1,21.6,1.1,35.1,35.0,2,1,1.00,CYCLE,W
IND,208,6415,59485,27/09/2021,17:55:35,15,0,23.8,1.1,61.7,61.5,2,1,1.00,CYCLE,E
IND,208,6415,59485,27/09/2021,17:56:33,15,0,27.2,1.0,58.4,58.2,2,1,1.00,CYCLE,E
IND,208,6415,59485,27/09/2021,17:56:34,15,0,34.2,1.0,0.3,0.1,2,1,1.00,CYCLE,E
IND,208,6415,59485,27/09/2021,17:56:40,15,0,20.7,1.1,6.1,6.0,2,1,1.00,CYCLE,E
IND,208,6415,59486,27/09/2021,17:57:08,15,1,18.0,1.0,111.4,111.3,2,1,1.00,CYCLE,W
IND,208,6415,59485,27/09/2021,17:58:22,15,0,2.0,1.0,102.0,101.9,2,1,0.50,CYCLE,E
IND,208,6415,59485,27/09/2021,17:58:22,15,0,2.0,1.0,0.0,0.0,2,1,0.50,CYCLE,E
IND,208,6415,59486,27/09/2021,17:59:50,15,1,37.4,1.0,161.2,161.0,2,1,1.00,CYCLE,W
IND,208,6415,59485,27/09/2021,18:00:02,15,0,26.5,1.0,100.4,98.2,2,1,1.00,CYCLE,E
IND,208,6415,59486,27/09/2021,18:00:32,15,1,27.1,1.0,42.2,42.1,2,1,1.00,CYCLE,W
IND,208,6415,59485,27/09/2021,18:00:35,15,0,16.6,1.0,32.8,32.6,2,1,1.00,CYCLE,E
IND,208,6415,59485,27/09/2021,18:00:36,15,0,16.4,1.0,0.5,0.3,2,1,1.00,CYCLE,E
IND,208,6415,59485,27/09/2021,18:02:34,15,0,28.7,1.0,118.1,117.8,2,1,1.00,CYCLE,E
IND,208,6415,59485,27/09/2021,18:02:43,15,0,10.8,1.1,5.3,5.1,2,1,1.00,CYCLE,E
IND,208,6415,59485,27/09/2021,18:02:44,15,0,10.7,1.1,1.3,1.0,2,1,1.00,CYCLE,E
IND,208,6415,59485,27/09/2021,18:03:19,15,0,28.1,1.0,34.2,33.9,2,1,1.00,CYCLE,E
IND,208,6415,59486,27/09/2021,18:03:37,15,1,15.3,1.1,185.3,185.2,2,1,1.00,CYCLE,W
IND,208,6415,59485,27/09/2021,18:03:49,15,0,16.2,1.1,30.4,30.3,2,1,1.00,CYCLE,E
IND,208,6415,59485,27/09/2021,18:04:07,15,0,14.2,1.0,17.5,17.7,2,1,0.80,CYCLE,E
IND,208,6415,59485,27/09/2021,18:04:27,15,0,8.0,1.0,19.9,19.2,2,1,1.00,CYCLE,E
IND,208,6415,59485,27/09/2021,18:04:28,15,0,8.2,1.0,1.3,0.8,2,1,1.00,CYCLE,E
IND,208,6415,59485,27/09/2021,18:04:52,15,0,19.1,1.1,24.6,24.2,2,1,1.00,CYCLE,E
IND,208,6415,59485,27/09/2021,18:05:08,15,0,21.3,1.1,15.0,14.8,2,1,1.00,CYCLE,E
IND,208,6415,59486,27/09/2021,18:05:19,15,1,14.0,1.1,102.0,101.7,2,1,1.00,CYCLE,W
IND,208,6415,59485,27/09/2021,18:06:50,15,0,27.7,1.0,102.9,102.7,2,1,1.00,CYCLE,E
IND,208,6415,59485,27/09/2021,18:07:43,15,0,26.8,0.8,52.7,52.6,2,1,1.00,CYCLE,E
IND,208,6415,59485,27/09/2021,18:07:57,15,0,22.3,1.0,13.9,13.8,2,1,1.00,CYCLE,E
IND,208,6415,59485,27/09/2021,18:09:27,15,0,11.8,1.0,89.9,89.8,2,1,1.00,CYCLE,E
IND,208,6415,59486,27/09/2021,18:09:51,15,1,23.9,1.0,272.2,271.9,2,1,1.00,CYCLE,W
IND,208,6415,59486,27/09/2021,18:10:00,15,1,20.3,1.1,9.0,8.9,2,1,1.00,CYCLE,W
IND,208,6415,59485,27/09/2021,18:11:40,15,0,25.4,1.0,132.9,132.5,2,1,1.00,CYCLE,E
IND,208,6415,59485,27/09/2021,18:12:31,15,0,27.0,1.1,50.9,50.8,2,1,1.00,CYCLE,E
IND,208,6415,59486,27/09/2021,18:12:38,15,1,27.3,1.1,157.7,157.5,2,1,1.00,CYCLE,W
IND,208,6415,59485,27/09/2021,18:12:54,15,0,21.8,1.1,23.8,23.7,2,1,1.00,CYCLE,E
IND,208,6415,59485,27/09/2021,18:12:57,15,0,20.3,1.0,2.4,2.2,2,1,1.00,CYCLE,E
IND,208,6415,59485,27/09/2021,18:13:23,15,0,30.8,1.1,26.0,25.8,2,1,1.00,CYCLE,E
IND,208,6415,59486,27/09/2021,18:14:25,15,1,18.7,0.8,106.6,106.4,2,1,1.00,CYCLE,W
IND,208,6415,59485,27/09/2021,18:15:33,15,0,20.9,1.1,129.8,129.7,2,1,1.00,CYCLE,E
IND,208,6415,59485,27/09/2021,18:16:14,15,0,19.1,1.1,41.5,41.3,2,1,1.00,CYCLE,E
IND,208,6415,59485,27/09/2021,18:17:15,15,0,21.0,1.0,44.8,43.7,2,1,1.00,CYCLE,E
IND,208,6415,59486,27/09/2021,18:20:09,15,1,28.4,1.1,344.6,344.4,2,1,1.00,CYCLE,W
IND,208,6415,59486,27/09/2021,18:20:15,15,1,25.5,1.0,5.5,5.3,2,1,1.00,CYCLE,W
IND,208,6415,59485,27/09/2021,18:21:20,15,0,29.3,1.0,244.7,244.5,2,1,1.00,CYCLE,E
IND,208,6415,59486,27/09/2021,18:22:31,15,1,22.9,1.0,136.7,136.6,2,1,1.00,CYCLE,W
IND,208,6415,59486,27/09/2021,18:22:56,15,1,6.2,0.9,24.9,24.9,2,1,0.80,CYCLE,W
IND,208,6415,59486,27/09/2021,18:23:51,15,1,17.2,1.1,29.8,29.5,2,1,1.00,CYCLE,W
IND,208,6415,59486,27/09/2021,18:23:52,15,1,18.4,1.1,1.0,0.8,2,1,1.00,CYCLE,W
IND,208,6415,59486,27/09/2021,18:24:12,15,1,26.6,1.0,20.1,19.8,2,1,1.00,CYCLE,W
IND,208,6415,59485,27/09/2021,18:25:19,15,0,24.2,1.1,239.3,239.1,2,1,1.00,CYCLE,E
IND,208,6415,59486,27/09/2021,18:26:10,15,1,22.1,1.0,118.3,118.6,2,1,0.80,CYCLE,W
IND,208,6415,59486,27/09/2021,18:26:22,15,1,18.6,1.0,11.7,11.1,2,1,1.00,CYCLE,W
IND,208,6415,59485,27/09/2021,18:26:32,15,0,29.7,1.0,73.5,73.3,2,1,1.00,CYCLE,E
IND,208,6415,59485,27/09/2021,18:26:42,15,0,23.1,1.0,9.5,9.4,2,1,1.00,CYCLE,E
IND,208,6415,59485,27/09/2021,18:27:20,15,0,5.4,1.0,38.0,37.8,2,1,0.57,CYCLE,E
IND,208,6415,59485,27/09/2021,18:28:25,15,0,33.8,1.0,64.7,63.5,2,1,1.00,CYCLE,E
IND,208,6415,59485,27/09/2021,18:29:10,15,0,22.4,1.1,45.7,45.6,2,1,1.00,CYCLE,E
IND,208,6415,59485,27/09/2021,18:29:36,15,0,21.2,1.1,25.3,25.2,2,1,1.00,CYCLE,E
IND,208,6415,59485,27/09/2021,18:29:53,15,0,25.3,1.0,17.1,16.9,2,1,1.00,CYCLE,E
IND,208,6415,59485,27/09/2021,18:30:47,15,0,23.8,1.1,53.7,53.6,2,1,1.00,CYCLE,E
IND,208,6415,59486,27/09/2021,18:31:11,15,1,28.3,1.0,259.4,259.3,2,1,1.00,CYCLE,W
IND,208,6415,59486,27/09/2021,18:32:00,15,1,25.4,1.0,49.3,49.2,2,1,1.00,CYCLE,W
IND,208,6415,59486,27/09/2021,18:32:05,15,1,22.8,1.0,4.7,4.6,2,1,1.00,CYCLE,W
IND,208,6415,59485,27/09/2021,18:32:42,15,0,24.3,1.0,115.5,115.3,2,1,1.00,CYCLE,E
IND,208,6415,59486,27/09/2021,18:33:31,15,1,28.6,1.0,86.3,86.1,2,1,1.00,CYCLE,W
IND,208,6415,59485,27/09/2021,18:33:40,15,0,2.8,0.4,57.7,57.6,2,1,1.00,CYCLE,E
IND,208,6415,59485,27/09/2021,18:33:46,15,0,18.2,1.0,6.3,6.5,2,1,0.80,CYCLE,E
IND,208,6415,59485,27/09/2021,18:34:11,15,0,19.8,1.1,25.2,24.4,2,1,1.00,CYCLE,E
IND,208,6415,59486,27/09/2021,18:35:14,15,1,30.8,1.0,102.9,102.8,2,1,1.00,CYCLE,W
IND,208,6415,59486,27/09/2021,18:35:43,15,1,34.1,1.0,28.9,28.8,2,1,1.00,CYCLE,W
IND,208,6415,59486,27/09/2021,18:35:44,15,1,24.2,1.0,1.1,1.0,2,1,1.00,CYCLE,W
IND,208,6415,59485,27/09/2021,18:35:47,15,0,28.3,1.0,95.8,95.6,2,1,1.00,CYCLE,E
IND,208,6415,59485,27/09/2021,18:36:21,15,0,15.5,1.1,34.4,34.2,2,1,1.00,CYCLE,E
IND,208,6415,59485,27/09/2021,18:36:22,15,0,15.9,1.0,0.9,0.6,2,1,1.00,CYCLE,E
IND,208,6415,59486,27/09/2021,18:38:00,15,1,24.7,1.1,135.5,135.4,2,1,1.00,CYCLE,W
IND,208,6415,59486,27/09/2021,18:39:14,15,1,13.8,1.0,74.4,74.3,2,1,1.00,CYCLE,W
IND,208,6415,59485,27/09/2021,18:39:50,15,0,27.4,1.0,208.1,207.9,2,1,1.00,CYCLE,E
IND,208,6415,59486,27/09/2021,18:40:08,15,1,24.5,1.0,53.3,53.0,2,1,1.00,CYCLE,W
IND,208,6415,59486,27/09/2021,18:40:36,15,1,12.4,1.0,28.5,28.4,2,1,1.00,CYCLE,W
IND,208,6415,59485,27/09/2021,18:44:45,15,0,17.8,1.1,294.3,294.2,2,1,1.00,CYCLE,E
IND,208,6415,59485,27/09/2021,18:45:46,15,0,24.4,1.1,61.7,61.5,2,1,1.00,CYCLE,E
IND,208,6415,59486,27/09/2021,18:46:12,15,1,22.7,1.1,242.1,241.4,2,1,1.00,CYCLE,W
IND,208,6415,59485,27/09/2021,18:47:57,15,0,17.7,1.0,51.4,51.4,2,1,1.00,CYCLE,E
IND,208,6415,59486,27/09/2021,18:47:59,15,1,5.2,1.0,106.8,106.6,2,1,0.22,CYCLE,W
IND,208,6415,59486,27/09/2021,18:47:59,15,1,5.2,1.0,0.0,0.0,2,1,0.22,CYCLE,W
IND,208,6415,59486,27/09/2021,18:49:03,15,1,27.9,1.1,64.4,63.1,2,1,1.00,CYCLE,W
IND,208,6415,59485,27/09/2021,18:51:27,15,0,17.9,1.0,210.8,210.6,2,1,1.00,CYCLE,E
IND,208,6415,59485,27/09/2021,18:52:03,15,0,24.0,1.0,35.1,34.9,2,1,1.00,CYCLE,E
IND,208,6415,59485,27/09/2021,18:53:56,15,0,18.6,1.0,113.6,113.4,2,1,1.00,CYCLE,E
IND,208,6415,59485,27/09/2021,18:54:23,15,0,24.6,1.0,26.7,26.5,2,1,1.00,CYCLE,E
IND,208,6415,59486,27/09/2021,18:56:10,15,1,22.4,1.1,426.3,426.2,2,1,1.00,CYCLE,W
IND,208,6415,59485,27/09/2021,18:56:17,15,0,22.5,1.1,114.0,113.9,2,1,1.00,CYCLE,E
IND,208,6415,59486,27/09/2021,18:58:00,15,1,21.7,1.1,110.4,110.3,2,1,1.00,CYCLE,W
IND,208,6415,59485,27/09/2021,19:01:08,15,0,20.4,1.0,291.2,291.0,2,1,1.00,CYCLE,E
IND,208,6415,59485,27/09/2021,19:02:02,15,0,24.5,1.0,53.9,53.8,2,1,1.00,CYCLE,E
IND,208,6415,59485,27/09/2021,19:10:04,15,0,15.4,1.0,481.7,481.6,2,1,1.00,CYCLE,E
IND,208,6415,59485,27/09/2021,19:11:04,15,0,19.1,1.1,60.6,60.3,2,1,1.00,CYCLE,E
IND,208,6415,59486,27/09/2021,19:14:08,15,1,30.0,1.2,967.4,967.2,2,1,1.00,CYCLE,W
IND,208,6415,59485,27/09/2021,19:16:05,15,0,6.9,1.1,300.9,300.7,2,1,1.00,CYCLE,E
IND,208,6415,59486,27/09/2021,19:19:33,15,1,20.3,1.1,325.6,325.5,2,1,1.00,CYCLE,W
IND,208,6415,59486,27/09/2021,19:22:17,15,1,22.9,1.0,163.6,163.4,2,1,1.00,CYCLE,W
IND,208,6415,59486,27/09/2021,19:22:18,15,1,24.4,1.0,0.8,0.6,2,1,1.00,CYCLE,W
IND,208,6415,59485,27/09/2021,19:26:22,15,0,26.2,1.0,617.1,616.5,2,1,1.00,CYCLE,E
IND,208,6415,59485,27/09/2021,19:27:30,15,0,20.2,1.1,67.4,67.2,2,1,1.00,CYCLE,E
IND,208,6415,59485,27/09/2021,19:33:40,15,0,27.3,1.0,370.0,369.8,2,1,1.00,CYCLE,E
IND,208,6415,59485,27/09/2021,19:33:41,15,0,24.6,1.0,0.9,0.8,2,1,1.00,CYCLE,E
IND,208,6415,59486,27/09/2021,19:36:18,15,1,26.1,1.0,840.7,840.6,2,1,1.00,CYCLE,W
IND,208,6415,59485,27/09/2021,19:37:03,15,0,23.5,1.1,202.9,202.7,2,1,1.00,CYCLE,E
IND,208,6415,59486,27/09/2021,19:38:58,15,1,25.7,1.0,159.6,159.5,2,1,1.00,CYCLE,W
IND,208,6415,59485,27/09/2021,19:39:11,15,0,21.7,1.1,127.7,127.5,2,1,1.00,CYCLE,E
IND,208,6415,59485,27/09/2021,19:48:55,15,0,19.3,1.1,583.4,583.3,2,1,1.00,CYCLE,E
IND,208,6415,59486,27/09/2021,19:49:05,15,1,25.8,1.0,607.0,606.9,2,1,1.00,CYCLE,W
IND,208,6415,59485,27/09/2021,19:59:03,15,0,23.6,1.1,608.9,608.7,2,1,1.00,CYCLE,E
IND,208,6415,59486,27/09/2021,20:01:44,15,1,27.9,1.0,758.5,758.4,2,1,1.00,CYCLE,W
IND,208,6415,59486,27/09/2021,20:06:12,15,1,31.4,1.0,268.2,268.1,2,1,1.00,CYCLE,W
IND,208,6415,59485,27/09/2021,20:11:28,15,0,22.9,1.1,716.4,716.4,2,1,1.00,CYCLE,E
IND,208,6415,59485,27/09/2021,20:13:30,15,0,27.4,1.0,122.7,122.6,2,1,1.00,CYCLE,E
IND,208,6415,59486,27/09/2021,20:15:14,15,1,23.4,1.1,542.2,542.1,2,1,1.00,CYCLE,W
IND,208,6415,59485,27/09/2021,20:19:04,15,0,20.5,1.1,334.1,334.0,2,1,1.00,CYCLE,E
IND,208,6415,59485,27/09/2021,20:22:59,15,0,28.2,1.0,234.2,234.0,2,1,1.00,CYCLE,E
IND,208,6415,59486,27/09/2021,20:26:40,15,1,32.4,1.1,685.7,685.5,2,1,1.00,CYCLE,W
IND,208,6415,59485,27/09/2021,20:30:05,15,0,19.2,1.1,426.1,426.0,2,1,1.00,CYCLE,E
IND,208,6415,59485,27/09/2021,20:30:35,15,0,20.7,1.0,30.2,29.9,2,1,1.00,CYCLE,E
IND,208,6415,59485,27/09/2021,20:32:18,15,0,27.9,1.1,103.5,103.3,2,1,1.00,CYCLE,E
IND,208,6415,59486,27/09/2021,20:37:23,15,1,22.0,1.1,643.4,643.3,2,1,1.00,CYCLE,W
IND,208,6415,59485,27/09/2021,20:39:55,15,0,22.5,1.0,456.6,456.5,2,1,1.00,CYCLE,E
IND,208,6415,59486,27/09/2021,20:44:18,15,1,31.7,1.0,415.4,415.2,2,1,1.00,CYCLE,W
IND,208,6415,59486,27/09/2021,20:44:19,15,1,32.7,1.0,0.9,0.8,2,1,1.00,CYCLE,W
IND,208,6415,59485,27/09/2021,20:53:05,15,0,14.3,1.1,790.4,790.3,2,1,1.00,CYCLE,E
IND,208,6415,59486,27/09/2021,20:53:40,15,1,22.7,1.1,560.8,560.8,2,1,1.00,CYCLE,W
IND,208,6415,59486,27/09/2021,21:09:50,15,1,26.2,1.0,970.1,969.9,2,1,1.00,CYCLE,W
IND,208,6415,59486,28/09/2021,00:11:08,15,1,26.9,1.1,10877.9,10877.8,2,1,1.00,CYCLE,W
IND,208,6415,59485,28/09/2021,00:22:20,15,0,19.2,1.1,12554.9,12554.6,2,1,1.00,CYCLE,E
IND,208,6415,59485,28/09/2021,03:54:29,15,0,22.1,1.1,12728.4,12728.2,2,1,1.00,CYCLE,E
IND,208,6415,59486,28/09/2021,05:35:18,15,1,21.4,1.0,11543.6,11543.6,2,1,1.00,CYCLE,W
IND,208,6415,59486,28/09/2021,05:39:06,15,1,25.3,1.0,227.8,227.7,2,1,1.00,CYCLE,W
IND,208,6415,59486,28/09/2021,05:44:39,15,1,26.7,1.0,333.7,333.6,2,1,1.00,CYCLE,W
IND,208,6415,59485,28/09/2021,05:51:42,15,0,19.8,1.1,7033.4,7033.2,2,1,1.00,CYCLE,E
IND,208,6415,59486,28/09/2021,05:58:50,15,1,29.6,1.0,851.0,850.8,2,1,1.00,CYCLE,W
IND,208,6415,59486,28/09/2021,06:04:06,15,1,26.4,1.0,316.2,316.1,2,1,1.00,CYCLE,W
IND,208,6415,59486,28/09/2021,06:07:15,15,1,31.1,1.1,188.7,188.5,2,1,1.00,CYCLE,W
IND,208,6415,59486,28/09/2021,06:12:00,15,1,26.0,1.1,284.6,284.5,2,1,1.00,CYCLE,W
IND,208,6415,59485,28/09/2021,06:14:03,15,0,27.1,0.9,400.2,400.0,2,1,1.00,CYCLE,E
IND,208,6415,59485,28/09/2021,06:15:38,15,0,25.6,1.1,94.8,94.7,2,1,1.00,CYCLE,E
IND,208,6415,59486,28/09/2021,06:19:11,15,1,27.5,1.0,431.8,431.6,2,1,1.00,CYCLE,W
IND,208,6415,59485,28/09/2021,06:22:05,15,0,28.5,1.0,128.1,128.1,2,1,1.00,CYCLE,E
IND,208,6415,59485,28/09/2021,06:22:18,15,0,19.5,1.1,13.5,13.4,2,1,1.00,CYCLE,E
IND,208,6415,59485,28/09/2021,06:28:38,15,0,20.0,1.0,379.5,379.3,2,1,1.00,CYCLE,E
IND,208,6415,59486,28/09/2021,06:28:58,15,1,28.6,1.1,586.8,586.7,2,1,1.00,CYCLE,W
IND,208,6415,59486,28/09/2021,06:30:02,15,1,23.2,1.0,63.5,63.4,2,1,1.00,CYCLE,W
IND,208,6415,59486,28/09/2021,06:33:01,15,1,27.1,1.0,178.7,178.6,2,1,1.00,CYCLE,W
IND,208,6415,59486,28/09/2021,06:33:07,15,1,36.2,1.1,6.8,6.6,2,1,1.00,CYCLE,W
IND,208,6415,59486,28/09/2021,06:34:04,15,1,29.5,1.1,56.9,56.8,2,1,1.00,CYCLE,W
IND,208,6415,59485,28/09/2021,06:34:44,15,0,23.2,1.1,365.8,365.6,2,1,1.00,CYCLE,E
IND,208,6415,59485,28/09/2021,06:34:44,15,0,24.0,1.0,0.6,0.5,2,1,1.00,CYCLE,E
IND,208,6415,59486,28/09/2021,06:34:54,15,1,26.3,1.1,49.4,49.3,2,1,1.00,CYCLE,W
IND,208,6415,59486,28/09/2021,06:36:11,15,1,34.1,1.0,77.9,77.7,2,1,1.00,CYCLE,W
IND,208,6415,59486,28/09/2021,06:36:30,15,1,2.7,0.5,18.7,19.1,2,1,1.00,CYCLE,W
IND,208,6415,59485,28/09/2021,06:36:39,15,0,21.7,1.0,115.3,115.1,2,1,1.00,CYCLE,E
IND,208,6415,59486,28/09/2021,06:36:43,15,1,30.9,1.0,12.8,12.3,2,1,1.00,CYCLE,W
IND,208,6415,59485,28/09/2021,06:41:43,15,0,25.8,1.0,303.7,303.5,2,1,1.00,CYCLE,E
IND,208,6415,59486,28/09/2021,06:42:41,15,1,24.9,1.0,298.7,298.8,2,1,1.00,CYCLE,W
IND,208,6415,59485,28/09/2021,06:43:19,15,0,26.7,1.0,95.5,95.4,2,1,1.00,CYCLE,E
IND,208,6415,59486,28/09/2021,06:43:26,15,1,25.3,1.0,44.7,44.6,2,1,1.00,CYCLE,W
IND,208,6415,59486,28/09/2021,06:43:31,15,1,28.0,1.0,5.9,5.8,2,1,1.00,CYCLE,W
IND,208,6415,59485,28/09/2021,06:43:46,15,0,23.6,1.1,26.9,26.8,2,1,1.00,CYCLE,E
IND,208,6415,59486,28/09/2021,06:44:47,15,1,29.2,1.1,76.0,75.8,2,1,1.00,CYCLE,W
IND,208,6415,59486,28/09/2021,06:45:27,15,1,29.1,1.0,39.6,39.4,2,1,1.00,CYCLE,W
IND,208,6415,59486,28/09/2021,06:45:53,15,1,23.9,1.1,25.7,25.6,2,1,1.00,CYCLE,W
IND,208,6415,59485,28/09/2021,06:46:10,15,0,21.6,1.0,144.3,144.1,2,1,1.00,CYCLE,E
IND,208,6415,59486,28/09/2021,06:46:26,15,1,29.2,1.0,33.4,33.3,2,1,1.00,CYCLE,W
IND,208,6415,59486,28/09/2021,06:47:16,15,1,25.2,1.1,49.7,49.6,2,1,1.00,CYCLE,W
IND,208,6415,59486,28/09/2021,06:48:06,15,1,25.9,1.0,49.9,49.7,2,1,1.00,CYCLE,W
IND,208,6415,59486,28/09/2021,06:48:36,15,1,34.1,0.9,30.2,30.0,2,1,1.00,CYCLE,W
IND,208,6415,59486,28/09/2021,06:48:40,15,1,29.5,1.0,4.3,4.2,2,1,1.00,CYCLE,W
IND,208,6415,59485,28/09/2021,06:50:33,15,0,21.6,1.0,263.2,263.1,2,1,1.00,CYCLE,E
IND,208,6415,59485,28/09/2021,06:50:33,15,0,21.4,1.0,0.3,0.1,2,1,1.00,CYCLE,E
IND,208,6415,59486,28/09/2021,06:50:45,15,1,32.3,1.1,124.5,124.4,2,1,1.00,CYCLE,W
IND,208,6415,59486,28/09/2021,06:50:57,15,1,27.5,1.1,11.9,11.8,2,1,1.00,CYCLE,W
IND,208,6415,59486,28/09/2021,06:51:19,15,1,25.5,1.1,22.6,22.5,2,1,1.00,CYCLE,W
IND,208,6415,59486,28/09/2021,06:52:05,15,1,22.8,0.9,45.6,45.4,2,1,1.00,CYCLE,W
IND,208,6415,59486,28/09/2021,06:53:42,15,1,28.1,1.0,97.3,97.1,2,1,1.00,CYCLE,W
IND,208,6415,59485,28/09/2021,06:53:57,15,0,23.1,1.0,203.6,203.5,2,1,1.00,CYCLE,E
IND,208,6415,59486,28/09/2021,06:53:59,15,1,23.5,1.1,17.3,17.2,2,1,1.00,CYCLE,W
IND,208,6415,59486,28/09/2021,06:54:47,15,1,27.6,1.0,47.6,47.4,2,1,1.00,CYCLE,W
IND,208,6415,59486,28/09/2021,06:57:47,15,1,27.0,1.1,10.1,9.8,2,1,1.00,CYCLE,W
IND,208,6415,59486,28/09/2021,06:58:58,15,1,31.1,1.0,71.4,71.2,2,1,1.00,CYCLE,W
IND,208,6415,59486,28/09/2021,06:59:21,15,1,27.1,1.0,22.6,22.5,2,1,1.00,CYCLE,W
IND,208,6415,59486,28/09/2021,06:59:22,15,1,26.6,0.9,1.5,1.3,2,1,1.00,CYCLE,W
IND,208,6415,59486,28/09/2021,07:00:29,15,1,33.5,0.9,66.4,66.2,2,1,1.00,CYCLE,W
IND,208,6415,59485,28/09/2021,07:00:35,15,0,19.6,1.1,397.7,397.6,2,1,1.00,CYCLE,E
IND,208,6415,59486,28/09/2021,07:00:44,15,1,25.8,1.0,15.4,15.3,2,1,0.29,CYCLE,W
IND,208,6415,59486,28/09/2021,07:00:44,15,1,25.8,1.0,0.0,0.0,2,1,0.29,CYCLE,W
IND,208,6415,59486,28/09/2021,07:01:17,15,1,25.5,1.0,32.3,32.1,2,1,1.00,CYCLE,W
IND,208,6415,59485,28/09/2021,07:01:28,15,0,19.1,1.1,53.7,53.5,2,1,1.00,CYCLE,E
IND,208,6415,59486,28/09/2021,07:02:40,15,1,32.8,1.0,83.5,83.3,2,1,1.00,CYCLE,W
IND,208,6415,59486,28/09/2021,07:03:18,15,1,25.6,1.1,38.2,38.1,2,1,1.00,CYCLE,W
IND,208,6415,59485,28/09/2021,07:04:09,15,0,22.1,1.1,160.9,160.6,2,1,1.00,CYCLE,E
IND,208,6415,59486,28/09/2021,07:07:38,15,1,27.8,1.0,259.6,259.5,2,1,1.00,CYCLE,W
IND,208,6415,59485,28/09/2021,07:07:42,15,0,6.4,1.0,212.7,212.6,2,1,0.50,CYCLE,E
IND,208,6415,59486,28/09/2021,07:07:42,15,1,6.4,1.0,0.0,0.0,2,1,0.50,CYCLE,W
IND,208,6415,59486,28/09/2021,07:08:27,15,1,33.0,1.0,49.3,49.2,2,1,1.00,CYCLE,W
IND,208,6415,59486,28/09/2021,07:08:54,15,1,28.8,1.0,26.9,26.8,2,1,1.00,CYCLE,W
IND,208,6415,59486,28/09/2021,07:09:10,15,1,32.1,1.0,15.7,15.5,2,1,1.00,CYCLE,W
IND,208,6415,59485,28/09/2021,07:10:32,15,0,24.4,1.0,169.6,168.4,2,1,1.00,CYCLE,E
IND,208,6415,59486,28/09/2021,07:11:14,15,1,29.7,1.0,124.7,124.6,2,1,1.00,CYCLE,W
IND,208,6415,59486,28/09/2021,07:11:31,15,1,30.4,1.0,16.4,16.3,2,1,1.00,CYCLE,W
IND,208,6415,59486,28/09/2021,07:12:49,15,1,30.1,1.0,78.0,77.9,2,1,1.00,CYCLE,W
IND,208,6415,59486,28/09/2021,07:12:57,15,1,30.1,1.0,8.5,8.4,2,1,1.00,CYCLE,W
IND,208,6415,59486,28/09/2021,07:15:48,15,1,29.1,1.0,171.0,170.9,2,1,1.00,CYCLE,W
IND,208,6415,59486,28/09/2021,07:17:05,15,1,29.3,1.0,76.5,76.3,2,1,1.00,CYCLE,W
IND,208,6415,59486,28/09/2021,07:17:21,15,1,27.1,1.0,16.4,16.2,2,1,1.00,CYCLE,W
IND,208,6415,59485,28/09/2021,07:17:29,15,0,21.3,1.0,417.0,416.9,2,1,1.00,CYCLE,E
IND,208,6415,59486,28/09/2021,07:18:25,15,1,27.4,1.0,64.1,64.0,2,1,1.00,CYCLE,W
IND,208,6415,59486,28/09/2021,07:18:33,15,1,31.4,1.0,7.8,7.7,2,1,1.00,CYCLE,W
IND,208,6415,59485,28/09/2021,07:19:45,15,0,21.3,1.0,136.3,136.1,2,1,1.00,CYCLE,E
IND,208,6415,59486,28/09/2021,07:19:48,15,1,25.5,1.0,74.6,74.5,2,1,1.00,CYCLE,W
IND,208,6415,59486,28/09/2021,07:20:20,15,1,29.4,1.0,32.7,32.6,2,1,1.00,CYCLE,W
IND,208,6415,59486,28/09/2021,07:20:45,15,1,27.5,1.1,24.6,24.4,2,1,1.00,CYCLE,W
IND,208,6415,59486,28/09/2021,07:22:14,15,1,24.5,1.1,88.7,88.6,2,1,1.00,CYCLE,W
IND,208,6415,59485,28/09/2021,07:22:41,15,0,20.4,1.1,176.5,176.3,2,1,1.00,CYCLE,E
IND,208,6415,59486,28/09/2021,07:24:33,15,1,24.2,1.0,139.3,139.2,2,1,1.00,CYCLE,W
IND,208,6415,59486,28/09/2021,07:26:38,15,1,26.4,1.1,124.5,124.4,2,1,1.00,CYCLE,W
IND,208,6415,59486,28/09/2021,07:27:11,15,1,27.7,1.0,32.9,32.8,2,1,1.00,CYCLE,W
IND,208,6415,59486,28/09/2021,07:27:22,15,1,32.1,1.0,11.6,11.5,2,1,1.00,CYCLE,W
IND,208,6415,59486,28/09/2021,07:27:39,15,1,29.0,1.1,17.1,17.0,2,1,1.00,CYCLE,W
IND,208,6415,59486,28/09/2021,07:28:49,15,1,24.8,1.0,69.7,69.5,2,1,1.00,CYCLE,W
IND,208,6415,59486,28/09/2021,07:29:18,15,1,27.1,1.0,14.3,14.2,2,1,1.00,CYCLE,W
IND,208,6415,59486,28/09/2021,07:29:19,15,1,27.2,1.0,1.1,1.0,2,1,1.00,CYCLE,W
IND,208,6415,59486,28/09/2021,07:30:21,15,1,19.4,1.1,61.7,61.5,2,1,1.00,CYCLE,W
IND,208,6415,59486,28/09/2021,07:30:44,15,1,29.4,1.1,23.0,22.7,2,1,1.00,CYCLE,W
IND,208,6415,59486,28/09/2021,07:31:01,15,1,31.2,1.0,17.1,17.0,2,1,1.00,CYCLE,W
IND,208,6415,59486,28/09/2021,07:31:02,15,1,31.2,1.0,0.6,0.5,2,1,1.00,CYCLE,W
IND,208,6415,59486,28/09/2021,07:31:36,15,1,26.9,1.1,34.3,34.2,2,1,1.00,CYCLE,W
IND,208,6415,59486,28/09/2021,07:31:53,15,1,30.9,1.0,16.9,16.7,2,1,1.00,CYCLE,W
IND,208,6415,59486,28/09/2021,07:32:38,15,1,28.2,1.0,45.0,44.9,2,1,1.00,CYCLE,W
IND,208,6415,59486,28/09/2021,07:32:49,15,1,24.5,1.0,11.6,11.5,2,1,1.00,CYCLE,W
IND,208,6415,59485,28/09/2021,07:34:29,15,0,24.5,1.1,221.8,221.0,2,1,1.00,CYCLE,E
IND,208,6415,59485,28/09/2021,07:34:41,15,0,30.4,1.1,11.6,11.4,2,1,1.00,CYCLE,E
IND,208,6415,59486,28/09/2021,07:34:47,15,1,33.7,1.0,117.7,117.5,2,1,1.00,CYCLE,W
IND,208,6415,59486,28/09/2021,07:34:53,15,1,24.9,1.0,5.6,5.5,2,1,1.00,CYCLE,W
IND,208,6415,59486,28/09/2021,07:34:54,15,1,28.3,1.0,0.9,0.7,2,1,1.00,CYCLE,W
IND,208,6415,59485,28/09/2021,07:35:02,15,0,25.4,1.1,21.4,21.3,2,1,1.00,CYCLE,E
IND,208,6415,59485,28/09/2021,07:35:32,15,0,6.0,1.0,30.3,30.2,2,1,0.22,CYCLE,E
IND,208,6415,59485,28/09/2021,07:35:32,15,0,6.0,1.0,0.0,0.0,2,1,0.22,CYCLE,E
IND,208,6415,59486,28/09/2021,07:35:36,15,1,27.6,1.0,42.3,42.2,2,1,1.00,CYCLE,W
IND,208,6415,59486,28/09/2021,07:35:37,15,1,27.8,1.0,1.2,1.0,2,1,1.00,CYCLE,W
IND,208,6415,59486,28/09/2021,07:35:39,15,1,27.2,1.0,1.5,1.4,2,1,1.00,CYCLE,W
IND,208,6415,59485,28/09/2021,07:36:44,15,0,20.4,1.0,72.1,71.0,2,1,1.00,CYCLE,E
IND,208,6415,59486,28/09/2021,07:36:46,15,1,26.4,1.0,67.4,67.2,2,1,1.00,CYCLE,W
IND,208,6415,59486,28/09/2021,07:37:08,15,1,28.3,1.1,21.7,21.5,2,1,1.00,CYCLE,W
IND,208,6415,59486,28/09/2021,07:37:49,15,1,28.4,1.1,41.2,41.0,2,1,1.00,CYCLE,W
IND,208,6415,59486,28/09/2021,07:38:20,15,1,28.3,1.0,30.9,30.8,2,1,0.67,CYCLE,W
IND,208,6415,59486,28/09/2021,07:38:55,15,1,26.2,1.1,35.0,34.2,2,1,1.00,CYCLE,W
IND,208,6415,59486,28/09/2021,07:39:08,15,1,27.9,1.0,13.8,13.6,2,1,1.00,CYCLE,W
IND,208,6415,59486,28/09/2021,07:39:26,15,1,23.5,1.1,17.3,17.2,2,1,1.00,CYCLE,W
IND,208,6415,59486,28/09/2021,07:39:27,15,1,22.9,1.1,1.2,1.0,2,1,1.00,CYCLE,W
IND,208,6415,59486,28/09/2021,07:39:40,15,1,31.3,1.0,13.4,13.3,2,1,1.00,CYCLE,W
IND,208,6415,59486,28/09/2021,07:40:20,15,1,29.0,1.0,39.6,39.5,2,1,1.00,CYCLE,W
IND,208,6415,59486,28/09/2021,07:41:10,15,1,22.8,1.1,50.3,50.2,2,1,1.00,CYCLE,W
IND,208,6415,59485,28/09/2021,07:41:48,15,0,22.2,1.0,303.4,303.2,2,1,1.00,CYCLE,E
IND,208,6415,59485,28/09/2021,07:41:48,15,0,23.0,1.0,0.3,0.2,2,1,1.00,CYCLE,E
IND,208,6415,59486,28/09/2021,07:41:51,15,1,30.7,1.0,40.4,40.3,2,1,1.00,CYCLE,W
IND,208,6415,59486,28/09/2021,07:41:51,15,1,29.6,1.0,0.8,0.6,2,1,1.00,CYCLE,W
IND,208,6415,59485,28/09/2021,07:42:54,15,0,19.1,1.1,65.9,65.7,2,1,1.00,CYCLE,E
IND,208,6415,59486,28/09/2021,07:43:26,15,1,26.5,1.1,94.8,94.7,2,1,1.00,CYCLE,W
IND,208,6415,59486,28/09/2021,07:44:07,15,1,31.8,1.0,40.5,40.3,2,1,1.00,CYCLE,W
IND,208,6415,59486,28/09/2021,07:44:23,15,1,28.5,1.0,15.8,15.7,2,1,1.00,CYCLE,W
IND,208,6415,59486,28/09/2021,07:44:50,15,1,27.4,1.1,27.5,27.4,2,1,1.00,CYCLE,W
IND,208,6415,59486,28/09/2021,07:45:31,15,1,29.1,1.0,40.6,40.4,2,1,1.00,CYCLE,W
IND,208,6415,59486,28/09/2021,07:45:57,15,1,26.8,1.0,26.1,26.0,2,1,1.00,CYCLE,W
IND,208,6415,59486,28/09/2021,07:46:06,15,1,31.6,1.0,8.9,8.7,2,1,1.00,CYCLE,W
IND,208,6415,59486,28/09/2021,07:46:15,15,1,27.9,1.0,9.8,9.7,2,1,1.00,CYCLE,W
IND,208,6415,59486,28/09/2021,07:46:45,15,1,25.8,1.0,29.8,29.7,2,1,1.00,CYCLE,W
IND,208,6415,59486,28/09/2021,07:47:14,15,1,29.0,1.0,28.9,28.8,2,1,1.00,CYCLE,W
IND,208,6415,59485,28/09/2021,07:47:19,15,0,18.9,1.1,264.9,264.7,2,1,1.00,CYCLE,E
IND,208,6415,59486,28/09/2021,07:47:47,15,1,19.0,1.0,29.6,28.9,2,1,1.00,CYCLE,W
IND,208,6415,59486,28/09/2021,07:47:53,15,1,23.5,1.1,6.6,6.4,2,1,1.00,CYCLE,W
IND,208,6415,59486,28/09/2021,07:48:22,15,1,30.9,1.0,28.7,28.5,2,1,1.00,CYCLE,W
IND,208,6415,59486,28/09/2021,07:49:27,15,1,31.5,1.0,65.4,65.3,2,1,1.00,CYCLE,W
IND,208,6415,59486,28/09/2021,07:50:15,15,1,32.8,1.0,47.5,47.4,2,1,1.00,CYCLE,W
IND,208,6415,59486,28/09/2021,07:51:43,15,1,29.4,1.0,88.1,88.0,2,1,1.00,CYCLE,W
IND,208,6415,59486,28/09/2021,07:51:43,15,1,30.2,1.0,0.4,0.3,2,1,1.00,CYCLE,W
IND,208,6415,59486,28/09/2021,07:52:48,15,1,26.8,1.0,64.5,64.4,2,1,1.00,CYCLE,W
IND,208,6415,59486,28/09/2021,07:53:04,15,1,25.2,1.0,15.8,15.6,2,1,1.00,CYCLE,W
IND,208,6415,59486,28/09/2021,07:53:50,15,1,24.0,1.0,46.7,46.6,2,1,1.00,CYCLE,W
IND,208,6415,59486,28/09/2021,07:53:55,15,1,26.4,1.1,4.5,4.3,2,1,1.00,CYCLE,W
IND,208,6415,59485,28/09/2021,07:54:36,15,0,22.7,1.1,436.7,436.5,2,1,1.00,CYCLE,E
IND,208,6415,59486,28/09/2021,07:55:00,15,1,26.1,0.9,65.6,65.4,2,1,1.00,CYCLE,W
IND,208,6415,59486,28/09/2021,07:55:17,15,1,28.4,1.0,16.8,16.6,2,1,1.00,CYCLE,W
IND,208,6415,59486,28/09/2021,07:55:54,15,1,29.4,1.0,37.3,37.2,2,1,1.00,CYCLE,W
IND,208,6415,59486,28/09/2021,07:56:58,15,1,27.3,0.9,63.2,63.1,2,1,1.00,CYCLE,W
IND,208,6415,59486,28/09/2021,07:57:00,15,1,34.9,1.0,2.5,2.4,2,1,1.00,CYCLE,W
IND,208,6415,59486,28/09/2021,07:57:16,15,1,24.7,1.0,15.4,15.3,2,1,1.00,CYCLE,W
IND,208,6415,59485,28/09/2021,07:57:27,15,0,23.5,1.1,171.9,171.7,2,1,1.00,CYCLE,E
IND,208,6415,59486,28/09/2021,07:58:23,15,1,29.8,1.0,15.1,14.1,2,1,1.00,CYCLE,W
IND,208,6415,59486,28/09/2021,07:59:25,15,1,36.9,0.9,62.7,62.6,2,1,1.00,CYCLE,W
IND,208,6415,59486,28/09/2021,07:59:28,15,1,23.1,1.0,2.7,2.7,2,1,1.00,CYCLE,W
IND,208,6415,59486,28/09/2021,07:59:29,15,1,22.9,1.0,0.4,0.3,2,1,1.00,CYCLE,W
IND,208,6415,59486,28/09/2021,08:00:53,15,1,24.3,1.0,84.4,84.2,2,1,1.00,CYCLE,W
IND,208,6415,59486,28/09/2021,08:01:15,15,1,28.9,1.1,22.2,22.0,2,1,1.00,CYCLE,W
IND,208,6415,59486,28/09/2021,08:01:18,15,1,30.0,1.1,3.1,3.0,2,1,1.00,CYCLE,W
IND,208,6415,59485,28/09/2021,08:01:41,15,0,30.9,1.1,32.1,31.9,2,1,1.00,CYCLE,E
IND,208,6415,59486,28/09/2021,08:02:15,15,1,28.1,1.0,2.3,2.2,2,1,1.00,CYCLE,W
IND,208,6415,59486,28/09/2021,08:02:15,15,1,27.8,1.0,0.4,0.2,2,1,1.00,CYCLE,W
IND,208,6415,59485,28/09/2021,08:02:41,15,0,39.5,0.9,35.0,34.2,2,1,1.00,CYCLE,E
IND,208,6415,59485,28/09/2021,08:03:37,15,0,27.7,1.0,56.7,56.7,2,1,1.00,CYCLE,E
IND,208,6415,59485,28/09/2021,08:03:59,15,0,29.2,1.0,22.0,21.9,2,1,1.00,CYCLE,E
IND,208,6415,59485,28/09/2021,08:04:38,15,0,19.5,1.1,38.9,38.8,2,1,1.00,CYCLE,E
IND,208,6415,59486,28/09/2021,08:04:51,15,1,29.6,1.0,155.6,155.4,2,1,1.00,CYCLE,W
IND,208,6415,59486,28/09/2021,08:04:56,15,1,30.7,1.0,5.7,5.6,2,1,1.00,CYCLE,W
IND,208,6415,59485,28/09/2021,08:05:08,15,0,23.3,1.1,29.4,29.2,2,1,1.00,CYCLE,E
IND,208,6415,59486,28/09/2021,08:05:58,15,1,23.2,0.9,61.7,61.6,2,1,1.00,CYCLE,W
IND,208,6415,59486,28/09/2021,08:06:10,15,1,26.5,1.0,12.2,12.0,2,1,1.00,CYCLE,W
IND,208,6415,59486,28/09/2021,08:06:15,15,1,27.2,1.0,4.5,4.4,2,1,1.00,CYCLE,W
IND,208,6415,59485,28/09/2021,08:07:01,15,0,26.3,1.0,112.7,112.6,2,1,1.00,CYCLE,E
IND,208,6415,59485,28/09/2021,08:07:02,15,0,26.4,1.0,1.6,1.5,2,1,1.00,CYCLE,E
IND,208,6415,59485,28/09/2021,08:07:03,15,0,17.1,1.0,0.6,0.5,2,1,1.00,CYCLE,E
IND,208,6415,59486,28/09/2021,08:07:32,15,1,31.4,1.0,77.3,77.2,2,1,1.00,CYCLE,W
IND,208,6415,59486,28/09/2021,08:07:44,15,1,29.9,1.0,11.5,11.4,2,1,1.00,CYCLE,W
IND,208,6415,59486,28/09/2021,08:08:17,15,1,24.1,1.0,33.5,33.4,2,1,1.00,CYCLE,W
IND,208,6415,59486,28/09/2021,08:09:04,15,1,30.4,1.0,47.1,46.9,2,1,1.00,CYCLE,W
IND,208,6415,59485,28/09/2021,08:09:16,15,0,22.5,1.0,133.7,133.5,2,1,1.00,CYCLE,E
IND,208,6415,59485,28/09/2021,08:09:17,15,0,23.4,1.0,0.3,0.2,2,1,1.00,CYCLE,E
IND,208,6415,59486,28/09/2021,08:09:53,15,1,27.4,1.1,48.2,48.1,2,1,1.00,CYCLE,W
IND,208,6415,59486,28/09/2021,08:10:13,15,1,27.4,0.9,20.3,20.2,2,1,1.00,CYCLE,W
IND,208,6415,59486,28/09/2021,08:11:39,15,1,26.5,1.1,85.7,85.5,2,1,1.00,CYCLE,W
IND,208,6415,59486,28/09/2021,08:13:11,15,1,29.7,1.0,92.3,92.2,2,1,1.00,CYCLE,W
IND,208,6415,59486,28/09/2021,08:13:38,15,1,27.0,1.0,27.5,27.4,2,1,1.00,CYCLE,W
IND,208,6415,59486,28/09/2021,08:14:35,15,1,21.0,1.1,56.2,56.1,2,1,1.00,CYCLE,W
IND,208,6415,59486,28/09/2021,08:14:37,15,1,8.6,1.1,2.7,2.6,2,1,1.00,CYCLE,W
IND,208,6415,59486,28/09/2021,08:15:43,15,1,30.2,1.1,65.5,64.9,2,1,1.00,CYCLE,W
IND,208,6415,59486,28/09/2021,08:16:01,15,1,32.8,1.0,18.3,18.2,2,1,1.00,CYCLE,W
IND,208,6415,59486,28/09/2021,08:16:05,15,1,29.3,1.0,4.2,4.1,2,1,1.00,CYCLE,W
IND,208,6415,59486,28/09/2021,08:16:19,15,1,30.3,1.0,13.4,13.3,2,1,1.00,CYCLE,W
IND,208,6415,59485,28/09/2021,08:16:54,15,0,25.7,1.1,456.9,456.8,2,1,1.00,CYCLE,E
IND,208,6415,59486,28/09/2021,08:17:08,15,1,29.0,1.0,49.5,49.3,2,1,1.00,CYCLE,W
IND,208,6415,59486,28/09/2021,08:17:40,15,1,30.2,1.1,31.9,31.8,2,1,1.00,CYCLE,W
IND,208,6415,59486,28/09/2021,08:18:15,15,1,28.9,1.1,34.4,34.3,2,1,1.00,CYCLE,W
IND,208,6415,59486,28/09/2021,08:18:21,15,1,32.0,1.0,6.6,6.5,2,1,1.00,CYCLE,W
IND,208,6415,59486,28/09/2021,08:18:55,15,1,3.1,0.3,34.2,34.5,2,1,1.00,CYCLE,W
IND,208,6415,59486,28/09/2021,08:19:21,15,1,29.2,1.0,25.2,24.4,2,1,1.00,CYCLE,W
IND,208,6415,59486,28/09/2021,08:19:32,15,1,28.7,1.0,12.0,11.8,2,1,1.00,CYCLE,W
IND,208,6415,59485,28/09/2021,08:20:24,15,0,18.7,1.1,209.9,209.8,2,1,1.00,CYCLE,E
IND,208,6415,59486,28/09/2021,08:20:49,15,1,25.6,1.1,76.2,76.1,2,1,1.00,CYCLE,W
IND,208,6415,59486,28/09/2021,08:20:57,15,1,29.0,0.9,8.5,8.4,2,1,1.00,CYCLE,W
IND,208,6415,59485,28/09/2021,08:21:51,15,0,24.2,1.0,86.9,86.7,2,1,1.00,CYCLE,E
IND,208,6415,59486,28/09/2021,08:22:36,15,1,31.1,1.0,98.5,98.3,2,1,1.00,CYCLE,W
IND,208,6415,59486,28/09/2021,08:23:48,15,1,33.6,1.0,71.9,71.8,2,1,1.00,CYCLE,W
IND,208,6415,59486,28/09/2021,08:24:29,15,1,27.9,1.0,41.8,41.7,2,1,1.00,CYCLE,W
IND,208,6415,59486,28/09/2021,08:26:31,15,1,23.3,1.0,121.4,121.3,2,1,1.00,CYCLE,W
IND,208,6415,59486,28/09/2021,08:28:20,15,1,28.4,1.0,108.9,108.7,2,1,1.00,CYCLE,W
IND,208,6415,59485,28/09/2021,08:29:05,15,0,24.5,1.1,434.0,433.8,2,1,1.00,CYCLE,E
IND,208,6415,59485,28/09/2021,08:29:13,15,0,19.9,1.1,8.0,7.9,2,1,1.00,CYCLE,E
IND,208,6415,59486,28/09/2021,08:29:38,15,1,26.5,1.0,78.0,77.9,2,1,1.00,CYCLE,W
IND,208,6415,59486,28/09/2021,08:30:12,15,1,26.6,1.0,34.8,34.6,2,1,1.00,CYCLE,W
IND,208,6415,59485,28/09/2021,08:30:42,15,0,22.7,1.1,9.3,7.7,2,1,1.00,CYCLE,E
IND,208,6415,59486,28/09/2021,08:31:07,15,1,30.0,1.1,54.3,54.2,2,1,1.00,CYCLE,W
IND,208,6415,59486,28/09/2021,08:31:34,15,1,28.4,1.0,26.8,26.6,2,1,1.00,CYCLE,W
IND,208,6415,59486,28/09/2021,08:31:54,15,1,27.5,1.1,20.1,20.0,2,1,1.00,CYCLE,W
IND,208,6415,59485,28/09/2021,08:32:05,15,0,28.3,1.0,82.8,82.6,2,1,1.00,CYCLE,E
IND,208,6415,59485,28/09/2021,08:32:05,15,0,28.3,1.0,0.6,0.5,2,1,1.00,CYCLE,E
IND,208,6415,59485,28/09/2021,08:32:06,15,0,29.1,1.0,0.4,0.2,2,1,1.00,CYCLE,E
IND,208,6415,59486,28/09/2021,08:32:08,15,1,26.8,1.1,13.9,13.8,2,1,1.00,CYCLE,W
IND,208,6415,59486,28/09/2021,08:32:10,15,1,26.1,1.0,2.1,1.9,2,1,0.57,CYCLE,W
IND,208,6415,59486,28/09/2021,08:32:12,15,1,25.2,0.9,2.4,2.2,2,1,1.00,CYCLE,W
IND,208,6415,59486,28/09/2021,08:33:28,15,1,30.5,1.0,76.0,75.9,2,1,1.00,CYCLE,W
IND,208,6415,59486,28/09/2021,08:33:35,15,1,26.0,1.0,6.7,6.6,2,1,1.00,CYCLE,W
IND,208,6415,59486,28/09/2021,08:34:48,15,1,22.7,1.0,73.2,73.1,2,1,1.00,CYCLE,W
IND,208,6415,59485,28/09/2021,08:34:52,15,0,19.3,1.1,166.8,166.7,2,1,1.00,CYCLE,E
IND,208,6415,59486,28/09/2021,08:35:12,15,1,29.2,1.0,23.6,23.4,2,1,1.00,CYCLE,W
IND,208,6415,59486,28/09/2021,08:35:29,15,1,26.5,1.1,17.4,17.2,2,1,1.00,CYCLE,W
IND,208,6415,59485,28/09/2021,08:35:46,15,0,21.9,1.1,53.3,53.1,2,1,1.00,CYCLE,E
IND,208,6415,59486,28/09/2021,08:36:30,15,1,31.5,1.0,60.9,60.8,2,1,1.00,CYCLE,W
IND,208,6415,59486,28/09/2021,08:37:21,15,1,27.8,1.1,50.8,50.7,2,1,1.00,CYCLE,W
IND,208,6415,59486,28/09/2021,08:38:38,15,1,26.9,1.0,77.4,77.3,2,1,1.00,CYCLE,W
IND,208,6415,59486,28/09/2021,08:41:07,15,1,29.4,1.1,149.4,149.2,2,1,1.00,CYCLE,W
IND,208,6415,59486,28/09/2021,08:42:13,15,1,32.1,1.0,65.7,65.6,2,1,1.00,CYCLE,W
IND,208,6415,59485,28/09/2021,08:42:18,15,0,23.3,1.0,392.7,392.5,2,1,1.00,CYCLE,E
IND,208,6415,59486,28/09/2021,08:42:32,15,1,30.0,1.0,18.4,18.3,2,1,1.00,CYCLE,W
IND,208,6415,59486,28/09/2021,08:42:34,15,1,37.1,1.0,2.8,2.7,2,1,1.00,CYCLE,W
IND,208,6415,59486,28/09/2021,08:42:36,15,1,35.6,1.0,1.8,1.7,2,1,1.00,CYCLE,W
IND,208,6415,59485,28/09/2021,08:42:36,15,0,22.8,0.9,18.1,18.0,2,1,1.00,CYCLE,E
IND,208,6415,59486,28/09/2021,08:43:53,15,1,29.3,1.0,41.5,41.3,2,1,1.00,CYCLE,W
IND,208,6415,59486,28/09/2021,08:44:31,15,1,31.9,1.0,38.4,38.3,2,1,1.00,CYCLE,W
IND,208,6415,59486,28/09/2021,08:45:07,15,1,30.3,1.0,35.7,35.6,2,1,1.00,CYCLE,W
IND,208,6415,59486,28/09/2021,08:45:33,15,1,25.6,1.1,26.4,26.3,2,1,1.00,CYCLE,W
IND,208,6415,59486,28/09/2021,08:45:52,15,1,34.2,1.0,19.0,18.9,2,1,1.00,CYCLE,W
IND,208,6415,59485,28/09/2021,08:46:21,15,0,22.5,1.1,225.0,224.9,2,1,1.00,CYCLE,E
IND,208,6415,59485,28/09/2021,08:46:39,15,0,22.0,1.1,17.5,17.3,2,1,1.00,CYCLE,E
IND,208,6415,59486,28/09/2021,08:47:20,15,1,23.9,1.0,87.7,87.6,2,1,1.00,CYCLE,W
IND,208,6415,59486,28/09/2021,08:47:23,15,1,28.5,1.1,3.2,3.1,2,1,1.00,CYCLE,W
IND,208,6415,59486,28/09/2021,08:47:46,15,1,27.7,1.0,22.7,22.6,2,1,1.00,CYCLE,W
IND,208,6415,59486,28/09/2021,08:48:18,15,1,33.1,1.0,31.7,31.6,2,1,1.00,CYCLE,W
IND,208,6415,59486,28/09/2021,08:48:36,15,1,32.7,1.1,0.6,0.5,2,1,1.00,CYCLE,W
IND,208,6415,59486,28/09/2021,08:50:04,15,1,29.8,1.0,87.6,87.5,2,1,1.00,CYCLE,W
IND,208,6415,59485,28/09/2021,08:52:27,15,0,16.9,1.1,348.6,348.4,2,1,1.00,CYCLE,E
IND,208,6415,59486,28/09/2021,08:53:06,15,1,17.6,1.0,182.5,182.5,2,1,1.00,CYCLE,W
IND,208,6415,59486,28/09/2021,08:54:46,15,1,29.2,1.0,99.9,99.6,2,1,1.00,CYCLE,W
IND,208,6415,59485,28/09/2021,08:55:23,15,0,27.9,1.0,175.0,174.8,2,1,1.00,CYCLE,E
IND,208,6415,59485,28/09/2021,08:56:36,15,0,21.5,1.0,73.1,73.0,2,1,1.00,CYCLE,E
IND,208,6415,59485,28/09/2021,08:56:36,15,0,21.5,1.0,0.0,0.0,2,1,1.00,CYCLE,E
IND,208,6415,59486,28/09/2021,08:56:55,15,1,31.9,1.0,129.1,129.0,2,1,1.00,CYCLE,W
IND,208,6415,59485,28/09/2021,08:57:13,15,0,20.6,1.0,37.4,37.1,2,1,1.00,CYCLE,E
IND,208,6415,59485,28/09/2021,08:57:14,15,0,20.8,1.1,0.8,0.6,2,1,1.00,CYCLE,E
IND,208,6415,59485,28/09/2021,08:57:47,15,0,21.1,1.1,33.1,32.9,2,1,1.00,CYCLE,E
IND,208,6415,59486,28/09/2021,08:58:08,15,1,24.8,1.0,73.3,73.2,2,1,1.00,CYCLE,W
IND,208,6415,59486,28/09/2021,08:58:31,15,1,30.8,1.1,22.3,22.2,2,1,1.00,CYCLE,W
IND,208,6415,59485,28/09/2021,08:58:55,15,0,26.5,1.1,67.9,67.8,2,1,1.00,CYCLE,E
IND,208,6415,59486,28/09/2021,08:59:51,15,1,30.0,1.0,80.5,80.3,2,1,1.00,CYCLE,W
IND,208,6415,59485,28/09/2021,08:59:54,15,0,23.1,1.1,59.5,59.4,2,1,1.00,CYCLE,E
IND,208,6415,59486,28/09/2021,09:00:38,15,1,25.3,1.1,46.5,46.4,2,1,1.00,CYCLE,W
IND,208,6415,59485,28/09/2021,09:00:39,15,0,19.8,1.0,44.3,44.1,2,1,1.00,CYCLE,E
IND,208,6415,59485,28/09/2021,09:00:43,15,0,22.8,1.0,4.0,3.8,2,1,1.00,CYCLE,E
IND,208,6415,59486,28/09/2021,09:01:16,15,1,32.1,1.0,38.2,38.0,2,1,1.00,CYCLE,W
IND,208,6415,59486,28/09/2021,09:01:16,15,1,32.1,1.0,0.6,0.5,2,1,1.00,CYCLE,W
IND,208,6415,59486,28/09/2021,09:01:21,15,1,32.3,1.0,5.0,4.9,2,1,1.00,CYCLE,W
IND,208,6415,59486,28/09/2021,09:03:01,15,1,29.4,1.0,99.3,99.2,2,1,1.00,CYCLE,W
IND,208,6415,59485,28/09/2021,09:03:11,15,0,10.3,0.9,148.3,148.1,2,1,1.00,CYCLE,E
IND,208,6415,59485,28/09/2021,09:03:12,15,0,12.2,0.8,0.8,0.5,2,1,0.80,CYCLE,E
IND,208,6415,59485,28/09/2021,09:03:14,15,0,9.8,1.1,2.2,1.9,2,1,1.00,CYCLE,E
IND,208,6415,59486,28/09/2021,09:03:33,15,1,24.1,1.0,32.1,32.0,2,1,1.00,CYCLE,W
IND,208,6415,59486,28/09/2021,09:05:32,15,1,26.7,0.8,119.4,119.2,2,1,1.00,CYCLE,W
IND,208,6415,59486,28/09/2021,09:06:02,15,1,27.1,1.0,30.2,30.1,2,1,1.00,CYCLE,W
IND,208,6415,59485,28/09/2021,09:06:36,15,0,22.7,1.0,201.8,201.4,2,1,1.00,CYCLE,E
IND,208,6415,59486,28/09/2021,09:06:54,15,1,32.6,1.0,51.8,51.6,2,1,1.00,CYCLE,W
IND,208,6415,59486,28/09/2021,09:07:54,15,1,29.1,1.0,60.1,60.0,2,1,1.00,CYCLE,W
IND,208,6415,59486,28/09/2021,09:08:04,15,1,26.6,1.2,9.3,9.2,2,1,1.00,CYCLE,W
IND,208,6415,59485,28/09/2021,09:08:55,15,0,19.1,1.1,139.4,139.2,2,1,1.00,CYCLE,E
IND,208,6415,59485,28/09/2021,09:08:56,15,0,19.7,1.2,0.8,0.6,2,1,1.00,CYCLE,E
IND,208,6415,59485,28/09/2021,09:09:03,15,0,20.1,1.0,7.2,6.9,2,1,1.00,CYCLE,E
IND,208,6415,59486,28/09/2021,09:09:12,15,1,31.6,1.0,68.6,68.4,2,1,1.00,CYCLE,W
IND,208,6415,59486,28/09/2021,09:09:18,15,1,34.7,1.0,5.7,5.6,2,1,1.00,CYCLE,W
IND,208,6415,59485,28/09/2021,09:11:58,15,0,20.7,1.1,175.5,175.3,2,1,1.00,CYCLE,E
IND,208,6415,59486,28/09/2021,09:12:18,15,1,31.0,1.0,180.6,180.5,2,1,1.00,CYCLE,W
IND,208,6415,59485,28/09/2021,09:13:19,15,0,14.5,1.0,80.5,80.3,2,1,1.00,CYCLE,E
IND,208,6415,59485,28/09/2021,09:13:19,15,0,14.5,1.0,0.0,0.0,2,1,1.00,CYCLE,E
IND,208,6415,59486,28/09/2021,09:13:52,15,1,32.1,1.0,93.1,93.0,2,1,1.00,CYCLE,W
IND,208,6415,59486,28/09/2021,09:14:05,15,1,24.6,1.0,13.4,13.3,2,1,1.00,CYCLE,W
IND,208,6415,59485,28/09/2021,09:14:56,15,0,25.9,1.0,97.5,97.1,2,1,1.00,CYCLE,E
IND,208,6415,59485,28/09/2021,09:14:57,15,0,26.2,1.0,0.5,0.4,2,1,1.00,CYCLE,E
IND,208,6415,59486,28/09/2021,09:16:20,15,1,24.5,1.0,135.3,135.1,2,1,1.00,CYCLE,W
IND,208,6415,59486,28/09/2021,09:16:21,15,1,25.9,1.1,0.5,0.3,2,1,1.00,CYCLE,W
IND,208,6415,59485,28/09/2021,09:16:32,15,0,25.9,1.1,94.6,94.5,2,1,1.00,CYCLE,E
IND,208,6415,59486,28/09/2021,09:19:07,15,1,28.3,1.0,166.5,166.3,2,1,1.00,CYCLE,W
IND,208,6415,59485,28/09/2021,09:19:39,15,0,23.5,1.0,187.7,187.5,2,1,1.00,CYCLE,E
IND,208,6415,59485,28/09/2021,09:19:45,15,0,23.4,1.1,5.3,5.2,2,1,1.00,CYCLE,E
IND,208,6415,59486,28/09/2021,09:19:48,15,1,17.5,1.1,40.4,40.3,2,1,1.00,CYCLE,W
IND,208,6415,59486,28/09/2021,09:20:47,15,1,28.3,1.0,59.9,59.7,2,1,1.00,CYCLE,W
IND,208,6415,59485,28/09/2021,09:20:49,15,0,20.2,1.0,64.2,64.1,2,1,1.00,CYCLE,E
IND,208,6415,59486,28/09/2021,09:20:58,15,1,16.5,1.1,10.9,10.8,2,1,1.00,CYCLE,W
IND,208,6415,59486,28/09/2021,09:21:00,15,1,18.2,0.9,1.7,1.5,2,1,1.00,CYCLE,W
IND,208,6415,59486,28/09/2021,09:21:03,15,1,17.2,1.1,2.4,2.3,2,1,1.00,CYCLE,W
IND,208,6415,59486,28/09/2021,09:21:03,15,1,18.7,1.1,0.9,0.6,2,1,1.00,CYCLE,W
IND,208,6415,59486,28/09/2021,09:21:46,15,1,31.8,1.1,42.9,42.7,2,1,1.00,CYCLE,W
IND,208,6415,59486,28/09/2021,09:21:50,15,1,29.9,1.0,3.7,3.6,2,1,1.00,CYCLE,W
IND,208,6415,59486,28/09/2021,09:23:54,15,1,28.7,1.0,123.6,123.4,2,1,1.00,CYCLE,W
IND,208,6415,59485,28/09/2021,09:24:00,15,0,25.1,1.1,190.8,190.6,2,1,1.00,CYCLE,E
IND,208,6415,59486,28/09/2021,09:24:00,15,1,22.4,1.1,6.8,6.7,2,1,1.00,CYCLE,W
IND,208,6415,59486,28/09/2021,09:24:04,15,1,23.0,1.0,3.3,3.1,2,1,1.00,CYCLE,W
IND,208,6415,59486,28/09/2021,09:25:14,15,1,30.5,1.0,70.1,69.9,2,1,1.00,CYCLE,W
IND,208,6415,59486,28/09/2021,09:25:14,15,1,31.6,1.0,0.6,0.5,2,1,1.00,CYCLE,W
IND,208,6415,59486,28/09/2021,09:26:04,15,1,30.4,1.1,49.4,49.3,2,1,1.00,CYCLE,W
IND,208,6415,59486,28/09/2021,09:26:19,15,1,30.0,1.1,14.8,14.6,2,1,1.00,CYCLE,W
IND,208,6415,59486,28/09/2021,09:27:09,15,1,24.4,1.0,50.9,50.7,2,1,1.00,CYCLE,W
IND,208,6415,59485,28/09/2021,09:28:12,15,0,17.6,1.1,252.5,252.3,2,1,1.00,CYCLE,E
IND,208,6415,59486,28/09/2021,09:28:29,15,1,30.4,0.9,79.6,79.5,2,1,1.00,CYCLE,W
IND,208,6415,59486,28/09/2021,09:28:53,15,1,26.3,1.0,23.6,23.5,2,1,1.00,CYCLE,W
IND,208,6415,59486,28/09/2021,09:28:54,15,1,27.2,1.0,1.2,1.1,2,1,1.00,CYCLE,W
IND,208,6415,59486,28/09/2021,09:31:03,15,1,34.4,1.0,129.2,129.1,2,1,1.00,CYCLE,W
IND,208,6415,59486,28/09/2021,09:32:11,15,1,36.6,1.0,67.5,67.4,2,1,1.00,CYCLE,W
IND,208,6415,59486,28/09/2021,09:32:31,15,1,26.3,1.1,12.1,12.0,2,1,1.00,CYCLE,W
IND,208,6415,59486,28/09/2021,09:32:32,15,1,24.1,1.0,0.9,0.8,2,1,1.00,CYCLE,W
IND,208,6415,59486,28/09/2021,09:33:41,15,1,18.9,1.1,68.4,68.2,2,1,1.00,CYCLE,W
IND,208,6415,59486,28/09/2021,09:34:00,15,1,30.3,1.0,19.7,19.4,2,1,1.00,CYCLE,W
IND,208,6415,59486,28/09/2021,09:35:08,15,1,26.4,1.0,67.8,67.7,2,1,1.00,CYCLE,W
IND,208,6415,59486,28/09/2021,09:35:09,15,1,27.5,1.0,1.1,1.0,2,1,1.00,CYCLE,W
IND,208,6415,59486,28/09/2021,09:35:50,15,1,6.4,0.8,41.0,41.1,2,1,0.80,CYCLE,W
IND,208,6415,59485,28/09/2021,09:36:35,15,0,21.0,1.0,502.5,502.2,2,1,1.00,CYCLE,E
IND,208,6415,59486,28/09/2021,09:37:56,15,1,26.5,1.0,125.9,125.4,2,1,1.00,CYCLE,W
IND,208,6415,59486,28/09/2021,09:38:01,15,1,25.3,1.0,4.9,4.8,2,1,1.00,CYCLE,W
IND,208,6415,59486,28/09/2021,09:38:18,15,1,27.4,1.1,16.6,16.5,2,1,1.00,CYCLE,W
IND,208,6415,59486,28/09/2021,09:39:22,15,1,29.6,1.0,63.9,63.7,2,1,1.00,CYCLE,W
IND,208,6415,59486,28/09/2021,09:39:58,15,1,32.9,0.9,36.0,35.8,2,1,1.00,CYCLE,W
IND,208,6415,59486,28/09/2021,09:40:26,15,1,26.1,1.0,28.8,28.7,2,1,1.00,CYCLE,W
IND,208,6415,59485,28/09/2021,09:41:20,15,0,26.7,1.1,285.8,285.6,2,1,1.00,CYCLE,E
IND,208,6415,59485,28/09/2021,09:41:35,15,0,24.1,1.1,15.1,15.0,2,1,1.00,CYCLE,E
IND,208,6415,59486,28/09/2021,09:42:45,15,1,29.3,0.9,139.0,138.8,2,1,1.00,CYCLE,W
IND,208,6415,59486,28/09/2021,09:44:55,15,1,10.2,1.0,129.2,129.2,2,1,1.00,CYCLE,W
IND,208,6415,59486,28/09/2021,09:46:38,15,1,24.7,1.0,103.2,102.8,2,1,1.00,CYCLE,W
IND,208,6415,59486,28/09/2021,09:47:20,15,1,26.9,1.0,42.0,41.8,2,1,1.00,CYCLE,W
IND,208,6415,59486,28/09/2021,09:47:20,15,1,26.0,1.1,0.7,0.6,2,1,1.00,CYCLE,W
IND,208,6415,59486,28/09/2021,09:48:10,15,1,23.3,1.0,49.4,49.3,2,1,1.00,CYCLE,W
IND,208,6415,59485,28/09/2021,09:49:11,15,0,28.5,1.1,455.6,455.5,2,1,1.00,CYCLE,E
IND,208,6415,59485,28/09/2021,09:49:42,15,0,24.6,1.0,31.4,31.2,2,1,1.00,CYCLE,E
IND,208,6415,59486,28/09/2021,09:50:07,15,1,31.2,1.0,117.2,117.0,2,1,1.00,CYCLE,W
IND,208,6415,59486,28/09/2021,09:51:25,15,1,22.1,1.0,77.6,77.5,2,1,1.00,CYCLE,W
IND,208,6415,59486,28/09/2021,09:51:47,15,1,26.6,1.0,22.4,22.2,2,1,1.00,CYCLE,W
IND,208,6415,59486,28/09/2021,09:52:31,15,1,29.7,1.0,43.7,43.6,2,1,1.00,CYCLE,W
IND,208,6415,59486,28/09/2021,09:52:52,15,1,28.0,1.0,21.5,21.4,2,1,1.00,CYCLE,W
IND,208,6415,59486,28/09/2021,09:52:59,15,1,26.9,1.0,6.7,6.6,2,1,1.00,CYCLE,W
IND,208,6415,59486,28/09/2021,09:54:25,15,1,23.4,1.1,86.0,85.9,2,1,1.00,CYCLE,W
IND,208,6415,59486,28/09/2021,09:54:29,15,1,24.3,1.1,3.6,3.5,2,1,1.00,CYCLE,W
IND,208,6415,59486,28/09/2021,09:54:53,15,1,27.9,1.1,24.5,24.4,2,1,1.00,CYCLE,W
IND,208,6415,59486,28/09/2021,09:55:45,15,1,23.7,1.1,52.0,51.8,2,1,1.00,CYCLE,W
IND,208,6415,59486,28/09/2021,09:55:52,15,1,24.2,1.1,6.6,6.4,2,1,1.00,CYCLE,W
IND,208,6415,59486,28/09/2021,09:57:58,15,1,29.7,1.0,126.7,126.5,2,1,1.00,CYCLE,W
IND,208,6415,59485,28/09/2021,09:58:34,15,0,27.5,1.1,531.7,531.5,2,1,1.00,CYCLE,E
IND,208,6415,59486,28/09/2021,09:59:06,15,1,24.8,1.0,67.9,67.8,2,1,1.00,CYCLE,W
IND,208,6415,59486,28/09/2021,10:01:08,15,1,26.4,1.0,6.7,5.2,2,1,1.00,CYCLE,W
IND,208,6415,59486,28/09/2021,10:01:23,15,1,22.9,1.1,15.1,15.0,2,1,1.00,CYCLE,W
IND,208,6415,59486,28/09/2021,10:03:15,15,1,28.4,1.0,111.9,111.7,2,1,1.00,CYCLE,W
IND,208,6415,59485,28/09/2021,10:03:43,15,0,22.7,1.0,309.3,309.2,2,1,1.00,CYCLE,E
IND,208,6415,59485,28/09/2021,10:04:20,15,0,25.0,1.0,36.6,36.4,2,1,1.00,CYCLE,E
IND,208,6415,59486,28/09/2021,10:04:21,15,1,29.9,1.0,65.6,65.4,2,1,1.00,CYCLE,W
IND,208,6415,59486,28/09/2021,10:05:17,15,1,24.0,1.1,56.1,56.0,2,1,1.00,CYCLE,W
IND,208,6415,59486,28/09/2021,10:05:17,15,1,25.0,1.1,0.3,0.2,2,1,1.00,CYCLE,W
IND,208,6415,59486,28/09/2021,10:05:26,15,1,24.5,1.1,9.2,9.1,2,1,1.00,CYCLE,W
IND,208,6415,59486,28/09/2021,10:05:27,15,1,23.0,1.1,0.3,0.2,2,1,1.00,CYCLE,W
IND,208,6415,59485,28/09/2021,10:05:56,15,0,25.0,1.1,95.5,95.4,2,1,1.00,CYCLE,E
IND,208,6415,59486,28/09/2021,10:06:51,15,1,29.8,1.0,84.4,84.2,2,1,1.00,CYCLE,W
IND,208,6415,59486,28/09/2021,10:06:52,15,1,28.2,1.0,0.6,0.5,2,1,1.00,CYCLE,W
IND,208,6415,59485,28/09/2021,10:07:13,15,0,19.4,1.0,77.1,76.9,2,1,1.00,CYCLE,E
IND,208,6415,59485,28/09/2021,10:07:13,15,0,19.4,1.0,0.0,0.0,2,1,1.00,CYCLE,E
IND,208,6415,59485,28/09/2021,10:07:58,15,0,20.9,1.0,45.6,45.3,2,1,1.00,CYCLE,E
IND,208,6415,59485,28/09/2021,10:08:45,15,0,17.1,1.0,47.0,46.8,2,1,1.00,CYCLE,E
IND,208,6415,59486,28/09/2021,10:08:46,15,1,26.5,1.1,114.2,114.0,2,1,1.00,CYCLE,W
IND,208,6415,59485,28/09/2021,10:08:47,15,0,15.4,1.1,2.0,1.8,2,1,1.00,CYCLE,E
IND,208,6415,59485,28/09/2021,10:09:30,15,0,25.4,0.9,42.3,42.0,2,1,1.00,CYCLE,E
IND,208,6415,59486,28/09/2021,10:10:23,15,1,23.6,1.0,97.3,97.2,2,1,1.00,CYCLE,W
IND,208,6415,59486,28/09/2021,10:11:41,15,1,29.8,1.1,78.1,78.0,2,1,1.00,CYCLE,W
IND,208,6415,59486,28/09/2021,10:11:43,15,1,30.6,1.0,1.3,1.2,2,1,1.00,CYCLE,W
IND,208,6415,59486,28/09/2021,10:11:52,15,1,23.4,1.1,8.8,8.7,2,1,1.00,CYCLE,W
IND,208,6415,59485,28/09/2021,10:12:07,15,0,15.9,1.1,157.8,157.6,2,1,1.00,CYCLE,E
IND,208,6415,59485,28/09/2021,10:14:44,15,0,25.3,1.1,156.5,156.3,2,1,1.00,CYCLE,E
IND,208,6415,59486,28/09/2021,10:16:18,15,1,28.7,1.1,266.5,266.3,2,1,1.00,CYCLE,W
IND,208,6415,59485,28/09/2021,10:16:59,15,0,34.7,1.4,135.6,135.4,2,1,0.80,CYCLE,E
IND,208,6415,59486,28/09/2021,10:17:16,15,1,20.9,1.1,57.5,57.4,2,1,1.00,CYCLE,W
IND,208,6415,59486,28/09/2021,10:17:28,15,1,17.4,1.0,12.8,12.6,2,1,1.00,CYCLE,W
IND,208,6415,59485,28/09/2021,10:18:22,15,0,18.7,1.0,83.1,83.1,2,1,1.00,CYCLE,E
IND,208,6415,59485,28/09/2021,10:19:47,15,0,17.1,1.0,84.3,84.1,2,1,1.00,CYCLE,E
IND,208,6415,59485,28/09/2021,10:20:01,15,0,23.1,1.0,13.7,13.5,2,1,1.00,CYCLE,E
IND,208,6415,59485,28/09/2021,10:22:09,15,0,5.2,1.1,128.9,128.8,2,1,1.00,CYCLE,E
IND,208,6415,59486,28/09/2021,10:22:29,15,1,31.4,1.0,300.4,300.1,2,1,1.00,CYCLE,W
IND,208,6415,59486,28/09/2021,10:22:31,15,1,21.1,0.9,2.8,2.7,2,1,1.00,CYCLE,W
IND,208,6415,59486,28/09/2021,10:22:34,15,1,25.8,1.0,2.6,2.4,2,1,1.00,CYCLE,W
IND,208,6415,59486,28/09/2021,10:22:36,15,1,24.7,0.9,1.7,1.5,2,1,1.00,CYCLE,W
IND,208,6415,59486,28/09/2021,10:23:41,15,1,2.3,0.4,65.0,65.5,2,1,1.00,CYCLE,W
IND,208,6415,59485,28/09/2021,10:23:50,15,0,5.1,1.0,100.0,99.3,2,1,0.33,CYCLE,E
IND,208,6415,59486,28/09/2021,10:23:52,15,1,27.3,1.1,11.6,10.5,2,1,1.00,CYCLE,W
IND,208,6415,59486,28/09/2021,10:25:10,15,1,22.8,1.0,77.8,77.6,2,1,1.00,CYCLE,W
IND,208,6415,59486,28/09/2021,10:26:00,15,1,20.6,1.0,49.4,49.2,2,1,1.00,CYCLE,W
IND,208,6415,59486,28/09/2021,10:26:39,15,1,29.1,1.0,39.8,39.6,2,1,1.00,CYCLE,W
IND,208,6415,59485,28/09/2021,10:28:21,15,0,24.3,1.0,271.9,271.2,2,1,1.00,CYCLE,E
IND,208,6415,59486,28/09/2021,10:32:46,15,1,21.4,1.1,367.1,367.0,2,1,1.00,CYCLE,W
IND,208,6415,59486,28/09/2021,10:32:59,15,1,24.0,1.1,13.0,12.8,2,1,1.00,CYCLE,W
IND,208,6415,59486,28/09/2021,10:33:31,15,1,48.4,1.1,31.6,31.4,2,1,1.00,CYCLE,W
IND,208,6415,59486,28/09/2021,10:33:37,15,1,23.2,1.0,5.9,5.8,2,1,1.00,CYCLE,W
IND,208,6415,59485,28/09/2021,10:34:45,15,0,19.6,1.0,383.3,383.1,2,1,1.00,CYCLE,E
IND,208,6415,59486,28/09/2021,10:35:56,15,1,27.4,1.0,138.8,138.6,2,1,1.00,CYCLE,W
IND,208,6415,59485,28/09/2021,10:37:00,15,0,20.2,1.2,135.1,135.0,2,1,1.00,CYCLE,E
IND,208,6415,59486,28/09/2021,10:37:57,15,1,31.1,0.9,121.4,121.2,2,1,1.00,CYCLE,W
IND,208,6415,59486,28/09/2021,10:38:25,15,1,25.6,1.0,28.2,28.1,2,1,1.00,CYCLE,W
IND,208,6415,59486,28/09/2021,10:39:40,15,1,22.2,1.0,74.4,74.3,2,1,1.00,CYCLE,W
IND,208,6415,59485,28/09/2021,10:40:10,15,0,23.9,1.0,188.6,188.4,2,1,1.00,CYCLE,E
IND,208,6415,59486,28/09/2021,10:40:20,15,1,20.0,1.0,39.9,39.7,2,1,1.00,CYCLE,W
IND,208,6415,59486,28/09/2021,10:40:29,15,1,23.8,1.0,9.8,9.6,2,1,1.00,CYCLE,W
IND,208,6415,59485,28/09/2021,10:41:36,15,0,15.2,1.1,85.9,85.7,2,1,1.00,CYCLE,E
IND,208,6415,59485,28/09/2021,10:41:36,15,0,15.0,1.1,0.4,0.2,2,1,1.00,CYCLE,E
IND,208,6415,59486,28/09/2021,10:41:51,15,1,22.3,1.0,81.2,81.0,2,1,1.00,CYCLE,W
IND,208,6415,59486,28/09/2021,10:41:55,15,1,22.5,0.7,4.9,4.7,2,1,1.00,CYCLE,W
IND,208,6415,59486,28/09/2021,10:42:08,15,1,24.6,1.0,12.3,12.2,2,1,1.00,CYCLE,W
IND,208,6415,59486,28/09/2021,10:42:53,15,1,27.5,1.0,45.3,45.2,2,1,1.00,CYCLE,W
IND,208,6415,59486,28/09/2021,10:44:15,15,1,28.0,1.1,82.1,81.9,2,1,1.00,CYCLE,W
IND,208,6415,59486,28/09/2021,10:44:18,15,1,13.1,1.0,3.0,2.9,2,1,1.00,CYCLE,W
IND,208,6415,59486,28/09/2021,10:45:09,15,1,23.3,1.0,50.4,50.4,2,1,0.80,CYCLE,W
IND,208,6415,59485,28/09/2021,10:47:28,15,0,20.9,1.1,351.9,351.7,2,1,1.00,CYCLE,E
IND,208,6415,59486,28/09/2021,10:47:56,15,1,35.9,1.1,120.8,119.0,2,1,1.00,CYCLE,W
IND,208,6415,59485,28/09/2021,10:50:28,15,0,18.9,1.0,126.7,124.3,2,1,1.00,CYCLE,E
IND,208,6415,59485,28/09/2021,10:50:30,15,0,19.6,1.1,1.1,0.9,2,1,1.00,CYCLE,E
IND,208,6415,59486,28/09/2021,10:50:39,15,1,28.5,1.0,162.9,162.8,2,1,1.00,CYCLE,W
IND,208,6415,59486,28/09/2021,10:52:26,15,1,25.6,1.1,106.5,106.4,2,1,1.00,CYCLE,W
IND,208,6415,59486,28/09/2021,10:52:32,15,1,21.8,1.0,6.3,6.1,2,1,1.00,CYCLE,W
IND,208,6415,59486,28/09/2021,10:55:22,15,1,21.6,1.0,170.0,169.8,2,1,1.00,CYCLE,W
IND,208,6415,59485,28/09/2021,10:55:43,15,0,17.6,1.1,313.4,313.2,2,1,1.00,CYCLE,E
IND,208,6415,59485,28/09/2021,10:57:13,15,0,20.4,1.0,90.3,90.1,2,1,1.00,CYCLE,E
IND,208,6415,59486,28/09/2021,10:58:30,15,1,21.4,1.0,188.0,187.8,2,1,1.00,CYCLE,W
IND,208,6415,59485,28/09/2021,10:59:00,15,0,17.3,1.0,106.5,106.3,2,1,1.00,CYCLE,E
IND,208,6415,59485,28/09/2021,10:59:05,15,0,3.6,0.5,5.7,5.5,2,1,1.00,CYCLE,E
IND,208,6415,59486,28/09/2021,10:59:39,15,1,5.4,0.8,69.4,69.4,2,1,0.80,CYCLE,W
IND,208,6415,59485,28/09/2021,11:00:07,15,0,17.6,1.1,59.6,59.1,2,1,1.00,CYCLE,E
IND,208,6415,59485,28/09/2021,11:00:08,15,0,16.6,1.1,0.5,0.3,2,1,1.00,CYCLE,E
IND,208,6415,59485,28/09/2021,11:00:09,15,0,18.3,1.0,1.4,1.2,2,1,1.00,CYCLE,E
IND,208,6415,59486,28/09/2021,11:00:25,15,1,27.7,1.1,45.2,44.6,2,1,1.00,CYCLE,W
IND,208,6415,59486,28/09/2021,11:00:30,15,1,20.3,1.1,5.8,5.7,2,1,1.00,CYCLE,W
IND,208,6415,59485,28/09/2021,11:00:50,15,0,21.3,1.1,41.2,41.1,2,1,1.00,CYCLE,E
IND,208,6415,59485,28/09/2021,11:01:38,15,0,18.7,1.0,47.5,47.3,2,1,1.00,CYCLE,E
IND,208,6415,59485,28/09/2021,11:01:39,15,0,16.2,1.0,1.2,1.0,2,1,1.00,CYCLE,E
IND,208,6415,59486,28/09/2021,11:02:17,15,1,15.4,1.1,106.9,106.8,2,1,1.00,CYCLE,W
IND,208,6415,59486,28/09/2021,11:02:19,15,1,14.6,1.0,1.3,1.1,2,1,1.00,CYCLE,W
IND,208,6415,59486,28/09/2021,11:02:24,15,1,31.9,1.0,5.8,5.5,2,1,1.00,CYCLE,W
IND,208,6415,59485,28/09/2021,11:04:21,15,0,24.5,1.0,162.1,161.9,2,1,1.00,CYCLE,E
IND,208,6415,59485,28/09/2021,11:06:11,15,0,22.5,1.0,109.7,109.5,2,1,1.00,CYCLE,E
IND,208,6415,59485,28/09/2021,11:06:11,15,0,24.3,1.0,0.5,0.3,2,1,1.00,CYCLE,E
IND,208,6415,59486,28/09/2021,11:06:52,15,1,26.0,1.0,267.1,267.0,2,1,1.00,CYCLE,W
IND,208,6415,59486,28/09/2021,11:07:13,15,1,28.4,1.0,21.6,21.4,2,1,1.00,CYCLE,W
IND,208,6415,59486,28/09/2021,11:07:28,15,1,24.7,1.2,14.5,14.3,2,1,1.00,CYCLE,W
IND,208,6415,59486,28/09/2021,11:08:06,15,1,27.7,1.0,38.9,38.8,2,1,1.00,CYCLE,W
IND,208,6415,59486,28/09/2021,11:08:08,15,1,31.8,1.0,1.3,1.2,2,1,1.00,CYCLE,W
IND,208,6415,59485,28/09/2021,11:08:10,15,0,11.6,1.1,119.1,119.0,2,1,1.00,CYCLE,E
IND,208,6415,59486,28/09/2021,11:08:23,15,1,29.7,1.1,15.4,15.3,2,1,1.00,CYCLE,W
IND,208,6415,59485,28/09/2021,11:09:05,15,0,25.4,1.0,54.1,53.8,2,1,1.00,CYCLE,E
IND,208,6415,59486,28/09/2021,11:10:02,15,1,25.3,1.0,98.9,98.8,2,1,1.00,CYCLE,W
IND,208,6415,59485,28/09/2021,11:10:45,15,0,16.3,1.1,99.9,99.8,2,1,1.00,CYCLE,E
IND,208,6415,59486,28/09/2021,11:10:55,15,1,28.5,1.0,53.3,53.1,2,1,1.00,CYCLE,W
IND,208,6415,59485,28/09/2021,11:11:14,15,0,22.5,1.1,29.5,29.3,2,1,1.00,CYCLE,E
IND,208,6415,59485,28/09/2021,11:11:16,15,0,16.9,1.1,2.3,2.1,2,1,1.00,CYCLE,E
IND,208,6415,59485,28/09/2021,11:12:58,15,0,24.4,1.1,101.7,101.4,2,1,1.00,CYCLE,E
IND,208,6415,59485,28/09/2021,11:12:59,15,0,25.0,1.0,0.9,0.7,2,1,1.00,CYCLE,E
IND,208,6415,59485,28/09/2021,11:13:16,15,0,14.8,1.2,16.8,16.7,2,1,1.00,CYCLE,E
IND,208,6415,59485,28/09/2021,11:13:17,15,0,12.8,1.0,1.3,1.0,2,1,1.00,CYCLE,E
IND,208,6415,59485,28/09/2021,11:13:17,15,0,12.8,1.0,0.0,0.0,2,1,1.00,CYCLE,E
IND,208,6415,59485,28/09/2021,11:13:28,15,0,15.6,1.1,11.4,10.9,2,1,1.00,CYCLE,E
IND,208,6415,59486,28/09/2021,11:13:46,15,1,30.8,1.0,170.6,170.5,2,1,1.00,CYCLE,W
IND,208,6415,59486,28/09/2021,11:14:03,15,1,22.3,1.0,17.4,17.3,2,1,1.00,CYCLE,W
IND,208,6415,59486,28/09/2021,11:14:04,15,1,22.5,1.0,1.0,0.8,2,1,1.00,CYCLE,W
IND,208,6415,59486,28/09/2021,11:14:05,15,1,26.6,1.0,1.0,0.9,2,1,1.00,CYCLE,W
IND,208,6415,59485,28/09/2021,11:15:20,15,0,18.3,1.1,111.2,111.0,2,1,1.00,CYCLE,E
IND,208,6415,59485,28/09/2021,11:15:20,15,0,18.3,1.1,0.9,0.6,2,1,1.00,CYCLE,E
IND,208,6415,59486,28/09/2021,11:16:39,15,1,26.6,1.1,153.2,153.0,2,1,1.00,CYCLE,W
IND,208,6415,59486,28/09/2021,11:16:43,15,1,26.5,1.0,4.0,3.9,2,1,1.00,CYCLE,W
IND,208,6415,59485,28/09/2021,11:16:44,15,0,14.5,1.0,83.1,82.9,2,1,1.00,CYCLE,E
IND,208,6415,59485,28/09/2021,11:16:50,15,0,16.2,1.1,6.2,6.0,2,1,1.00,CYCLE,E
IND,208,6415,59485,28/09/2021,11:17:23,15,0,20.1,1.1,33.2,32.9,2,1,1.00,CYCLE,E
IND,208,6415,59485,28/09/2021,11:17:32,15,0,19.6,1.1,8.6,8.4,2,1,1.00,CYCLE,E
IND,208,6415,59485,28/09/2021,11:18:39,15,0,17.6,1.1,67.9,67.7,2,1,1.00,CYCLE,E
IND,208,6415,59485,28/09/2021,11:18:40,15,0,18.8,1.1,0.3,0.1,2,1,1.00,CYCLE,E
IND,208,6415,59485,28/09/2021,11:18:41,15,0,17.3,1.0,1.5,1.3,2,1,1.00,CYCLE,E
IND,208,6415,59485,28/09/2021,11:18:42,15,0,17.0,1.0,1.0,0.8,2,1,1.00,CYCLE,E
IND,208,6415,59485,28/09/2021,11:18:42,15,0,17.0,1.0,0.0,0.0,2,1,1.00,CYCLE,E
IND,208,6415,59485,28/09/2021,11:18:52,15,0,15.6,1.0,9.4,9.0,2,1,1.00,CYCLE,E
IND,208,6415,59485,28/09/2021,11:18:52,15,0,15.6,1.0,0.0,0.0,2,1,1.00,CYCLE,E
IND,208,6415,59486,28/09/2021,11:18:59,15,1,24.1,1.1,136.5,136.4,2,1,1.00,CYCLE,W
IND,208,6415,59485,28/09/2021,11:19:01,15,0,15.1,1.1,9.4,8.9,2,1,1.00,CYCLE,E
IND,208,6415,59485,28/09/2021,11:19:01,15,0,15.7,1.1,0.4,0.1,2,1,1.00,CYCLE,E
IND,208,6415,59486,28/09/2021,11:19:03,15,1,22.1,1.0,3.9,3.7,2,1,0.40,CYCLE,W
IND,208,6415,59485,28/09/2021,11:19:04,15,0,15.3,1.1,2.6,2.4,2,1,1.00,CYCLE,E
IND,208,6415,59486,28/09/2021,11:19:29,15,1,30.3,1.1,25.7,25.5,2,1,1.00,CYCLE,W
IND,208,6415,59485,28/09/2021,11:21:48,15,0,15.7,1.0,164.2,164.0,2,1,1.00,CYCLE,E
IND,208,6415,59486,28/09/2021,11:22:36,15,1,21.3,1.0,187.4,187.3,2,1,1.00,CYCLE,W
IND,208,6415,59486,28/09/2021,11:22:36,15,1,21.3,1.0,0.0,0.0,2,1,1.00,CYCLE,W
IND,208,6415,59486,28/09/2021,11:23:31,15,1,22.4,1.1,54.6,54.3,2,1,1.00,CYCLE,W
IND,208,6415,59486,28/09/2021,11:23:32,15,1,24.6,1.0,0.8,0.6,2,1,1.00,CYCLE,W
IND,208,6415,59485,28/09/2021,11:27:59,15,0,12.2,1.1,370.5,370.3,2,1,1.00,CYCLE,E
IND,208,6415,59485,28/09/2021,11:28:13,15,0,7.8,1.0,14.2,13.9,2,1,1.00,CYCLE,E
IND,208,6415,59486,28/09/2021,11:28:27,15,1,22.8,1.0,295.7,295.6,2,1,1.00,CYCLE,W
IND,208,6415,59485,28/09/2021,11:28:32,15,0,12.7,0.7,19.0,18.5,2,1,1.00,CYCLE,E
IND,208,6415,59486,28/09/2021,11:29:58,15,1,29.7,1.0,91.1,90.9,2,1,1.00,CYCLE,W
IND,208,6415,59485,28/09/2021,11:30:00,15,0,15.5,1.1,87.7,87.5,2,1,1.00,CYCLE,E
IND,208,6415,59486,28/09/2021,11:30:22,15,1,24.7,1.1,23.4,23.3,2,1,1.00,CYCLE,W
IND,208,6415,59486,28/09/2021,11:30:26,15,1,25.5,1.1,4.4,4.3,2,1,1.00,CYCLE,W
IND,208,6415,59486,28/09/2021,11:31:33,15,1,21.4,1.1,67.0,66.8,2,1,1.00,CYCLE,W
IND,208,6415,59486,28/09/2021,11:31:34,15,1,21.8,1.0,1.0,0.8,2,1,1.00,CYCLE,W
IND,208,6415,59485,28/09/2021,11:32:15,15,0,17.2,1.1,135.8,135.5,2,1,1.00,CYCLE,E
IND,208,6415,59485,28/09/2021,11:32:47,15,0,28.6,1.0,31.6,31.4,2,1,1.00,CYCLE,E
IND,208,6415,59486,28/09/2021,11:33:25,15,1,20.7,1.1,110.3,110.1,2,1,1.00,CYCLE,W
IND,208,6415,59486,28/09/2021,11:33:25,15,1,20.1,1.0,0.7,0.5,2,1,1.00,CYCLE,W
IND,208,6415,59486,28/09/2021,11:33:26,15,1,19.6,1.0,1.1,1.0,2,1,1.00,CYCLE,W
IND,208,6415,59485,28/09/2021,11:35:31,15,0,23.3,1.0,164.0,163.9,2,1,1.00,CYCLE,E
IND,208,6415,59486,28/09/2021,11:35:49,15,1,22.2,1.1,142.8,142.6,2,1,1.00,CYCLE,W
IND,208,6415,59485,28/09/2021,11:36:02,15,0,19.6,1.1,31.2,31.0,2,1,1.00,CYCLE,E
IND,208,6415,59485,28/09/2021,11:36:12,15,0,23.8,1.0,10.0,9.8,2,1,1.00,CYCLE,E
IND,208,6415,59485,28/09/2021,11:36:13,15,0,24.2,1.0,0.3,0.2,2,1,1.00,CYCLE,E
IND,208,6415,59486,28/09/2021,11:36:18,15,1,25.5,1.1,29.0,28.8,2,1,1.00,CYCLE,W
IND,208,6415,59486,28/09/2021,11:36:19,15,1,24.6,1.0,1.1,1.0,2,1,1.00,CYCLE,W
IND,208,6415,59486,28/09/2021,11:36:22,15,1,19.0,1.0,2.7,2.6,2,1,1.00,CYCLE,W
IND,208,6415,59486,28/09/2021,11:36:23,15,1,20.9,1.0,1.2,1.1,2,1,1.00,CYCLE,W
IND,208,6415,59486,28/09/2021,11:36:46,15,1,18.6,1.0,23.1,22.9,2,1,1.00,CYCLE,W
IND,208,6415,59486,28/09/2021,11:36:47,15,1,22.3,1.1,0.4,0.2,2,1,1.00,CYCLE,W
IND,208,6415,59485,28/09/2021,11:39:01,15,0,21.2,1.2,168.3,168.2,2,1,1.00,CYCLE,E
IND,208,6415,59485,28/09/2021,11:39:26,15,0,24.1,1.1,24.9,24.7,2,1,1.00,CYCLE,E
IND,208,6415,59486,28/09/2021,11:39:42,15,1,19.8,1.0,175.7,175.5,2,1,1.00,CYCLE,W
IND,208,6415,59486,28/09/2021,11:39:43,15,1,19.0,1.1,0.8,0.6,2,1,1.00,CYCLE,W
IND,208,6415,59486,28/09/2021,11:40:40,15,1,31.7,1.0,57.2,56.9,2,1,1.00,CYCLE,W
IND,208,6415,59486,28/09/2021,11:40:46,15,1,19.9,1.0,5.2,5.1,2,1,1.00,CYCLE,W
IND,208,6415,59486,28/09/2021,11:40:47,15,1,21.3,1.1,1.3,1.1,2,1,1.00,CYCLE,W
IND,208,6415,59486,28/09/2021,11:41:02,15,1,17.9,1.1,15.6,15.4,2,1,1.00,CYCLE,W
IND,208,6415,59486,28/09/2021,11:41:03,15,1,21.1,0.9,0.4,0.2,2,1,1.00,CYCLE,W
IND,208,6415,59486,28/09/2021,11:41:04,15,1,20.2,0.9,1.5,1.4,2,1,1.00,CYCLE,W
IND,208,6415,59486,28/09/2021,11:41:06,15,1,22.0,1.1,1.2,1.0,2,1,1.00,CYCLE,W
IND,208,6415,59486,28/09/2021,11:41:08,15,1,22.1,1.1,2.0,1.8,2,1,1.00,CYCLE,W
IND,208,6415,59485,28/09/2021,11:41:46,15,0,20.3,1.0,133.7,132.4,2,1,1.00,CYCLE,E
IND,208,6415,59485,28/09/2021,11:42:37,15,0,16.5,1.0,51.0,50.9,2,1,1.00,CYCLE,E
IND,208,6415,59486,28/09/2021,11:43:24,15,1,13.5,0.7,136.5,136.4,2,1,0.80,CYCLE,W
IND,208,6415,59486,28/09/2021,11:43:56,15,1,27.5,1.0,31.6,31.4,2,1,1.00,CYCLE,W
IND,208,6415,59486,28/09/2021,11:43:57,15,1,28.4,1.0,0.9,0.8,2,1,1.00,CYCLE,W
IND,208,6415,59486,28/09/2021,11:44:27,15,1,21.0,1.0,30.2,30.1,2,1,1.00,CYCLE,W
IND,208,6415,59486,28/09/2021,11:44:27,15,1,21.5,1.1,0.6,0.4,2,1,1.00,CYCLE,W
IND,208,6415,59485,28/09/2021,11:45:01,15,0,25.7,1.0,143.5,143.3,2,1,1.00,CYCLE,E
IND,208,6415,59485,28/09/2021,11:45:31,15,0,20.4,1.1,30.3,30.2,2,1,1.00,CYCLE,E
IND,208,6415,59485,28/09/2021,11:45:34,15,0,17.1,1.1,2.7,2.5,2,1,1.00,CYCLE,E
IND,208,6415,59486,28/09/2021,11:45:38,15,1,13.6,0.9,70.8,70.6,2,1,1.00,CYCLE,W
IND,208,6415,59486,28/09/2021,11:46:24,15,1,16.1,1.1,45.8,45.5,2,1,1.00,CYCLE,W
IND,208,6415,59486,28/09/2021,11:46:26,15,1,16.6,0.9,2.0,1.7,2,1,1.00,CYCLE,W
IND,208,6415,59486,28/09/2021,11:46:28,15,1,16.5,1.1,1.5,1.4,2,1,1.00,CYCLE,W
IND,208,6415,59486,28/09/2021,11:46:29,15,1,15.3,1.1,1.6,1.4,2,1,1.00,CYCLE,W
IND,208,6415,59485,28/09/2021,11:46:44,15,0,29.6,1.0,68.1,67.1,2,1,1.00,CYCLE,E
IND,208,6415,59485,28/09/2021,11:47:02,15,0,17.5,1.0,17.3,17.2,2,1,1.00,CYCLE,E
IND,208,6415,59485,28/09/2021,11:48:50,15,0,6.2,1.0,108.4,108.2,2,1,0.67,CYCLE,E
IND,208,6415,59486,28/09/2021,11:49:41,15,1,24.4,1.0,192.3,192.0,2,1,1.00,CYCLE,W
IND,208,6415,59486,28/09/2021,11:50:37,15,1,25.9,1.0,55.4,55.2,2,1,1.00,CYCLE,W
IND,208,6415,59486,28/09/2021,11:50:47,15,1,21.7,1.0,10.0,9.8,2,1,1.00,CYCLE,W
IND,208,6415,59486,28/09/2021,11:50:47,15,1,21.1,1.0,0.8,0.6,2,1,1.00,CYCLE,W
IND,208,6415,59486,28/09/2021,11:50:54,15,1,25.7,1.0,6.5,6.3,2,1,1.00,CYCLE,W
IND,208,6415,59486,28/09/2021,11:50:57,15,1,25.3,1.0,3.0,2.8,2,1,1.00,CYCLE,W
IND,208,6415,59486,28/09/2021,11:51:22,15,1,21.5,1.0,25.5,25.4,2,1,1.00,CYCLE,W
IND,208,6415,59486,28/09/2021,11:53:01,15,1,27.3,1.0,99.0,98.8,2,1,1.00,CYCLE,W
IND,208,6415,59485,28/09/2021,11:53:50,15,0,22.1,1.0,299.6,299.1,2,1,1.00,CYCLE,E
IND,208,6415,59485,28/09/2021,11:53:57,15,0,25.0,1.0,7.4,7.3,2,1,1.00,CYCLE,E
IND,208,6415,59486,28/09/2021,11:54:19,15,1,29.1,1.0,77.7,77.6,2,1,1.00,CYCLE,W
IND,208,6415,59485,28/09/2021,11:54:55,15,0,24.8,1.0,58.2,58.0,2,1,1.00,CYCLE,E
IND,208,6415,59486,28/09/2021,11:55:46,15,1,24.8,1.0,87.0,86.8,2,1,1.00,CYCLE,W
IND,208,6415,59486,28/09/2021,11:57:57,15,1,11.3,1.1,130.8,130.8,2,1,1.00,CYCLE,W
IND,208,6415,59486,28/09/2021,11:57:58,15,1,9.9,1.0,0.8,0.5,2,1,1.00,CYCLE,W
IND,208,6415,59485,28/09/2021,11:58:03,15,0,13.4,0.9,187.8,187.7,2,1,1.00,CYCLE,E
IND,208,6415,59485,28/09/2021,11:58:04,15,0,15.1,0.9,0.9,0.6,2,1,1.00,CYCLE,E
IND,208,6415,59486,28/09/2021,11:58:08,15,1,15.6,1.1,10.0,9.6,2,1,1.00,CYCLE,W
IND,208,6415,59486,28/09/2021,11:58:55,15,1,22.0,1.1,46.9,46.6,2,1,1.00,CYCLE,W
IND,208,6415,59485,28/09/2021,11:59:11,15,0,18.6,0.9,67.1,66.9,2,1,1.00,CYCLE,E
IND,208,6415,59485,28/09/2021,12:00:38,15,0,12.7,1.1,87.2,87.1,2,1,1.00,CYCLE,E
IND,208,6415,59485,28/09/2021,12:00:39,15,0,12.1,1.1,0.9,0.6,2,1,1.00,CYCLE,E
IND,208,6415,59485,28/09/2021,12:00:44,15,0,15.4,0.4,5.2,4.9,2,1,1.00,CYCLE,E
IND,208,6415,59485,28/09/2021,12:01:55,15,0,24.0,1.0,70.5,70.4,2,1,1.00,CYCLE,E
IND,208,6415,59486,28/09/2021,12:02:51,15,1,24.0,1.0,236.3,236.1,2,1,1.00,CYCLE,W
IND,208,6415,59486,28/09/2021,12:02:52,15,1,23.4,1.1,1.0,0.8,2,1,1.00,CYCLE,W
IND,208,6415,59486,28/09/2021,12:02:53,15,1,22.8,1.0,1.5,1.3,2,1,1.00,CYCLE,W
IND,208,6415,59486,28/09/2021,12:02:54,15,1,23.5,1.1,0.7,0.5,2,1,1.00,CYCLE,W
IND,208,6415,59486,28/09/2021,12:04:03,15,1,23.9,1.1,68.4,68.2,2,1,1.00,CYCLE,W
IND,208,6415,59486,28/09/2021,12:04:05,15,1,23.8,1.1,2.7,2.6,2,1,1.00,CYCLE,W
IND,208,6415,59486,28/09/2021,12:04:06,15,1,22.5,1.1,0.5,0.3,2,1,1.00,CYCLE,W
IND,208,6415,59485,28/09/2021,12:04:50,15,0,12.8,1.0,174.7,174.5,2,1,1.00,CYCLE,E
IND,208,6415,59485,28/09/2021,12:04:51,15,0,13.4,1.1,1.2,1.0,2,1,1.00,CYCLE,E
IND,208,6415,59486,28/09/2021,12:06:46,15,1,30.3,1.0,160.7,160.5,2,1,1.00,CYCLE,W
IND,208,6415,59485,28/09/2021,12:08:13,15,0,3.9,0.4,202.5,202.2,2,1,0.80,CYCLE,E
IND,208,6415,59485,28/09/2021,12:10:35,15,0,23.7,1.1,141.8,141.4,2,1,1.00,CYCLE,E
IND,208,6415,59485,28/09/2021,12:11:42,15,0,16.1,1.1,66.8,66.7,2,1,1.00,CYCLE,E
IND,208,6415,59486,28/09/2021,12:12:58,15,1,24.1,1.0,371.2,371.1,2,1,1.00,CYCLE,W
IND,208,6415,59485,28/09/2021,12:14:07,15,0,21.0,1.1,144.8,144.6,2,1,1.00,CYCLE,E
IND,208,6415,59485,28/09/2021,12:14:37,15,0,16.6,1.1,30.5,30.3,2,1,1.00,CYCLE,E
IND,208,6415,59485,28/09/2021,12:14:57,15,0,22.7,1.0,20.3,20.0,2,1,1.00,CYCLE,E
IND,208,6415,59485,28/09/2021,12:16:42,15,0,24.8,1.0,55.8,55.8,2,1,1.00,CYCLE,E
IND,208,6415,59486,28/09/2021,12:16:58,15,1,26.4,1.0,240.7,240.6,2,1,1.00,CYCLE,W
IND,208,6415,59485,28/09/2021,12:18:09,15,0,24.6,1.0,86.9,86.7,2,1,1.00,CYCLE,E
IND,208,6415,59485,28/09/2021,12:18:46,15,0,21.5,1.1,36.8,36.6,2,1,1.00,CYCLE,E
IND,208,6415,59485,28/09/2021,12:20:04,15,0,26.0,1.0,78.0,77.8,2,1,1.00,CYCLE,E
IND,208,6415,59486,28/09/2021,12:20:49,15,1,24.1,1.0,207.6,207.3,2,1,1.00,CYCLE,W
IND,208,6415,59486,28/09/2021,12:21:22,15,1,22.5,1.0,32.8,32.7,2,1,1.00,CYCLE,W
IND,208,6415,59485,28/09/2021,12:21:24,15,0,17.0,1.1,79.5,79.3,2,1,1.00,CYCLE,E
IND,208,6415,59485,28/09/2021,12:22:09,15,0,19.0,1.1,45.1,44.8,2,1,1.00,CYCLE,E
IND,208,6415,59485,28/09/2021,12:22:23,15,0,23.3,1.0,14.3,14.1,2,1,1.00,CYCLE,E
IND,208,6415,59485,28/09/2021,12:23:07,15,0,21.2,0.9,44.3,44.2,2,1,1.00,CYCLE,E
IND,208,6415,59485,28/09/2021,12:23:09,15,0,21.8,1.1,1.7,1.5,2,1,1.00,CYCLE,E
IND,208,6415,59486,28/09/2021,12:25:19,15,1,30.4,1.0,236.5,236.3,2,1,1.00,CYCLE,W
IND,208,6415,59485,28/09/2021,12:25:28,15,0,21.8,1.0,139.0,138.8,2,1,0.80,CYCLE,E
IND,208,6415,59486,28/09/2021,12:26:31,15,1,24.6,1.1,72.7,72.6,2,1,1.00,CYCLE,W
IND,208,6415,59485,28/09/2021,12:27:20,15,0,21.1,0.9,111.9,111.7,2,1,1.00,CYCLE,E
IND,208,6415,59486,28/09/2021,12:27:37,15,1,26.4,1.0,65.3,65.1,2,1,1.00,CYCLE,W
IND,208,6415,59486,28/09/2021,12:28:46,15,1,25.5,1.1,69.8,69.6,2,1,1.00,CYCLE,W
IND,208,6415,59486,28/09/2021,12:28:47,15,1,22.3,1.1,0.4,0.3,2,1,1.00,CYCLE,W
IND,208,6415,59486,28/09/2021,12:28:48,15,1,25.0,1.0,1.4,1.3,2,1,1.00,CYCLE,W
IND,208,6415,59486,28/09/2021,12:28:49,15,1,22.8,1.1,0.7,0.6,2,1,1.00,CYCLE,W
IND,208,6415,59486,28/09/2021,12:28:49,15,1,23.6,1.0,0.5,0.3,2,1,1.00,CYCLE,W
IND,208,6415,59485,28/09/2021,12:28:59,15,0,13.2,1.1,99.6,99.5,2,1,1.00,CYCLE,E
IND,208,6415,59485,28/09/2021,12:29:01,15,0,11.3,1.0,1.5,1.2,2,1,1.00,CYCLE,E
IND,208,6415,59485,28/09/2021,12:29:26,15,0,18.2,1.0,25.4,25.0,2,1,1.00,CYCLE,E
IND,208,6415,59486,28/09/2021,12:30:09,15,1,22.1,1.0,79.3,79.1,2,1,1.00,CYCLE,W
IND,208,6415,59486,28/09/2021,12:30:09,15,1,21.4,1.1,0.7,0.5,2,1,1.00,CYCLE,W
IND,208,6415,59485,28/09/2021,12:30:10,15,0,2.4,1.0,43.4,43.8,2,1,0.48,CYCLE,E
IND,208,6415,59485,28/09/2021,12:30:10,15,0,2.4,1.0,0.0,0.0,2,1,0.48,CYCLE,E
IND,208,6415,59485,28/09/2021,12:30:10,15,0,2.4,1.0,0.0,0.0,2,1,0.48,CYCLE,E
IND,208,6415,59485,28/09/2021,12:30:10,15,0,2.4,1.0,0.0,0.0,2,1,0.48,CYCLE,E
IND,208,6415,59485,28/09/2021,12:30:10,15,0,2.4,1.0,0.0,0.0,2,1,0.48,CYCLE,E
IND,208,6415,59486,28/09/2021,12:31:00,15,1,23.0,1.0,50.3,50.1,2,1,1.00,CYCLE,W
IND,208,6415,59485,28/09/2021,12:32:20,15,0,27.6,1.0,130.4,127.0,2,1,1.00,CYCLE,E
IND,208,6415,59485,28/09/2021,12:32:56,15,0,25.1,1.1,35.4,35.3,2,1,1.00,CYCLE,E
IND,208,6415,59486,28/09/2021,12:33:11,15,1,26.5,1.0,131.1,130.9,2,1,1.00,CYCLE,W
IND,208,6415,59486,28/09/2021,12:33:25,15,1,26.6,1.1,14.6,14.4,2,1,1.00,CYCLE,W
IND,208,6415,59486,28/09/2021,12:34:03,15,1,25.7,1.1,37.4,37.2,2,1,1.00,CYCLE,W
IND,208,6415,59486,28/09/2021,12:35:05,15,1,30.1,1.0,61.9,61.8,2,1,1.00,CYCLE,W
IND,208,6415,59485,28/09/2021,12:35:36,15,0,18.4,1.2,160.3,160.2,2,1,1.00,CYCLE,E
IND,208,6415,59485,28/09/2021,12:35:52,15,0,16.8,1.0,16.5,16.2,2,1,1.00,CYCLE,E
IND,208,6415,59485,28/09/2021,12:35:54,15,0,17.8,1.1,1.7,1.5,2,1,1.00,CYCLE,E
IND,208,6415,59486,28/09/2021,12:36:14,15,1,19.5,1.0,69.0,68.9,2,1,1.00,CYCLE,W
IND,208,6415,59486,28/09/2021,12:36:14,15,1,19.5,1.1,0.7,0.5,2,1,1.00,CYCLE,W
IND,208,6415,59486,28/09/2021,12:36:15,15,1,19.0,1.0,0.5,0.3,2,1,1.00,CYCLE,W
IND,208,6415,59485,28/09/2021,12:36:17,15,0,24.1,1.0,22.6,22.4,2,1,1.00,CYCLE,E
IND,208,6415,59486,28/09/2021,12:36:46,15,1,29.4,1.0,31.5,31.3,2,1,1.00,CYCLE,W
IND,208,6415,59485,28/09/2021,12:37:06,15,0,22.0,1.0,49.7,49.6,2,1,1.00,CYCLE,E
IND,208,6415,59485,28/09/2021,12:37:09,15,0,21.9,1.1,2.2,2.0,2,1,1.00,CYCLE,E
IND,208,6415,59486,28/09/2021,12:37:17,15,1,27.1,1.0,30.3,30.2,2,1,1.00,CYCLE,W
IND,208,6415,59486,28/09/2021,12:38:55,15,1,25.3,1.0,98.3,98.1,2,1,1.00,CYCLE,W
IND,208,6415,59485,28/09/2021,12:38:59,15,0,25.7,1.0,110.4,110.2,2,1,1.00,CYCLE,E
IND,208,6415,59486,28/09/2021,12:39:02,15,1,19.8,1.0,7.0,6.9,2,1,1.00,CYCLE,W
IND,208,6415,59486,28/09/2021,12:39:03,15,1,20.2,1.0,0.9,0.7,2,1,1.00,CYCLE,W
IND,208,6415,59486,28/09/2021,12:39:11,15,1,24.1,1.1,8.6,8.4,2,1,1.00,CYCLE,W
IND,208,6415,59486,28/09/2021,12:40:28,15,1,25.0,1.0,76.7,76.5,2,1,1.00,CYCLE,W
IND,208,6415,59486,28/09/2021,12:40:43,15,1,22.7,1.0,14.9,14.8,2,1,1.00,CYCLE,W
IND,208,6415,59486,28/09/2021,12:41:34,15,1,26.1,1.0,50.6,50.4,2,1,1.00,CYCLE,W
IND,208,6415,59486,28/09/2021,12:41:36,15,1,25.3,1.0,1.9,1.8,2,1,1.00,CYCLE,W
IND,208,6415,59485,28/09/2021,12:41:42,15,0,16.9,1.2,163.4,163.3,2,1,1.00,CYCLE,E
IND,208,6415,59486,28/09/2021,12:42:25,15,1,24.8,1.1,49.3,49.2,2,1,1.00,CYCLE,W
IND,208,6415,59486,28/09/2021,12:42:26,15,1,26.2,1.2,1.6,1.4,2,1,1.00,CYCLE,W
IND,208,6415,59486,28/09/2021,12:43:31,15,1,32.2,0.9,64.1,63.9,2,1,1.00,CYCLE,W
IND,208,6415,59486,28/09/2021,12:43:43,15,1,14.0,1.1,12.3,12.3,2,1,1.00,CYCLE,W
IND,208,6415,59486,28/09/2021,12:43:57,15,1,25.0,1.1,14.0,13.6,2,1,1.00,CYCLE,W
IND,208,6415,59485,28/09/2021,12:43:57,15,0,21.6,1.1,18.4,17.5,2,1,1.00,CYCLE,E
IND,208,6415,59485,28/09/2021,12:44:30,15,0,23.2,1.1,32.1,31.9,2,1,1.00,CYCLE,E
IND,208,6415,59485,28/09/2021,12:44:37,15,0,18.6,1.1,7.5,7.3,2,1,1.00,CYCLE,E
IND,208,6415,59485,28/09/2021,12:44:54,15,0,28.3,1.0,16.7,16.5,2,1,1.00,CYCLE,E
IND,208,6415,59486,28/09/2021,12:46:11,15,1,23.9,1.0,133.8,133.7,2,1,1.00,CYCLE,W
IND,208,6415,59485,28/09/2021,12:46:29,15,0,23.2,1.0,95.6,95.4,2,1,1.00,CYCLE,E
IND,208,6415,59485,28/09/2021,12:46:30,15,0,23.1,1.0,0.4,0.2,2,1,1.00,CYCLE,E
IND,208,6415,59486,28/09/2021,12:46:46,15,1,25.5,1.1,34.9,34.8,2,1,1.00,CYCLE,W
IND,208,6415,59486,28/09/2021,12:49:59,15,1,30.0,1.1,193.0,192.8,2,1,1.00,CYCLE,W
IND,208,6415,59486,28/09/2021,12:51:39,15,1,26.3,1.1,100.6,100.5,2,1,1.00,CYCLE,W
IND,208,6415,59486,28/09/2021,12:51:40,15,1,24.4,0.8,1.3,1.1,2,1,1.00,CYCLE,W
IND,208,6415,59486,28/09/2021,12:52:34,15,1,25.1,1.1,53.3,53.2,2,1,1.00,CYCLE,W
IND,208,6415,59485,28/09/2021,12:52:59,15,0,31.7,1.1,389.6,389.5,2,1,1.00,CYCLE,E
IND,208,6415,59485,28/09/2021,12:53:02,15,0,19.5,1.1,2.4,2.3,2,1,1.00,CYCLE,E
IND,208,6415,59486,28/09/2021,12:53:16,15,1,23.1,1.0,42.7,42.5,2,1,1.00,CYCLE,W
IND,208,6415,59486,28/09/2021,12:53:19,15,1,27.7,1.0,2.1,2.0,2,1,1.00,CYCLE,W
IND,208,6415,59486,28/09/2021,12:53:53,15,1,21.2,1.0,34.6,34.5,2,1,1.00,CYCLE,W
IND,208,6415,59485,28/09/2021,12:55:00,15,0,18.3,1.1,117.9,117.7,2,1,1.00,CYCLE,E
IND,208,6415,59485,28/09/2021,12:55:03,15,0,16.5,1.1,3.2,3.0,2,1,1.00,CYCLE,E
IND,208,6415,59485,28/09/2021,12:55:04,15,0,16.7,1.1,1.0,0.8,2,1,1.00,CYCLE,E
IND,208,6415,59485,28/09/2021,12:56:06,15,0,17.2,1.0,62.6,62.4,2,1,1.00,CYCLE,E
IND,208,6415,59486,28/09/2021,12:56:30,15,1,21.7,1.2,156.8,156.6,2,1,1.00,CYCLE,W
IND,208,6415,59486,28/09/2021,12:57:17,15,1,27.9,1.0,46.8,46.6,2,1,1.00,CYCLE,W
IND,208,6415,59486,28/09/2021,12:58:51,15,1,8.5,1.0,94.4,94.2,2,1,0.67,CYCLE,W
IND,208,6415,59485,28/09/2021,12:59:29,15,0,21.1,1.1,203.1,202.9,2,1,1.00,CYCLE,E
IND,208,6415,59485,28/09/2021,12:59:30,15,0,20.9,1.1,0.9,0.7,2,1,1.00,CYCLE,E
IND,208,6415,59485,28/09/2021,12:59:31,15,0,21.2,1.0,0.5,0.3,2,1,1.00,CYCLE,E
IND,208,6415,59485,28/09/2021,12:59:45,15,0,17.7,1.1,13.8,13.7,2,1,1.00,CYCLE,E
IND,208,6415,59486,28/09/2021,13:00:06,15,1,26.0,1.0,74.8,74.3,2,1,1.00,CYCLE,W
IND,208,6415,59485,28/09/2021,13:00:58,15,0,24.0,1.1,73.4,73.2,2,1,1.00,CYCLE,E
IND,208,6415,59485,28/09/2021,13:01:27,15,0,7.8,0.2,28.8,28.6,2,1,1.00,CYCLE,E
IND,208,6415,59486,28/09/2021,13:02:03,15,1,25.3,1.0,94.2,94.0,2,1,1.00,CYCLE,W
IND,208,6415,59485,28/09/2021,13:03:09,15,0,18.9,1.0,102.3,102.2,2,1,1.00,CYCLE,E
IND,208,6415,59485,28/09/2021,13:03:45,15,0,22.2,1.1,35.4,35.2,2,1,1.00,CYCLE,E
IND,208,6415,59486,28/09/2021,13:04:51,15,1,21.5,1.1,3.9,3.4,2,1,1.00,CYCLE,W
IND,208,6415,59485,28/09/2021,13:04:59,15,0,17.8,1.1,11.4,10.6,2,1,1.00,CYCLE,E
IND,208,6415,59486,28/09/2021,13:05:00,15,1,20.1,1.1,3.0,3.1,2,1,1.00,CYCLE,W
IND,208,6415,59485,28/09/2021,13:05:22,15,0,24.0,1.0,22.6,22.4,2,1,1.00,CYCLE,E
IND,208,6415,59485,28/09/2021,13:06:05,15,0,21.1,1.0,43.5,43.3,2,1,1.00,CYCLE,E
IND,208,6415,59485,28/09/2021,13:06:38,15,0,24.3,1.1,32.9,32.8,2,1,1.00,CYCLE,E
IND,208,6415,59485,28/09/2021,13:06:57,15,0,17.5,1.1,18.3,18.2,2,1,1.00,CYCLE,E
IND,208,6415,59485,28/09/2021,13:07:25,15,0,17.6,1.1,28.5,28.3,2,1,1.00,CYCLE,E
IND,208,6415,59486,28/09/2021,13:07:26,15,1,29.6,1.0,146.7,146.5,2,1,1.00,CYCLE,W
IND,208,6415,59486,28/09/2021,13:08:14,15,1,18.8,1.0,47.3,47.2,2,1,1.00,CYCLE,W
IND,208,6415,59485,28/09/2021,13:08:49,15,0,19.9,1.1,52.2,52.0,2,1,1.00,CYCLE,E
IND,208,6415,59486,28/09/2021,13:08:59,15,1,21.1,1.1,45.2,45.0,2,1,1.00,CYCLE,W
IND,208,6415,59486,28/09/2021,13:09:01,15,1,21.0,0.9,1.9,1.7,2,1,1.00,CYCLE,W
IND,208,6415,59486,28/09/2021,13:09:03,15,1,18.6,1.0,2.5,2.4,2,1,1.00,CYCLE,W
IND,208,6415,59486,28/09/2021,13:09:04,15,1,18.1,1.1,1.0,0.8,2,1,1.00,CYCLE,W
IND,208,6415,59486,28/09/2021,13:09:27,15,1,17.3,1.0,22.4,22.2,2,1,1.00,CYCLE,W
IND,208,6415,59486,28/09/2021,13:09:51,15,1,25.1,1.1,23.7,23.5,2,1,1.00,CYCLE,W
IND,208,6415,59486,28/09/2021,13:09:52,15,1,19.1,1.0,1.2,1.0,2,1,1.00,CYCLE,W
IND,208,6415,59486,28/09/2021,13:10:04,15,1,29.0,1.0,11.9,11.7,2,1,1.00,CYCLE,W
IND,208,6415,59485,28/09/2021,13:10:45,15,0,20.2,1.0,116.7,116.5,2,1,1.00,CYCLE,E
IND,208,6415,59486,28/09/2021,13:12:19,15,1,30.0,1.0,135.2,135.1,2,1,1.00,CYCLE,W
IND,208,6415,59485,28/09/2021,13:12:33,15,0,18.4,1.1,107.6,107.4,2,1,1.00,CYCLE,E
IND,208,6415,59485,28/09/2021,13:12:42,15,0,23.3,1.1,8.8,8.5,2,1,1.00,CYCLE,E
IND,208,6415,59485,28/09/2021,13:12:57,15,0,25.0,1.1,15.4,15.3,2,1,1.00,CYCLE,E
IND,208,6415,59485,28/09/2021,13:13:13,15,0,13.9,1.1,15.7,15.5,2,1,1.00,CYCLE,E
IND,208,6415,59485,28/09/2021,13:14:13,15,0,18.1,1.2,55.9,55.7,2,1,1.00,CYCLE,E
IND,208,6415,59485,28/09/2021,13:14:14,15,0,16.6,1.0,1.2,1.0,2,1,1.00,CYCLE,E
IND,208,6415,59485,28/09/2021,13:15:07,15,0,14.9,1.0,53.3,53.1,2,1,1.00,CYCLE,E
IND,208,6415,59485,28/09/2021,13:15:08,15,0,15.3,1.0,0.6,0.4,2,1,1.00,CYCLE,E
IND,208,6415,59485,28/09/2021,13:15:21,15,0,14.2,1.1,13.5,13.2,2,1,1.00,CYCLE,E
IND,208,6415,59485,28/09/2021,13:15:47,15,0,16.2,1.1,25.8,25.6,2,1,1.00,CYCLE,E
IND,208,6415,59486,28/09/2021,13:15:48,15,1,30.3,1.0,74.9,74.4,2,1,1.00,CYCLE,W
IND,208,6415,59485,28/09/2021,13:16:30,15,0,4.5,0.9,42.6,42.4,2,1,0.80,CYCLE,E
IND,208,6415,59485,28/09/2021,13:16:48,15,0,26.7,1.0,18.6,18.2,2,1,1.00,CYCLE,E
IND,208,6415,59486,28/09/2021,13:17:07,15,1,28.8,1.0,79.2,79.0,2,1,1.00,CYCLE,W
IND,208,6415,59486,28/09/2021,13:17:16,15,1,28.6,1.1,8.7,8.6,2,1,1.00,CYCLE,W
IND,208,6415,59486,28/09/2021,13:17:17,15,1,29.2,1.0,1.5,1.3,2,1,1.00,CYCLE,W
IND,208,6415,59486,28/09/2021,13:17:44,15,1,24.1,1.1,26.6,26.5,2,1,1.00,CYCLE,W
IND,208,6415,59486,28/09/2021,13:17:44,15,1,24.4,1.1,0.6,0.5,2,1,1.00,CYCLE,W
IND,208,6415,59486,28/09/2021,13:18:24,15,1,22.6,1.1,39.7,39.5,2,1,1.00,CYCLE,W
IND,208,6415,59485,28/09/2021,13:19:09,15,0,17.1,1.1,140.8,140.7,2,1,1.00,CYCLE,E
IND,208,6415,59485,28/09/2021,13:20:51,15,0,22.0,1.1,101.7,101.4,2,1,1.00,CYCLE,E
IND,208,6415,59485,28/09/2021,13:20:52,15,0,21.1,1.0,1.4,1.2,2,1,1.00,CYCLE,E
IND,208,6415,59486,28/09/2021,13:21:04,15,1,21.4,1.0,160.0,159.8,2,1,1.00,CYCLE,W
IND,208,6415,59485,28/09/2021,13:21:19,15,0,25.1,0.9,26.6,26.4,2,1,1.00,CYCLE,E
IND,208,6415,59485,28/09/2021,13:21:22,15,0,25.2,1.0,3.1,2.9,2,1,1.00,CYCLE,E
IND,208,6415,59485,28/09/2021,13:21:25,15,0,20.3,1.1,3.7,3.6,2,1,1.00,CYCLE,E
IND,208,6415,59485,28/09/2021,13:21:26,15,0,19.1,1.1,0.6,0.4,2,1,1.00,CYCLE,E
IND,208,6415,59485,28/09/2021,13:22:19,15,0,20.5,1.0,52.6,52.4,2,1,1.00,CYCLE,E
IND,208,6415,59485,28/09/2021,13:22:39,15,0,20.9,1.0,20.2,20.0,2,1,1.00,CYCLE,E
IND,208,6415,59485,28/09/2021,13:23:13,15,0,16.8,1.0,33.7,33.6,2,1,1.00,CYCLE,E
IND,208,6415,59485,28/09/2021,13:23:13,15,0,17.4,1.1,0.7,0.5,2,1,1.00,CYCLE,E
IND,208,6415,59486,28/09/2021,13:23:46,15,1,22.8,1.1,2.0,1.4,2,1,1.00,CYCLE,W
IND,208,6415,59485,28/09/2021,13:24:22,15,0,10.9,1.0,68.7,68.5,2,1,1.00,CYCLE,E
IND,208,6415,59485,28/09/2021,13:24:23,15,0,11.0,0.9,0.7,0.4,2,1,1.00,CYCLE,E
IND,208,6415,59485,28/09/2021,13:25:00,15,0,21.6,1.1,37.4,37.1,2,1,1.00,CYCLE,E
IND,208,6415,59485,28/09/2021,13:25:02,15,0,13.0,0.8,1.5,1.4,2,1,0.80,CYCLE,E
IND,208,6415,59486,28/09/2021,13:25:25,15,1,24.2,1.2,99.0,98.8,2,1,1.00,CYCLE,W
IND,208,6415,59486,28/09/2021,13:25:46,15,1,33.2,1.0,20.2,20.0,2,1,1.00,CYCLE,W
IND,208,6415,59485,28/09/2021,13:26:02,15,0,17.5,1.0,60.0,59.8,2,1,1.00,CYCLE,E
IND,208,6415,59486,28/09/2021,13:27:02,15,1,24.5,1.1,76.1,76.0,2,1,1.00,CYCLE,W
IND,208,6415,59486,28/09/2021,13:27:57,15,1,27.2,1.1,55.4,55.3,2,1,1.00,CYCLE,W
IND,208,6415,59486,28/09/2021,13:28:10,15,1,27.4,1.1,12.8,12.6,2,1,1.00,CYCLE,W
IND,208,6415,59486,28/09/2021,13:28:43,15,1,23.7,1.1,32.7,32.5,2,1,1.00,CYCLE,W
IND,208,6415,59486,28/09/2021,13:28:50,15,1,23.9,1.0,7.8,7.7,2,1,1.00,CYCLE,W
IND,208,6415,59485,28/09/2021,13:28:56,15,0,24.7,1.0,174.9,174.7,2,1,1.00,CYCLE,E
IND,208,6415,59486,28/09/2021,13:29:13,15,1,27.9,1.0,22.5,22.3,2,1,1.00,CYCLE,W
IND,208,6415,59485,28/09/2021,13:30:21,15,0,26.7,1.0,84.9,84.8,2,1,1.00,CYCLE,E
IND,208,6415,59485,28/09/2021,13:31:24,15,0,26.3,1.0,62.5,62.4,2,1,1.00,CYCLE,E
IND,208,6415,59486,28/09/2021,13:31:46,15,1,28.5,1.1,153.3,153.1,2,1,1.00,CYCLE,W
IND,208,6415,59486,28/09/2021,13:32:23,15,1,22.5,1.0,37.0,36.9,2,1,1.00,CYCLE,W
IND,208,6415,59486,28/09/2021,13:32:27,15,1,24.5,1.1,4.1,3.9,2,1,1.00,CYCLE,W
IND,208,6415,59485,28/09/2021,13:33:07,15,0,28.3,1.0,38.1,37.6,2,1,1.00,CYCLE,E
IND,208,6415,59486,28/09/2021,13:35:50,15,1,25.5,1.1,202.7,202.5,2,1,1.00,CYCLE,W
IND,208,6415,59486,28/09/2021,13:35:51,15,1,26.7,1.1,0.7,0.5,2,1,1.00,CYCLE,W
IND,208,6415,59485,28/09/2021,13:36:05,15,0,25.8,1.0,178.5,178.3,2,1,1.00,CYCLE,E
IND,208,6415,59486,28/09/2021,13:36:07,15,1,23.5,1.0,15.8,15.7,2,1,1.00,CYCLE,W
IND,208,6415,59486,28/09/2021,13:37:23,15,1,23.7,1.1,76.0,75.8,2,1,1.00,CYCLE,W
IND,208,6415,59485,28/09/2021,13:37:58,15,0,18.3,1.1,112.4,112.3,2,1,1.00,CYCLE,E
IND,208,6415,59486,28/09/2021,13:38:53,15,1,26.2,1.1,90.8,90.6,2,1,1.00,CYCLE,W
IND,208,6415,59486,28/09/2021,13:39:32,15,1,26.9,1.1,38.3,38.1,2,1,1.00,CYCLE,W
IND,208,6415,59486,28/09/2021,13:39:38,15,1,19.7,1.0,6.7,6.6,2,1,1.00,CYCLE,W
IND,208,6415,59486,28/09/2021,13:40:03,15,1,24.8,1.0,24.8,24.6,2,1,1.00,CYCLE,W
IND,208,6415,59486,28/09/2021,13:40:06,15,1,27.8,1.0,3.0,2.8,2,1,1.00,CYCLE,W
IND,208,6415,59486,28/09/2021,13:40:08,15,1,25.2,1.1,1.7,1.6,2,1,1.00,CYCLE,W
IND,208,6415,59486,28/09/2021,13:40:53,15,1,23.5,1.0,44.8,44.6,2,1,1.00,CYCLE,W
IND,208,6415,59485,28/09/2021,13:40:54,15,0,15.8,1.1,176.4,176.2,2,1,1.00,CYCLE,E
IND,208,6415,59485,28/09/2021,13:40:56,15,0,15.1,0.9,1.4,1.1,2,1,1.00,CYCLE,E
IND,208,6415,59485,28/09/2021,13:40:56,15,0,15.8,1.0,0.8,0.6,2,1,1.00,CYCLE,E
IND,208,6415,59485,28/09/2021,13:40:59,15,0,14.8,1.0,2.4,2.1,2,1,1.00,CYCLE,E
IND,208,6415,59485,28/09/2021,13:42:25,15,0,28.0,1.0,86.6,86.3,2,1,1.00,CYCLE,E
IND,208,6415,59486,28/09/2021,13:42:39,15,1,16.0,1.0,106.3,106.1,2,1,1.00,CYCLE,W
IND,208,6415,59486,28/09/2021,13:42:42,15,1,16.2,1.1,2.9,2.6,2,1,1.00,CYCLE,W
IND,208,6415,59485,28/09/2021,13:43:10,15,0,15.9,1.1,44.9,44.8,2,1,1.00,CYCLE,E
IND,208,6415,59486,28/09/2021,13:43:31,15,1,22.6,1.1,49.3,49.1,2,1,1.00,CYCLE,W
IND,208,6415,59485,28/09/2021,13:43:47,15,0,13.8,1.1,37.0,36.8,2,1,1.00,CYCLE,E
IND,208,6415,59486,28/09/2021,13:44:31,15,1,24.9,1.0,60.1,59.9,2,1,1.00,CYCLE,W
IND,208,6415,59486,28/09/2021,13:44:57,15,1,27.3,1.0,25.8,25.6,2,1,1.00,CYCLE,W
IND,208,6415,59485,28/09/2021,13:45:22,15,0,20.3,1.1,94.6,94.3,2,1,1.00,CYCLE,E
IND,208,6415,59486,28/09/2021,13:45:31,15,1,17.8,1.0,34.1,34.0,2,1,1.00,CYCLE,W
IND,208,6415,59486,28/09/2021,13:46:06,15,1,25.0,1.0,34.6,34.4,2,1,1.00,CYCLE,W
IND,208,6415,59486,28/09/2021,13:46:07,15,1,22.8,1.0,0.9,0.8,2,1,1.00,CYCLE,W
IND,208,6415,59485,28/09/2021,13:46:26,15,0,9.5,1.0,64.4,64.2,2,1,1.00,CYCLE,E
IND,208,6415,59485,28/09/2021,13:46:29,15,0,5.7,1.0,2.6,2.2,2,1,0.80,CYCLE,E
IND,208,6415,59486,28/09/2021,13:47:13,15,1,23.4,1.0,66.4,66.3,2,1,1.00,CYCLE,W
IND,208,6415,59486,28/09/2021,13:47:14,15,1,23.6,1.0,1.4,1.2,2,1,1.00,CYCLE,W
IND,208,6415,59486,28/09/2021,13:47:15,15,1,24.0,1.0,0.5,0.3,2,1,1.00,CYCLE,W
IND,208,6415,59486,28/09/2021,13:47:36,15,1,17.5,1.1,3.2,2.6,2,1,1.00,CYCLE,W
IND,208,6415,59485,28/09/2021,13:47:53,15,0,14.2,1.1,84.3,83.7,2,1,1.00,CYCLE,E
IND,208,6415,59485,28/09/2021,13:47:54,15,0,13.0,1.0,0.5,0.3,2,1,1.00,CYCLE,E
IND,208,6415,59485,28/09/2021,13:47:57,15,0,17.5,1.0,3.6,3.3,2,1,1.00,CYCLE,E
IND,208,6415,59486,28/09/2021,13:48:05,15,1,24.6,1.0,28.3,28.0,2,1,1.00,CYCLE,W
IND,208,6415,59486,28/09/2021,13:48:05,15,1,24.4,1.1,0.4,0.2,2,1,1.00,CYCLE,W
IND,208,6415,59486,28/09/2021,13:48:56,15,1,23.9,1.0,50.8,50.6,2,1,1.00,CYCLE,W
IND,208,6415,59485,28/09/2021,13:49:07,15,0,18.5,1.1,69.9,69.7,2,1,1.00,CYCLE,E
IND,208,6415,59485,28/09/2021,13:49:09,15,0,18.6,1.0,1.2,1.0,2,1,1.00,CYCLE,E
IND,208,6415,59486,28/09/2021,13:49:22,15,1,29.7,1.0,26.3,26.1,2,1,1.00,CYCLE,W
IND,208,6415,59485,28/09/2021,13:50:31,15,0,16.4,1.0,82.4,82.2,2,1,1.00,CYCLE,E
IND,208,6415,59485,28/09/2021,13:50:33,15,0,11.9,0.9,1.7,1.5,2,1,1.00,CYCLE,E
IND,208,6415,59485,28/09/2021,13:50:34,15,0,12.9,1.1,0.9,0.6,2,1,1.00,CYCLE,E
IND,208,6415,59485,28/09/2021,13:50:35,15,0,13.8,1.1,1.8,1.5,2,1,1.00,CYCLE,E
IND,208,6415,59485,28/09/2021,13:51:10,15,0,17.6,1.0,34.4,34.1,2,1,1.00,CYCLE,E
IND,208,6415,59485,28/09/2021,13:51:10,15,0,17.6,1.0,0.0,0.0,2,1,1.00,CYCLE,E
IND,208,6415,59485,28/09/2021,13:52:01,15,0,16.9,1.1,51.2,51.0,2,1,1.00,CYCLE,E
IND,208,6415,59486,28/09/2021,13:52:24,15,1,16.2,1.0,181.5,181.4,2,1,1.00,CYCLE,W
IND,208,6415,59486,28/09/2021,13:52:34,15,1,20.1,0.9,10.6,10.4,2,1,1.00,CYCLE,W
IND,208,6415,59486,28/09/2021,13:52:37,15,1,19.3,1.0,2.6,2.5,2,1,1.00,CYCLE,W
IND,208,6415,59486,28/09/2021,13:52:38,15,1,18.6,1.0,1.0,0.8,2,1,1.00,CYCLE,W
IND,208,6415,59485,28/09/2021,13:52:45,15,0,20.7,1.0,43.7,43.5,2,1,1.00,CYCLE,E
IND,208,6415,59485,28/09/2021,13:52:47,15,0,23.4,1.1,2.8,2.6,2,1,1.00,CYCLE,E
IND,208,6415,59486,28/09/2021,13:52:51,15,1,24.3,1.1,13.2,13.0,2,1,1.00,CYCLE,W
IND,208,6415,59486,28/09/2021,13:52:52,15,1,24.2,1.1,1.0,0.8,2,1,1.00,CYCLE,W
IND,208,6415,59486,28/09/2021,13:53:19,15,1,27.1,1.0,27.1,27.0,2,1,1.00,CYCLE,W
IND,208,6415,59486,28/09/2021,13:54:24,15,1,23.3,1.0,64.9,64.8,2,1,1.00,CYCLE,W
IND,208,6415,59485,28/09/2021,13:55:42,15,0,18.8,1.0,174.9,174.8,2,1,1.00,CYCLE,E
IND,208,6415,59486,28/09/2021,13:55:51,15,1,32.2,1.0,86.9,86.7,2,1,1.00,CYCLE,W
IND,208,6415,59486,28/09/2021,13:55:54,15,1,23.3,1.0,2.5,2.4,2,1,1.00,CYCLE,W
IND,208,6415,59485,28/09/2021,13:58:08,15,0,16.7,1.1,0.6,0.4,2,1,1.00,CYCLE,E
IND,208,6415,59485,28/09/2021,13:58:09,15,0,18.8,1.0,0.9,0.7,2,1,1.00,CYCLE,E
IND,208,6415,59486,28/09/2021,13:58:10,15,1,14.4,1.0,136.7,136.5,2,1,0.40,CYCLE,W
IND,208,6415,59486,28/09/2021,13:58:43,15,1,24.8,1.0,32.4,32.1,2,1,1.00,CYCLE,W
IND,208,6415,59486,28/09/2021,13:58:45,15,1,18.4,1.1,2.6,2.5,2,1,1.00,CYCLE,W
IND,208,6415,59486,28/09/2021,13:58:47,15,1,21.3,1.0,1.5,1.3,2,1,1.00,CYCLE,W
IND,208,6415,59485,28/09/2021,13:58:48,15,0,18.1,1.1,38.9,38.7,2,1,1.00,CYCLE,E
IND,208,6415,59485,28/09/2021,13:58:50,15,0,18.9,1.1,2.5,2.3,2,1,1.00,CYCLE,E
IND,208,6415,59485,28/09/2021,13:58:51,15,0,16.0,1.0,0.4,0.2,2,1,1.00,CYCLE,E
IND,208,6415,59485,28/09/2021,13:58:52,15,0,15.5,1.0,0.8,0.6,2,1,1.00,CYCLE,E
IND,208,6415,59485,28/09/2021,13:58:59,15,0,21.2,1.1,7.9,7.7,2,1,1.00,CYCLE,E
IND,208,6415,59486,28/09/2021,13:59:29,15,1,25.4,1.1,41.8,41.6,2,1,1.00,CYCLE,W
IND,208,6415,59486,28/09/2021,13:59:30,15,1,26.7,1.1,1.0,0.8,2,1,1.00,CYCLE,W
IND,208,6415,59485,28/09/2021,14:01:43,15,0,20.4,1.1,164.0,163.8,2,1,1.00,CYCLE,E
IND,208,6415,59485,28/09/2021,14:01:47,15,0,18.6,1.1,3.9,3.7,2,1,1.00,CYCLE,E
IND,208,6415,59485,28/09/2021,14:03:03,15,0,23.7,1.1,75.2,75.0,2,1,1.00,CYCLE,E
IND,208,6415,59486,28/09/2021,14:03:26,15,1,24.4,1.1,236.8,236.7,2,1,1.00,CYCLE,W
IND,208,6415,59485,28/09/2021,14:03:52,15,0,17.4,1.0,49.8,49.7,2,1,1.00,CYCLE,E
IND,208,6415,59486,28/09/2021,14:04:13,15,1,23.4,1.0,47.0,46.8,2,1,1.00,CYCLE,W
IND,208,6415,59485,28/09/2021,14:04:20,15,0,27.9,1.1,27.3,27.1,2,1,1.00,CYCLE,E
IND,208,6415,59485,28/09/2021,14:04:34,15,0,14.9,1.0,13.9,13.7,2,1,1.00,CYCLE,E
IND,208,6415,59486,28/09/2021,14:05:26,15,1,24.6,1.1,72.9,72.8,2,1,1.00,CYCLE,W
IND,208,6415,59486,28/09/2021,14:05:38,15,1,22.7,1.0,11.6,11.5,2,1,1.00,CYCLE,W
IND,208,6415,59485,28/09/2021,14:05:47,15,0,27.6,1.1,73.4,73.1,2,1,1.00,CYCLE,E
IND,208,6415,59486,28/09/2021,14:06:27,15,1,22.1,1.0,49.4,49.3,2,1,1.00,CYCLE,W
IND,208,6415,59486,28/09/2021,14:06:59,15,1,21.1,1.0,31.2,31.1,2,1,1.00,CYCLE,W
IND,208,6415,59486,28/09/2021,14:06:59,15,1,22.2,1.1,0.5,0.3,2,1,1.00,CYCLE,W
IND,208,6415,59485,28/09/2021,14:08:36,15,0,25.2,1.1,168.6,168.5,2,1,1.00,CYCLE,E
IND,208,6415,59485,28/09/2021,14:08:39,15,0,23.8,1.1,3.8,3.6,2,1,1.00,CYCLE,E
IND,208,6415,59486,28/09/2021,14:08:42,15,1,21.0,1.1,103.4,103.2,2,1,1.00,CYCLE,W
IND,208,6415,59486,28/09/2021,14:08:46,15,1,21.0,1.0,3.9,3.7,2,1,1.00,CYCLE,W
IND,208,6415,59486,28/09/2021,14:09:55,15,1,24.4,1.0,68.6,68.4,2,1,1.00,CYCLE,W
IND,208,6415,59485,28/09/2021,14:10:10,15,0,21.5,1.1,90.6,90.4,2,1,1.00,CYCLE,E
IND,208,6415,59485,28/09/2021,14:10:11,15,0,20.8,1.1,1.0,0.8,2,1,1.00,CYCLE,E
IND,208,6415,59485,28/09/2021,14:10:19,15,0,29.9,1.0,7.8,7.6,2,1,1.00,CYCLE,E
IND,208,6415,59485,28/09/2021,14:14:46,15,0,18.6,1.0,267.3,267.2,2,1,1.00,CYCLE,E
IND,208,6415,59485,28/09/2021,14:15:09,15,0,20.5,0.9,23.1,22.9,2,1,1.00,CYCLE,E
IND,208,6415,59486,28/09/2021,14:15:22,15,1,16.9,1.1,326.9,326.8,2,1,1.00,CYCLE,W
IND,208,6415,59486,28/09/2021,14:15:26,15,1,27.5,1.0,4.3,4.0,2,1,1.00,CYCLE,W
IND,208,6415,59485,28/09/2021,14:16:07,15,0,16.8,1.1,58.0,57.8,2,1,1.00,CYCLE,E
IND,208,6415,59485,28/09/2021,14:16:16,15,0,17.1,1.1,9.0,8.8,2,1,1.00,CYCLE,E
IND,208,6415,59485,28/09/2021,14:16:17,15,0,17.1,1.0,0.6,0.4,2,1,1.00,CYCLE,E
IND,208,6415,59486,28/09/2021,14:16:25,15,1,22.3,1.0,58.9,58.7,2,1,1.00,CYCLE,W
IND,208,6415,59486,28/09/2021,14:16:31,15,1,22.2,1.1,5.6,5.4,2,1,1.00,CYCLE,W
IND,208,6415,59486,28/09/2021,14:16:52,15,1,23.1,1.1,21.7,21.5,2,1,1.00,CYCLE,W
IND,208,6415,59485,28/09/2021,14:16:56,15,0,23.1,1.0,38.7,38.5,2,1,1.00,CYCLE,E
IND,208,6415,59485,28/09/2021,14:18:11,15,0,14.1,1.2,75.8,75.6,2,1,1.00,CYCLE,E
IND,208,6415,59485,28/09/2021,14:18:12,15,0,12.5,1.1,0.8,0.5,2,1,1.00,CYCLE,E
IND,208,6415,59485,28/09/2021,14:19:39,15,0,21.8,1.1,87.2,86.9,2,1,1.00,CYCLE,E
IND,208,6415,59485,28/09/2021,14:19:40,15,0,23.7,1.1,1.0,0.8,2,1,1.00,CYCLE,E
IND,208,6415,59485,28/09/2021,14:20:58,15,0,25.6,1.2,77.3,77.2,2,1,1.00,CYCLE,E
IND,208,6415,59485,28/09/2021,14:21:08,15,0,22.8,1.1,10.3,10.2,2,1,1.00,CYCLE,E
IND,208,6415,59486,28/09/2021,14:21:44,15,1,28.7,1.0,291.5,291.3,2,1,1.00,CYCLE,W
IND,208,6415,59485,28/09/2021,14:21:50,15,0,13.4,1.0,42.3,42.1,2,1,1.00,CYCLE,E
IND,208,6415,59485,28/09/2021,14:21:52,15,0,13.8,1.0,1.9,1.6,2,1,1.00,CYCLE,E
IND,208,6415,59485,28/09/2021,14:21:57,15,0,14.9,1.1,4.7,4.4,2,1,1.00,CYCLE,E
IND,208,6415,59485,28/09/2021,14:21:58,15,0,14.2,1.1,1.2,1.0,2,1,1.00,CYCLE,E
IND,208,6415,59485,28/09/2021,14:22:00,15,0,13.9,1.0,1.8,1.5,2,1,1.00,CYCLE,E
IND,208,6415,59485,28/09/2021,14:22:02,15,0,13.6,1.0,1.9,1.6,2,1,1.00,CYCLE,E
IND,208,6415,59485,28/09/2021,14:22:02,15,0,14.1,1.1,0.7,0.4,2,1,1.00,CYCLE,E
IND,208,6415,59486,28/09/2021,14:23:16,15,1,26.3,1.0,91.8,91.7,2,1,1.00,CYCLE,W
IND,208,6415,59485,28/09/2021,14:23:57,15,0,28.5,1.0,114.4,114.2,2,1,1.00,CYCLE,E
IND,208,6415,59485,28/09/2021,14:24:40,15,0,12.4,1.0,43.3,43.1,2,1,1.00,CYCLE,E
IND,208,6415,59486,28/09/2021,14:25:35,15,1,30.6,1.0,139.7,139.5,2,1,1.00,CYCLE,W
IND,208,6415,59486,28/09/2021,14:25:51,15,1,18.6,1.2,16.2,16.2,2,1,1.00,CYCLE,W
IND,208,6415,59486,28/09/2021,14:25:53,15,1,25.5,1.0,1.1,0.9,2,1,1.00,CYCLE,W
IND,208,6415,59485,28/09/2021,14:26:47,15,0,19.7,1.1,126.7,126.4,2,1,1.00,CYCLE,E
IND,208,6415,59485,28/09/2021,14:26:49,15,0,21.7,1.1,2.1,1.9,2,1,1.00,CYCLE,E
IND,208,6415,59486,28/09/2021,14:27:52,15,1,28.1,1.1,119.3,119.2,2,1,1.00,CYCLE,W
IND,208,6415,59485,28/09/2021,14:28:07,15,0,27.8,1.0,78.4,78.2,2,1,0.50,CYCLE,E
IND,208,6415,59486,28/09/2021,14:28:07,15,1,27.8,1.0,0.0,0.0,2,1,0.50,CYCLE,W
IND,208,6415,59485,28/09/2021,14:28:23,15,0,17.2,1.1,15.6,15.3,2,1,1.00,CYCLE,E
IND,208,6415,59486,28/09/2021,14:30:00,15,1,23.4,1.1,127.7,127.6,2,1,1.00,CYCLE,W
IND,208,6415,59485,28/09/2021,14:30:54,15,0,24.4,1.1,150.9,150.7,2,1,1.00,CYCLE,E
IND,208,6415,59486,28/09/2021,14:32:56,15,1,25.2,1.1,176.5,176.4,2,1,1.00,CYCLE,W
IND,208,6415,59486,28/09/2021,14:33:11,15,1,23.7,1.2,15.1,14.9,2,1,1.00,CYCLE,W
IND,208,6415,59485,28/09/2021,14:33:49,15,0,16.8,1.1,175.5,175.3,2,1,1.00,CYCLE,E
IND,208,6415,59485,28/09/2021,14:33:50,15,0,15.0,1.1,0.9,0.7,2,1,1.00,CYCLE,E
IND,208,6415,59486,28/09/2021,14:34:02,15,1,28.7,1.1,50.6,50.4,2,1,1.00,CYCLE,W
IND,208,6415,59486,28/09/2021,14:34:09,15,1,31.6,1.1,7.3,7.2,2,1,1.00,CYCLE,W
IND,208,6415,59486,28/09/2021,14:35:22,15,1,19.3,1.0,72.8,72.7,2,1,1.00,CYCLE,W
IND,208,6415,59486,28/09/2021,14:35:26,15,1,23.7,1.0,4.4,4.2,2,1,1.00,CYCLE,W
IND,208,6415,59486,28/09/2021,14:35:27,15,1,23.6,1.0,0.9,0.8,2,1,1.00,CYCLE,W
IND,208,6415,59485,28/09/2021,14:36:09,15,0,18.8,1.1,138.6,138.3,2,1,1.00,CYCLE,E
IND,208,6415,59485,28/09/2021,14:36:13,15,0,23.6,1.1,3.7,3.5,2,1,1.00,CYCLE,E
IND,208,6415,59485,28/09/2021,14:37:00,15,0,18.7,1.0,47.9,47.8,2,1,1.00,CYCLE,E
IND,208,6415,59485,28/09/2021,14:37:02,15,0,24.0,1.0,1.4,1.2,2,1,1.00,CYCLE,E
IND,208,6415,59485,28/09/2021,14:37:05,15,0,15.8,1.1,2.9,2.7,2,1,1.00,CYCLE,E
IND,208,6415,59485,28/09/2021,14:37:08,15,0,13.6,0.9,3.6,3.4,2,1,1.00,CYCLE,E
IND,208,6415,59485,28/09/2021,14:37:09,15,0,12.9,1.1,0.8,0.6,2,1,1.00,CYCLE,E
IND,208,6415,59485,28/09/2021,14:37:10,15,0,13.8,1.1,1.2,0.9,2,1,1.00,CYCLE,E
IND,208,6415,59486,28/09/2021,14:38:52,15,1,26.4,1.1,204.3,204.2,2,1,1.00,CYCLE,W
IND,208,6415,59486,28/09/2021,14:38:59,15,1,28.7,1.0,7.1,6.9,2,1,1.00,CYCLE,W
IND,208,6415,59485,28/09/2021,14:39:07,15,0,24.9,1.1,116.5,116.2,2,1,1.00,CYCLE,E
IND,208,6415,59485,28/09/2021,14:39:32,15,0,21.6,1.1,25.4,25.2,2,1,1.00,CYCLE,E
IND,208,6415,59486,28/09/2021,14:39:53,15,1,21.0,1.0,54.3,54.2,2,1,1.00,CYCLE,W
IND,208,6415,59485,28/09/2021,14:40:22,15,0,13.1,1.0,49.4,49.2,2,1,1.00,CYCLE,E
IND,208,6415,59485,28/09/2021,14:40:24,15,0,16.8,0.9,2.4,2.1,2,1,1.00,CYCLE,E
IND,208,6415,59485,28/09/2021,14:40:29,15,0,12.7,1.0,5.2,5.0,2,1,1.00,CYCLE,E
IND,208,6415,59485,28/09/2021,14:40:29,15,0,12.7,1.0,0.0,0.0,2,1,1.00,CYCLE,E
IND,208,6415,59485,28/09/2021,14:40:29,15,0,12.7,1.0,0.0,0.0,2,1,1.00,CYCLE,E
IND,208,6415,59485,28/09/2021,14:40:33,15,0,13.3,1.1,3.8,2.7,2,1,1.00,CYCLE,E
IND,208,6415,59486,28/09/2021,14:40:52,15,1,22.0,1.1,58.5,58.3,2,1,1.00,CYCLE,W
IND,208,6415,59486,28/09/2021,14:41:14,15,1,28.2,1.1,23.0,22.8,2,1,1.00,CYCLE,W
IND,208,6415,59485,28/09/2021,14:41:31,15,0,17.8,1.1,57.7,57.4,2,1,1.00,CYCLE,E
IND,208,6415,59485,28/09/2021,14:41:32,15,0,19.9,1.1,1.1,0.9,2,1,1.00,CYCLE,E
IND,208,6415,59486,28/09/2021,14:43:08,15,1,28.1,1.0,113.5,113.4,2,1,1.00,CYCLE,W
IND,208,6415,59486,28/09/2021,14:43:43,15,1,22.7,1.1,34.9,34.8,2,1,1.00,CYCLE,W
IND,208,6415,59486,28/09/2021,14:45:05,15,1,22.6,1.1,81.8,81.6,2,1,1.00,CYCLE,W
IND,208,6415,59486,28/09/2021,14:45:06,15,1,22.9,1.0,1.1,1.0,2,1,1.00,CYCLE,W
IND,208,6415,59486,28/09/2021,14:45:13,15,1,21.9,1.1,7.7,7.5,2,1,1.00,CYCLE,W
IND,208,6415,59486,28/09/2021,14:45:14,15,1,23.0,1.0,0.9,0.7,2,1,1.00,CYCLE,W
IND,208,6415,59486,28/09/2021,14:45:14,15,1,23.0,1.0,0.0,0.0,2,1,1.00,CYCLE,W
IND,208,6415,59486,28/09/2021,14:45:23,15,1,25.6,1.0,8.7,8.5,2,1,1.00,CYCLE,W
IND,208,6415,59486,28/09/2021,14:46:34,15,1,26.7,1.0,70.8,70.7,2,1,1.00,CYCLE,W
IND,208,6415,59486,28/09/2021,14:46:53,15,1,25.9,1.0,18.8,18.7,2,1,1.00,CYCLE,W
IND,208,6415,59486,28/09/2021,14:46:56,15,1,25.8,1.0,3.7,3.6,2,1,1.00,CYCLE,W
IND,208,6415,59485,28/09/2021,14:47:50,15,0,5.0,1.1,378.1,377.9,2,1,0.80,CYCLE,E
IND,208,6415,59486,28/09/2021,14:48:34,15,1,20.1,1.1,97.4,97.3,2,1,1.00,CYCLE,W
IND,208,6415,59486,28/09/2021,14:48:35,15,1,21.9,1.1,1.5,1.3,2,1,1.00,CYCLE,W
IND,208,6415,59485,28/09/2021,14:48:37,15,0,12.7,1.0,25.6,25.5,2,1,1.00,CYCLE,E
IND,208,6415,59485,28/09/2021,14:48:38,15,0,14.9,1.0,1.0,0.7,2,1,1.00,CYCLE,E
IND,208,6415,59485,28/09/2021,14:49:40,15,0,22.3,1.0,62.4,62.2,2,1,1.00,CYCLE,E
IND,208,6415,59485,28/09/2021,14:49:54,15,0,18.9,1.1,13.5,13.3,2,1,1.00,CYCLE,E
IND,208,6415,59485,28/09/2021,14:50:08,15,0,16.7,0.9,14.6,14.4,2,1,1.00,CYCLE,E
IND,208,6415,59485,28/09/2021,14:50:09,15,0,16.7,1.0,0.7,0.5,2,1,1.00,CYCLE,E
IND,208,6415,59485,28/09/2021,14:51:40,15,0,17.9,1.0,90.4,90.2,2,1,1.00,CYCLE,E
IND,208,6415,59486,28/09/2021,14:51:56,15,1,31.7,1.0,200.7,200.5,2,1,1.00,CYCLE,W
IND,208,6415,59485,28/09/2021,14:53:40,15,0,20.5,1.0,120.4,120.1,2,1,1.00,CYCLE,E
IND,208,6415,59485,28/09/2021,14:55:09,15,0,15.0,1.1,88.9,88.7,2,1,1.00,CYCLE,E
IND,208,6415,59485,28/09/2021,14:55:27,15,0,26.2,1.0,17.7,17.4,2,1,1.00,CYCLE,E
IND,208,6415,59485,28/09/2021,14:56:16,15,0,22.3,1.0,49.4,49.3,2,1,1.00,CYCLE,E
IND,208,6415,59485,28/09/2021,14:56:17,15,0,22.1,1.1,0.6,0.4,2,1,1.00,CYCLE,E
IND,208,6415,59485,28/09/2021,14:56:27,15,0,23.7,1.0,10.5,10.4,2,1,1.00,CYCLE,E
IND,208,6415,59486,28/09/2021,14:57:06,15,1,25.6,1.1,310.2,310.1,2,1,1.00,CYCLE,W
IND,208,6415,59486,28/09/2021,14:57:17,15,1,28.5,1.0,11.2,11.0,2,1,1.00,CYCLE,W
IND,208,6415,59486,28/09/2021,14:57:17,15,1,28.5,1.0,0.0,0.0,2,1,1.00,CYCLE,W
IND,208,6415,59486,28/09/2021,14:57:32,15,1,23.8,1.0,14.4,14.3,2,1,1.00,CYCLE,W
IND,208,6415,59486,28/09/2021,14:59:08,15,1,23.7,1.0,96.0,95.8,2,1,1.00,CYCLE,W
IND,208,6415,59486,28/09/2021,14:59:41,15,1,22.3,1.1,33.5,33.4,2,1,1.00,CYCLE,W
IND,208,6415,59486,28/09/2021,15:01:57,15,1,26.2,1.2,135.5,135.3,2,1,1.00,CYCLE,W
IND,208,6415,59486,28/09/2021,15:02:32,15,1,21.9,1.0,34.9,34.7,2,1,1.00,CYCLE,W
IND,208,6415,59486,28/09/2021,15:03:27,15,1,26.6,1.1,55.4,55.2,2,1,1.00,CYCLE,W
IND,208,6415,59486,28/09/2021,15:03:38,15,1,30.1,1.1,10.8,10.7,2,1,1.00,CYCLE,W
IND,208,6415,59486,28/09/2021,15:03:39,15,1,30.6,1.1,0.8,0.7,2,1,1.00,CYCLE,W
IND,208,6415,59486,28/09/2021,15:03:44,15,1,32.9,1.0,5.5,5.3,2,1,1.00,CYCLE,W
IND,208,6415,59485,28/09/2021,15:03:56,15,0,19.8,1.1,449.4,449.2,2,1,1.00,CYCLE,E
IND,208,6415,59486,28/09/2021,15:03:59,15,1,28.8,1.0,14.9,14.8,2,1,1.00,CYCLE,W
IND,208,6415,59485,28/09/2021,15:04:06,15,0,14.2,1.0,9.2,9.0,2,1,0.55,CYCLE,E
IND,208,6415,59485,28/09/2021,15:04:06,15,0,14.2,1.0,0.0,0.0,2,1,0.55,CYCLE,E
IND,208,6415,59485,28/09/2021,15:04:15,15,0,12.4,0.9,9.2,8.3,2,1,1.00,CYCLE,E
IND,208,6415,59486,28/09/2021,15:04:35,15,1,28.4,1.0,35.8,35.7,2,1,1.00,CYCLE,W
IND,208,6415,59486,28/09/2021,15:06:47,15,1,23.4,1.0,132.5,132.4,2,1,1.00,CYCLE,W
IND,208,6415,59486,28/09/2021,15:07:59,15,1,22.2,1.0,71.9,71.7,2,1,1.00,CYCLE,W
IND,208,6415,59485,28/09/2021,15:08:42,15,0,17.7,1.0,267.6,267.4,2,1,1.00,CYCLE,E
IND,208,6415,59485,28/09/2021,15:09:16,15,0,18.8,1.0,33.9,33.7,2,1,1.00,CYCLE,E
IND,208,6415,59485,28/09/2021,15:09:17,15,0,19.7,1.0,0.7,0.5,2,1,1.00,CYCLE,E
IND,208,6415,59485,28/09/2021,15:09:43,15,0,32.0,1.0,26.4,26.2,2,1,1.00,CYCLE,E
IND,208,6415,59485,28/09/2021,15:09:44,15,0,19.4,1.0,0.3,0.2,2,1,1.00,CYCLE,E
IND,208,6415,59485,28/09/2021,15:09:45,15,0,19.8,1.0,1.6,1.4,2,1,1.00,CYCLE,E
IND,208,6415,59486,28/09/2021,15:10:09,15,1,26.7,1.1,130.0,129.8,2,1,1.00,CYCLE,W
IND,208,6415,59486,28/09/2021,15:13:06,15,1,30.7,1.0,177.1,177.0,2,1,1.00,CYCLE,W
IND,208,6415,59486,28/09/2021,15:13:09,15,1,30.7,1.1,2.9,2.8,2,1,1.00,CYCLE,W
IND,208,6415,59486,28/09/2021,15:13:53,15,1,16.3,1.1,43.5,43.4,2,1,1.00,CYCLE,W
IND,208,6415,59486,28/09/2021,15:13:54,15,1,15.8,1.1,1.1,0.9,2,1,1.00,CYCLE,W
IND,208,6415,59486,28/09/2021,15:14:45,15,1,25.2,1.1,15.3,15.2,2,1,1.00,CYCLE,W
IND,208,6415,59486,28/09/2021,15:14:47,15,1,23.3,1.0,2.2,2.1,2,1,1.00,CYCLE,W
IND,208,6415,59485,28/09/2021,15:15:17,15,0,16.1,1.0,331.6,331.4,2,1,1.00,CYCLE,E
IND,208,6415,59485,28/09/2021,15:15:21,15,0,14.6,0.8,3.8,3.6,2,1,1.00,CYCLE,E
IND,208,6415,59485,28/09/2021,15:15:31,15,0,9.2,0.9,10.0,9.8,2,1,1.00,CYCLE,E
IND,208,6415,59485,28/09/2021,15:15:32,15,0,9.6,1.0,0.9,0.5,2,1,1.00,CYCLE,E
IND,208,6415,59486,28/09/2021,15:15:48,15,1,31.8,1.0,59.2,59.0,2,1,1.00,CYCLE,W
IND,208,6415,59486,28/09/2021,15:16:18,15,1,19.8,1.0,30.4,30.3,2,1,1.00,CYCLE,W
IND,208,6415,59486,28/09/2021,15:16:31,15,1,29.6,1.0,12.6,12.4,2,1,1.00,CYCLE,W
IND,208,6415,59485,28/09/2021,15:16:58,15,0,27.7,1.0,86.3,85.9,2,1,1.00,CYCLE,E
IND,208,6415,59485,28/09/2021,15:17:38,15,0,24.9,1.0,40.0,39.9,2,1,1.00,CYCLE,E
IND,208,6415,59485,28/09/2021,15:19:31,15,0,22.8,1.0,112.9,112.7,2,1,1.00,CYCLE,E
IND,208,6415,59486,28/09/2021,15:19:36,15,1,22.8,1.0,185.2,185.1,2,1,1.00,CYCLE,W
IND,208,6415,59486,28/09/2021,15:19:41,15,1,21.6,1.0,4.6,4.4,2,1,1.00,CYCLE,W
IND,208,6415,59485,28/09/2021,15:19:45,15,0,14.4,1.0,14.5,14.4,2,1,1.00,CYCLE,E
IND,208,6415,59485,28/09/2021,15:20:19,15,0,16.6,1.0,33.6,33.3,2,1,1.00,CYCLE,E
IND,208,6415,59485,28/09/2021,15:21:07,15,0,25.7,1.0,48.2,48.0,2,1,1.00,CYCLE,E
IND,208,6415,59486,28/09/2021,15:21:09,15,1,21.5,1.1,88.0,87.8,2,1,1.00,CYCLE,W
IND,208,6415,59486,28/09/2021,15:21:20,15,1,25.3,1.1,10.9,10.7,2,1,1.00,CYCLE,W
IND,208,6415,59485,28/09/2021,15:21:49,15,0,21.3,1.1,42.0,41.8,2,1,1.00,CYCLE,E
IND,208,6415,59486,28/09/2021,15:21:50,15,1,22.6,1.0,30.5,30.3,2,1,1.00,CYCLE,W
IND,208,6415,59485,28/09/2021,15:21:51,15,0,21.1,1.0,1.9,1.7,2,1,1.00,CYCLE,E
IND,208,6415,59485,28/09/2021,15:22:11,15,0,28.1,1.1,20.6,20.4,2,1,1.00,CYCLE,E
IND,208,6415,59486,28/09/2021,15:22:24,15,1,18.1,1.1,33.5,33.3,2,1,1.00,CYCLE,W
IND,208,6415,59486,28/09/2021,15:22:28,15,1,26.5,1.1,4.0,3.7,2,1,1.00,CYCLE,W
IND,208,6415,59485,28/09/2021,15:23:03,15,0,20.9,1.0,51.9,51.7,2,1,1.00,CYCLE,E
IND,208,6415,59486,28/09/2021,15:24:13,15,1,23.7,1.0,105.7,105.5,2,1,1.00,CYCLE,W
IND,208,6415,59486,28/09/2021,15:26:11,15,1,26.5,1.0,117.7,117.5,2,1,1.00,CYCLE,W
IND,208,6415,59486,28/09/2021,15:27:31,15,1,28.1,1.0,80.3,80.2,2,1,1.00,CYCLE,W
IND,208,6415,59485,28/09/2021,15:28:17,15,0,15.8,1.1,60.6,60.5,2,1,1.00,CYCLE,E
IND,208,6415,59486,28/09/2021,15:30:50,15,1,28.7,1.2,198.4,198.3,2,1,1.00,CYCLE,W
IND,208,6415,59486,28/09/2021,15:30:51,15,1,27.3,1.1,1.5,1.4,2,1,1.00,CYCLE,W
IND,208,6415,59485,28/09/2021,15:31:22,15,0,20.4,1.0,184.8,184.6,2,1,1.00,CYCLE,E
IND,208,6415,59485,28/09/2021,15:31:25,15,0,16.6,1.0,3.0,2.8,2,1,1.00,CYCLE,E
IND,208,6415,59485,28/09/2021,15:31:25,15,0,16.6,1.0,0.0,0.0,2,1,1.00,CYCLE,E
IND,208,6415,59485,28/09/2021,15:31:42,15,0,20.2,1.0,17.4,17.1,2,1,1.00,CYCLE,E
IND,208,6415,59485,28/09/2021,15:31:42,15,0,20.2,1.1,0.5,0.3,2,1,1.00,CYCLE,E
IND,208,6415,59485,28/09/2021,15:32:07,15,0,4.5,1.0,24.7,24.5,2,1,0.75,CYCLE,E
IND,208,6415,59486,28/09/2021,15:32:17,15,1,18.8,1.2,86.0,85.9,2,1,1.00,CYCLE,W
IND,208,6415,59486,28/09/2021,15:32:19,15,1,19.7,1.0,1.6,1.4,2,1,1.00,CYCLE,W
IND,208,6415,59486,28/09/2021,15:33:04,15,1,21.0,1.1,45.1,44.9,2,1,1.00,CYCLE,W
IND,208,6415,59485,28/09/2021,15:33:13,15,0,23.9,1.0,66.1,65.1,2,1,1.00,CYCLE,E
IND,208,6415,59486,28/09/2021,15:34:56,15,1,10.1,1.1,111.7,111.6,2,1,1.00,CYCLE,W
IND,208,6415,59485,28/09/2021,15:35:01,15,0,14.6,1.1,108.2,108.0,2,1,1.00,CYCLE,E
IND,208,6415,59486,28/09/2021,15:35:05,15,1,13.6,1.0,8.9,8.9,2,1,1.00,CYCLE,W
IND,208,6415,59486,28/09/2021,15:35:05,15,1,14.2,1.0,0.7,0.4,2,1,1.00,CYCLE,W
IND,208,6415,59485,28/09/2021,15:36:05,15,0,23.2,1.0,63.7,63.4,2,1,1.00,CYCLE,E
IND,208,6415,59485,28/09/2021,15:36:34,15,0,14.2,1.1,28.7,28.5,2,1,1.00,CYCLE,E
IND,208,6415,59486,28/09/2021,15:37:37,15,1,23.7,1.0,152.0,151.7,2,1,1.00,CYCLE,W
IND,208,6415,59485,28/09/2021,15:39:09,15,0,21.6,1.0,154.7,154.4,2,1,1.00,CYCLE,E
IND,208,6415,59486,28/09/2021,15:40:04,15,1,22.8,1.0,147.0,146.9,2,1,1.00,CYCLE,W
IND,208,6415,59486,28/09/2021,15:40:06,15,1,22.7,1.0,1.2,1.3,2,1,0.80,CYCLE,W
IND,208,6415,59486,28/09/2021,15:40:06,15,1,22.7,1.0,0.0,0.0,2,1,0.80,CYCLE,W
IND,208,6415,59486,28/09/2021,15:40:08,15,1,20.5,1.0,2.9,1.4,2,1,1.00,CYCLE,W
IND,208,6415,59486,28/09/2021,15:40:10,15,1,20.2,1.0,1.5,1.4,2,1,1.00,CYCLE,W
IND,208,6415,59485,28/09/2021,15:40:53,15,0,14.3,1.1,103.2,103.1,2,1,1.00,CYCLE,E
IND,208,6415,59485,28/09/2021,15:40:54,15,0,13.5,1.1,0.9,0.6,2,1,1.00,CYCLE,E
IND,208,6415,59485,28/09/2021,15:41:37,15,0,28.2,1.0,43.5,43.2,2,1,1.00,CYCLE,E
IND,208,6415,59485,28/09/2021,15:42:00,15,0,25.5,1.0,23.2,23.0,2,1,1.00,CYCLE,E
IND,208,6415,59485,28/09/2021,15:42:22,15,0,21.5,1.1,21.8,21.7,2,1,1.00,CYCLE,E
IND,208,6415,59485,28/09/2021,15:43:34,15,0,22.3,1.0,71.5,71.3,2,1,1.00,CYCLE,E
IND,208,6415,59486,28/09/2021,15:43:43,15,1,30.0,1.0,165.4,165.2,2,1,1.00,CYCLE,W
IND,208,6415,59485,28/09/2021,15:43:52,15,0,12.0,1.1,18.7,18.6,2,1,1.00,CYCLE,E
IND,208,6415,59486,28/09/2021,15:44:30,15,1,29.9,1.0,46.6,46.5,2,1,1.00,CYCLE,W
IND,208,6415,59486,28/09/2021,15:45:32,15,1,23.4,1.1,62.0,61.9,2,1,1.00,CYCLE,W
IND,208,6415,59485,28/09/2021,15:46:28,15,0,21.7,0.9,155.8,155.5,2,1,1.00,CYCLE,E
IND,208,6415,59485,28/09/2021,15:46:57,15,0,15.2,1.0,29.0,28.9,2,1,1.00,CYCLE,E
IND,208,6415,59485,28/09/2021,15:47:47,15,0,20.0,1.0,50.1,49.8,2,1,1.00,CYCLE,E
IND,208,6415,59486,28/09/2021,15:48:26,15,1,27.5,1.0,173.9,173.7,2,1,1.00,CYCLE,W
IND,208,6415,59486,28/09/2021,15:48:26,15,1,27.2,1.0,0.7,0.6,2,1,1.00,CYCLE,W
IND,208,6415,59486,28/09/2021,15:49:06,15,1,24.7,1.0,39.7,39.5,2,1,1.00,CYCLE,W
IND,208,6415,59485,28/09/2021,15:50:36,15,0,20.9,1.2,169.2,169.0,2,1,1.00,CYCLE,E
IND,208,6415,59485,28/09/2021,15:50:53,15,0,20.8,1.1,16.3,16.1,2,1,1.00,CYCLE,E
IND,208,6415,59485,28/09/2021,15:50:54,15,0,20.9,1.0,1.7,1.5,2,1,1.00,CYCLE,E
IND,208,6415,59486,28/09/2021,15:50:59,15,1,18.8,1.1,112.6,112.5,2,1,1.00,CYCLE,W
IND,208,6415,59485,28/09/2021,15:51:33,15,0,20.0,1.1,38.2,38.0,2,1,1.00,CYCLE,E
IND,208,6415,59485,28/09/2021,15:51:46,15,0,26.0,1.0,13.4,13.2,2,1,1.00,CYCLE,E
IND,208,6415,59485,28/09/2021,15:51:55,15,0,16.9,1.1,8.8,8.7,2,1,1.00,CYCLE,E
IND,208,6415,59486,28/09/2021,15:52:30,15,1,21.6,1.0,91.1,90.9,2,1,1.00,CYCLE,W
IND,208,6415,59485,28/09/2021,15:53:13,15,0,22.4,1.0,78.0,77.7,2,1,1.00,CYCLE,E
IND,208,6415,59485,28/09/2021,15:53:13,15,0,22.4,1.0,0.0,0.0,2,1,1.00,CYCLE,E
IND,208,6415,59486,28/09/2021,15:54:50,15,1,22.6,1.0,140.2,140.0,2,1,1.00,CYCLE,W
IND,208,6415,59486,28/09/2021,15:55:12,15,1,29.4,1.0,22.1,22.0,2,1,1.00,CYCLE,W
IND,208,6415,59486,28/09/2021,15:56:28,15,1,23.7,1.1,75.8,75.7,2,1,1.00,CYCLE,W
IND,208,6415,59486,28/09/2021,15:56:29,15,1,22.0,1.1,1.1,0.9,2,1,1.00,CYCLE,W
IND,208,6415,59485,28/09/2021,15:56:30,15,0,23.3,1.0,197.6,197.3,2,1,1.00,CYCLE,E
IND,208,6415,59486,28/09/2021,15:56:36,15,1,14.5,0.9,7.3,7.2,2,1,1.00,CYCLE,W
IND,208,6415,59485,28/09/2021,15:57:11,15,0,12.4,0.9,40.2,40.0,2,1,1.00,CYCLE,E
IND,208,6415,59486,28/09/2021,15:58:24,15,1,31.8,1.0,40.2,39.7,2,1,1.00,CYCLE,W
IND,208,6415,59486,28/09/2021,15:58:43,15,1,24.6,1.0,19.4,19.3,2,1,1.00,CYCLE,W
IND,208,6415,59486,28/09/2021,15:58:43,15,1,24.6,1.0,0.0,0.0,2,1,1.00,CYCLE,W
IND,208,6415,59486,28/09/2021,15:58:52,15,1,20.1,1.1,8.5,8.3,2,1,1.00,CYCLE,W
IND,208,6415,59486,28/09/2021,15:58:53,15,1,17.5,1.0,0.6,0.5,2,1,1.00,CYCLE,W
IND,208,6415,59486,28/09/2021,15:58:54,15,1,22.1,0.9,1.0,0.8,2,1,1.00,CYCLE,W
IND,208,6415,59486,28/09/2021,15:58:58,15,1,27.0,1.0,4.1,4.0,2,1,1.00,CYCLE,W
IND,208,6415,59485,28/09/2021,15:59:49,15,0,25.8,1.0,158.3,158.0,2,1,1.00,CYCLE,E
IND,208,6415,59485,28/09/2021,16:00:01,15,0,17.0,1.1,12.3,12.1,2,1,1.00,CYCLE,E
IND,208,6415,59486,28/09/2021,16:00:28,15,1,29.4,1.1,89.8,89.7,2,1,1.00,CYCLE,W
IND,208,6415,59485,28/09/2021,16:00:43,15,0,29.3,1.0,41.9,41.7,2,1,1.00,CYCLE,E
IND,208,6415,59485,28/09/2021,16:01:58,15,0,17.0,1.1,74.8,74.7,2,1,1.00,CYCLE,E
IND,208,6415,59485,28/09/2021,16:03:22,15,0,20.0,1.0,84.3,84.1,2,1,1.00,CYCLE,E
IND,208,6415,59486,28/09/2021,16:04:05,15,1,23.2,1.1,217.1,217.0,2,1,1.00,CYCLE,W
IND,208,6415,59485,28/09/2021,16:04:12,15,0,17.2,1.0,49.5,49.3,2,1,1.00,CYCLE,E
IND,208,6415,59486,28/09/2021,16:04:56,15,1,27.7,1.1,51.8,51.6,2,1,1.00,CYCLE,W
IND,208,6415,59486,28/09/2021,16:05:34,15,1,29.7,1.1,37.1,37.0,2,1,1.00,CYCLE,W
IND,208,6415,59486,28/09/2021,16:05:40,15,1,26.6,1.0,6.1,5.9,2,1,1.00,CYCLE,W
IND,208,6415,59485,28/09/2021,16:05:50,15,0,26.5,1.0,98.4,98.2,2,1,1.00,CYCLE,E
IND,208,6415,59486,28/09/2021,16:05:57,15,1,35.0,1.0,17.5,17.3,2,1,1.00,CYCLE,W
IND,208,6415,59485,28/09/2021,16:05:59,15,0,41.4,0.9,9.3,9.2,2,1,1.00,CYCLE,E
IND,208,6415,59485,28/09/2021,16:08:34,15,0,20.2,1.0,154.4,154.3,2,1,1.00,CYCLE,E
IND,208,6415,59485,28/09/2021,16:09:17,15,0,34.0,1.1,42.9,42.7,2,1,1.00,CYCLE,E
IND,208,6415,59485,28/09/2021,16:09:28,15,0,24.1,1.0,11.6,11.4,2,1,1.00,CYCLE,E
IND,208,6415,59486,28/09/2021,16:10:30,15,1,20.9,1.1,272.9,272.9,2,1,1.00,CYCLE,W
IND,208,6415,59486,28/09/2021,16:11:01,15,1,29.0,1.0,31.1,30.9,2,1,1.00,CYCLE,W
IND,208,6415,59485,28/09/2021,16:11:39,15,0,20.5,1.1,130.7,130.5,2,1,1.00,CYCLE,E
IND,208,6415,59485,28/09/2021,16:11:40,15,0,20.2,1.2,1.4,1.2,2,1,1.00,CYCLE,E
IND,208,6415,59486,28/09/2021,16:12:54,15,1,23.1,1.0,112.6,112.5,2,1,1.00,CYCLE,W
IND,208,6415,59486,28/09/2021,16:12:58,15,1,25.5,1.1,4.0,3.8,2,1,1.00,CYCLE,W
IND,208,6415,59485,28/09/2021,16:13:11,15,0,18.7,1.1,90.3,90.1,2,1,1.00,CYCLE,E
IND,208,6415,59486,28/09/2021,16:13:15,15,1,19.4,1.0,17.6,17.5,2,1,1.00,CYCLE,W
IND,208,6415,59486,28/09/2021,16:13:18,15,1,21.7,1.0,2.7,2.5,2,1,1.00,CYCLE,W
IND,208,6415,59486,28/09/2021,16:14:17,15,1,28.0,1.0,58.6,58.4,2,1,1.00,CYCLE,W
IND,208,6415,59485,28/09/2021,16:14:35,15,0,20.8,1.1,84.0,83.8,2,1,1.00,CYCLE,E
IND,208,6415,59485,28/09/2021,16:14:35,15,0,22.5,1.0,0.7,1.0,2,1,0.80,CYCLE,E
IND,208,6415,59486,28/09/2021,16:14:39,15,1,22.2,1.1,22.3,22.2,2,1,1.00,CYCLE,W
IND,208,6415,59486,28/09/2021,16:14:40,15,1,22.7,1.0,0.9,0.7,2,1,1.00,CYCLE,W
IND,208,6415,59486,28/09/2021,16:15:05,15,1,24.6,1.0,25.3,25.1,2,1,1.00,CYCLE,W
IND,208,6415,59485,28/09/2021,16:15:41,15,0,21.3,1.0,66.0,65.4,2,1,1.00,CYCLE,E
IND,208,6415,59485,28/09/2021,16:15:41,15,0,21.3,1.0,0.0,0.0,2,1,1.00,CYCLE,E
IND,208,6415,59485,28/09/2021,16:15:59,15,0,21.1,1.0,17.3,17.1,2,1,1.00,CYCLE,E
IND,208,6415,59486,28/09/2021,16:16:44,15,1,22.9,1.0,98.7,98.5,2,1,1.00,CYCLE,W
IND,208,6415,59485,28/09/2021,16:17:48,15,0,20.0,1.0,109.0,108.8,2,1,1.00,CYCLE,E
IND,208,6415,59485,28/09/2021,16:18:09,15,0,13.3,1.2,14.1,13.8,2,1,1.00,CYCLE,E
IND,208,6415,59485,28/09/2021,16:18:11,15,0,11.7,1.0,1.6,1.3,2,1,1.00,CYCLE,E
IND,208,6415,59485,28/09/2021,16:19:17,15,0,13.7,1.1,66.4,66.1,2,1,1.00,CYCLE,E
IND,208,6415,59485,28/09/2021,16:19:20,15,0,13.8,1.1,2.3,2.0,2,1,1.00,CYCLE,E
IND,208,6415,59485,28/09/2021,16:19:44,15,0,22.8,1.0,24.1,23.8,2,1,1.00,CYCLE,E
IND,208,6415,59485,28/09/2021,16:19:45,15,0,24.3,1.0,1.8,1.6,2,1,1.00,CYCLE,E
IND,208,6415,59485,28/09/2021,16:19:51,15,0,14.6,1.0,5.8,5.7,2,1,1.00,CYCLE,E
IND,208,6415,59485,28/09/2021,16:20:14,15,0,17.4,1.1,23.1,22.8,2,1,1.00,CYCLE,E
IND,208,6415,59486,28/09/2021,16:20:16,15,1,26.5,1.1,212.5,212.3,2,1,1.00,CYCLE,W
IND,208,6415,59486,28/09/2021,16:20:53,15,1,23.8,1.0,36.2,36.1,2,1,1.00,CYCLE,W
IND,208,6415,59486,28/09/2021,16:20:53,15,1,23.1,1.1,0.6,0.4,2,1,1.00,CYCLE,W
IND,208,6415,59486,28/09/2021,16:20:55,15,1,27.9,1.0,2.0,1.8,2,1,1.00,CYCLE,W
IND,208,6415,59485,28/09/2021,16:21:23,15,0,22.6,0.9,69.0,68.8,2,1,1.00,CYCLE,E
IND,208,6415,59486,28/09/2021,16:21:55,15,1,23.5,1.0,59.8,59.7,2,1,1.00,CYCLE,W
IND,208,6415,59486,28/09/2021,16:22:50,15,1,37.0,1.0,55.3,55.1,2,1,1.00,CYCLE,W
IND,208,6415,59485,28/09/2021,16:22:57,15,0,17.0,1.0,93.5,93.3,2,1,1.00,CYCLE,E
IND,208,6415,59485,28/09/2021,16:22:58,15,0,29.1,1.0,1.0,0.8,2,1,1.00,CYCLE,E
IND,208,6415,59485,28/09/2021,16:23:17,15,0,17.5,1.1,18.8,18.7,2,1,1.00,CYCLE,E
IND,208,6415,59485,28/09/2021,16:23:32,15,0,26.9,0.9,15.0,14.7,2,1,1.00,CYCLE,E
IND,208,6415,59485,28/09/2021,16:23:36,15,0,25.7,1.0,4.7,4.6,2,1,1.00,CYCLE,E
IND,208,6415,59486,28/09/2021,16:24:13,15,1,19.8,1.0,82.8,82.7,2,1,1.00,CYCLE,W
IND,208,6415,59485,28/09/2021,16:24:19,15,0,22.1,1.0,42.7,42.5,2,1,1.00,CYCLE,E
IND,208,6415,59486,28/09/2021,16:24:24,15,1,31.9,1.0,10.9,10.7,2,1,1.00,CYCLE,W
IND,208,6415,59486,28/09/2021,16:24:47,15,1,29.0,1.1,22.6,22.5,2,1,1.00,CYCLE,W
IND,208,6415,59485,28/09/2021,16:25:00,15,0,17.7,1.0,41.2,41.1,2,1,1.00,CYCLE,E
IND,208,6415,59486,28/09/2021,16:25:05,15,1,26.7,1.1,18.9,18.8,2,1,1.00,CYCLE,W
IND,208,6415,59486,28/09/2021,16:25:19,15,1,25.6,1.0,13.3,13.1,2,1,1.00,CYCLE,W
IND,208,6415,59486,28/09/2021,16:26:19,15,1,23.6,1.0,60.3,60.2,2,1,1.00,CYCLE,W
IND,208,6415,59486,28/09/2021,16:26:20,15,1,23.5,1.0,0.8,0.7,2,1,1.00,CYCLE,W
IND,208,6415,59485,28/09/2021,16:26:42,15,0,15.8,1.1,101.5,101.3,2,1,1.00,CYCLE,E
IND,208,6415,59485,28/09/2021,16:27:02,15,0,21.2,1.0,19.9,20.1,2,1,0.80,CYCLE,E
IND,208,6415,59485,28/09/2021,16:27:06,15,0,21.1,1.0,4.4,3.8,2,1,1.00,CYCLE,E
IND,208,6415,59485,28/09/2021,16:27:58,15,0,30.1,1.0,52.3,52.1,2,1,1.00,CYCLE,E
IND,208,6415,59486,28/09/2021,16:28:41,15,1,29.0,1.0,140.7,140.6,2,1,1.00,CYCLE,W
IND,208,6415,59486,28/09/2021,16:29:20,15,1,20.4,1.1,39.9,39.8,2,1,1.00,CYCLE,W
IND,208,6415,59486,28/09/2021,16:29:27,15,1,24.2,1.0,6.4,6.2,2,1,1.00,CYCLE,W
IND,208,6415,59485,28/09/2021,16:29:47,15,0,22.4,1.1,108.6,108.5,2,1,1.00,CYCLE,E
IND,208,6415,59486,28/09/2021,16:30:04,15,1,28.2,1.0,37.0,37.0,2,1,0.80,CYCLE,W
IND,208,6415,59486,28/09/2021,16:30:23,15,1,22.9,1.0,19.4,19.1,2,1,1.00,CYCLE,W
IND,208,6415,59486,28/09/2021,16:30:25,15,1,23.3,1.1,2.1,2.0,2,1,1.00,CYCLE,W
IND,208,6415,59485,28/09/2021,16:30:45,15,0,25.9,1.0,57.7,57.5,2,1,1.00,CYCLE,E
IND,208,6415,59486,28/09/2021,16:30:52,15,1,3.6,0.6,26.4,26.6,2,1,1.00,CYCLE,W
IND,208,6415,59485,28/09/2021,16:31:06,15,0,20.6,1.1,20.9,20.8,2,1,1.00,CYCLE,E
IND,208,6415,59486,28/09/2021,16:31:43,15,1,33.5,1.1,51.3,50.4,2,1,1.00,CYCLE,W
IND,208,6415,59486,28/09/2021,16:31:51,15,1,21.9,1.0,7.8,7.7,2,1,1.00,CYCLE,W
IND,208,6415,59486,28/09/2021,16:32:05,15,1,25.3,1.0,14.5,14.3,2,1,1.00,CYCLE,W
IND,208,6415,59486,28/09/2021,16:32:22,15,1,28.3,1.1,17.0,16.8,2,1,1.00,CYCLE,W
IND,208,6415,59486,28/09/2021,16:32:29,15,1,27.6,0.9,6.6,6.5,2,1,1.00,CYCLE,W
IND,208,6415,59486,28/09/2021,16:32:30,15,1,27.1,1.0,0.9,0.7,2,1,1.00,CYCLE,W
IND,208,6415,59485,28/09/2021,16:32:35,15,0,24.7,1.0,89.5,89.7,2,1,0.89,CYCLE,E
IND,208,6415,59485,28/09/2021,16:32:35,15,0,24.7,1.0,0.0,0.0,2,1,0.89,CYCLE,E
IND,208,6415,59485,28/09/2021,16:33:18,15,0,19.6,1.0,42.5,41.5,2,1,1.00,CYCLE,E
IND,208,6415,59486,28/09/2021,16:33:35,15,1,23.8,1.0,64.7,64.6,2,1,1.00,CYCLE,W
IND,208,6415,59486,28/09/2021,16:33:41,15,1,23.7,1.0,6.8,6.6,2,1,1.00,CYCLE,W
IND,208,6415,59486,28/09/2021,16:33:52,15,1,25.5,1.0,10.6,10.5,2,1,1.00,CYCLE,W
IND,208,6415,59486,28/09/2021,16:34:05,15,1,28.1,1.0,13.5,13.3,2,1,1.00,CYCLE,W
IND,208,6415,59485,28/09/2021,16:35:18,15,0,17.3,1.0,120.9,120.8,2,1,1.00,CYCLE,E
IND,208,6415,59486,28/09/2021,16:35:23,15,1,23.8,1.0,77.6,77.5,2,1,1.00,CYCLE,W
IND,208,6415,59486,28/09/2021,16:35:32,15,1,29.0,1.0,9.1,8.9,2,1,1.00,CYCLE,W
IND,208,6415,59485,28/09/2021,16:37:56,15,0,17.9,1.0,158.0,157.8,2,1,1.00,CYCLE,E
IND,208,6415,59485,28/09/2021,16:38:00,15,0,18.2,1.0,3.0,2.8,2,1,1.00,CYCLE,E
IND,208,6415,59485,28/09/2021,16:38:05,15,0,17.4,1.0,5.7,5.5,2,1,1.00,CYCLE,E
IND,208,6415,59485,28/09/2021,16:38:08,15,0,22.3,1.0,2.8,2.6,2,1,1.00,CYCLE,E
IND,208,6415,59485,28/09/2021,16:38:18,15,0,14.9,1.0,10.3,10.2,2,1,1.00,CYCLE,E
IND,208,6415,59485,28/09/2021,16:38:36,15,0,23.2,1.0,18.0,17.8,2,1,1.00,CYCLE,E
IND,208,6415,59486,28/09/2021,16:39:13,15,1,20.5,1.0,221.0,220.9,2,1,1.00,CYCLE,W
IND,208,6415,59486,28/09/2021,16:39:14,15,1,21.9,1.0,0.7,0.5,2,1,1.00,CYCLE,W
IND,208,6415,59485,28/09/2021,16:39:16,15,0,25.4,1.1,39.7,39.5,2,1,1.00,CYCLE,E
IND,208,6415,59486,28/09/2021,16:40:54,15,1,26.8,1.0,99.7,99.5,2,1,1.00,CYCLE,W
IND,208,6415,59485,28/09/2021,16:40:59,15,0,16.7,0.5,103.3,103.2,2,1,1.00,CYCLE,E
IND,208,6415,59486,28/09/2021,16:42:38,15,1,25.3,1.0,104.9,104.8,2,1,1.00,CYCLE,W
IND,208,6415,59485,28/09/2021,16:43:25,15,0,17.4,1.0,145.6,145.5,2,1,1.00,CYCLE,E
IND,208,6415,59486,28/09/2021,16:43:25,15,1,23.7,1.1,46.9,46.7,2,1,1.00,CYCLE,W
IND,208,6415,59485,28/09/2021,16:44:08,15,0,14.6,1.1,43.6,43.4,2,1,1.00,CYCLE,E
IND,208,6415,59486,28/09/2021,16:45:04,15,1,30.3,1.1,98.6,98.4,2,1,1.00,CYCLE,W
IND,208,6415,59485,28/09/2021,16:45:21,15,0,18.5,1.1,72.9,72.7,2,1,1.00,CYCLE,E
IND,208,6415,59485,28/09/2021,16:45:27,15,0,24.7,1.0,5.2,5.0,2,1,1.00,CYCLE,E
IND,208,6415,59485,28/09/2021,16:45:39,15,0,32.1,1.1,12.4,12.3,2,1,1.00,CYCLE,E
IND,208,6415,59485,28/09/2021,16:45:41,15,0,23.1,1.0,1.6,1.5,2,1,1.00,CYCLE,E
IND,208,6415,59485,28/09/2021,16:45:41,15,0,22.8,1.0,0.5,0.4,2,1,1.00,CYCLE,E
IND,208,6415,59485,28/09/2021,16:45:57,15,0,24.5,0.9,15.5,15.4,2,1,1.00,CYCLE,E
IND,208,6415,59485,28/09/2021,16:46:11,15,0,16.5,1.0,14.6,14.5,2,1,1.00,CYCLE,E
IND,208,6415,59485,28/09/2021,16:46:14,15,0,23.7,1.0,3.0,2.8,2,1,1.00,CYCLE,E
IND,208,6415,59485,28/09/2021,16:46:27,15,0,24.1,0.9,12.5,12.3,2,1,1.00,CYCLE,E
IND,208,6415,59485,28/09/2021,16:46:29,15,0,22.8,1.0,2.6,2.5,2,1,1.00,CYCLE,E
IND,208,6415,59486,28/09/2021,16:47:14,15,1,50.7,1.0,130.5,130.4,2,1,1.00,CYCLE,W
IND,208,6415,59486,28/09/2021,16:47:47,15,1,26.4,1.0,33.1,33.0,2,1,1.00,CYCLE,W
IND,208,6415,59485,28/09/2021,16:47:59,15,0,23.9,1.0,61.6,61.6,2,1,1.00,CYCLE,E
IND,208,6415,59486,28/09/2021,16:48:17,15,1,30.5,1.0,30.0,29.9,2,1,1.00,CYCLE,W
IND,208,6415,59485,28/09/2021,16:48:44,15,0,21.9,0.9,45.0,44.9,2,1,1.00,CYCLE,E
IND,208,6415,59486,28/09/2021,16:48:51,15,1,27.0,1.0,33.5,33.3,2,1,1.00,CYCLE,W
IND,208,6415,59486,28/09/2021,16:48:51,15,1,27.7,1.0,0.4,0.2,2,1,1.00,CYCLE,W
IND,208,6415,59485,28/09/2021,16:48:56,15,0,22.8,1.1,12.4,12.2,2,1,1.00,CYCLE,E
IND,208,6415,59485,28/09/2021,16:49:16,15,0,18.4,1.1,19.8,19.7,2,1,1.00,CYCLE,E
IND,208,6415,59486,28/09/2021,16:49:23,15,1,26.6,1.1,31.4,31.3,2,1,1.00,CYCLE,W
IND,208,6415,59486,28/09/2021,16:49:24,15,1,27.0,1.1,1.1,0.9,2,1,1.00,CYCLE,W
IND,208,6415,59486,28/09/2021,16:49:25,15,1,27.3,1.1,1.6,1.5,2,1,1.00,CYCLE,W
IND,208,6415,59486,28/09/2021,16:49:26,15,1,29.4,1.0,0.6,0.9,2,1,0.80,CYCLE,W
IND,208,6415,59486,28/09/2021,16:49:29,15,1,22.9,1.1,3.1,2.5,2,1,1.00,CYCLE,W
IND,208,6415,59486,28/09/2021,16:49:31,15,1,22.5,1.1,1.8,1.7,2,1,1.00,CYCLE,W
IND,208,6415,59485,28/09/2021,16:50:07,15,0,20.2,1.0,51.1,50.8,2,1,1.00,CYCLE,E
IND,208,6415,59485,28/09/2021,16:50:39,15,0,20.6,1.1,32.3,32.1,2,1,1.00,CYCLE,E
IND,208,6415,59486,28/09/2021,16:50:43,15,1,28.7,1.0,72.2,72.0,2,1,1.00,CYCLE,W
IND,208,6415,59486,28/09/2021,16:51:18,15,1,21.5,0.9,34.4,34.3,2,1,1.00,CYCLE,W
IND,208,6415,59486,28/09/2021,16:51:19,15,1,21.5,1.0,1.8,1.7,2,1,1.00,CYCLE,W
IND,208,6415,59485,28/09/2021,16:51:45,15,0,16.6,1.0,66.1,65.9,2,1,1.00,CYCLE,E
IND,208,6415,59486,28/09/2021,16:51:54,15,1,9.3,0.8,35.0,34.8,2,1,1.00,CYCLE,W
IND,208,6415,59486,28/09/2021,16:53:00,15,1,30.4,1.1,66.1,65.7,2,1,1.00,CYCLE,W
IND,208,6415,59486,28/09/2021,16:53:06,15,1,28.1,1.0,5.1,5.0,2,1,1.00,CYCLE,W
IND,208,6415,59485,28/09/2021,16:53:51,15,0,19.4,1.0,125.4,125.2,2,1,1.00,CYCLE,E
IND,208,6415,59485,28/09/2021,16:53:51,15,0,19.7,1.1,0.3,0.1,2,1,1.00,CYCLE,E
IND,208,6415,59485,28/09/2021,16:53:52,15,0,20.6,1.0,0.8,0.6,2,1,1.00,CYCLE,E
IND,208,6415,59485,28/09/2021,16:54:45,15,0,18.6,1.1,53.1,52.9,2,1,1.00,CYCLE,E
IND,208,6415,59486,28/09/2021,16:55:27,15,1,25.4,1.0,75.3,75.1,2,1,1.00,CYCLE,W
IND,208,6415,59486,28/09/2021,16:55:27,15,1,25.4,1.0,0.0,0.0,2,1,1.00,CYCLE,W
IND,208,6415,59486,28/09/2021,16:56:33,15,1,33.1,1.0,65.9,65.7,2,1,1.00,CYCLE,W
IND,208,6415,59486,28/09/2021,16:57:24,15,1,28.4,1.0,31.4,30.4,2,1,1.00,CYCLE,W
IND,208,6415,59485,28/09/2021,16:58:44,15,0,23.8,1.0,239.5,239.3,2,1,1.00,CYCLE,E
IND,208,6415,59485,28/09/2021,16:59:10,15,0,23.2,1.1,26.0,25.8,2,1,1.00,CYCLE,E
IND,208,6415,59485,28/09/2021,16:59:11,15,0,21.6,1.0,0.6,0.5,2,1,1.00,CYCLE,E
IND,208,6415,59486,28/09/2021,16:59:50,15,1,28.5,1.0,119.0,118.8,2,1,1.00,CYCLE,W
IND,208,6415,59486,28/09/2021,17:01:03,15,1,25.0,1.1,73.3,73.2,2,1,1.00,CYCLE,W
IND,208,6415,59486,28/09/2021,17:01:40,15,1,27.6,1.0,37.0,36.8,2,1,1.00,CYCLE,W
IND,208,6415,59486,28/09/2021,17:02:49,15,1,4.3,0.5,68.9,69.0,2,1,0.80,CYCLE,W
IND,208,6415,59485,28/09/2021,17:03:07,15,0,18.2,1.1,220.8,220.5,2,1,1.00,CYCLE,E
IND,208,6415,59486,28/09/2021,17:03:22,15,1,25.0,1.1,32.4,31.7,2,1,1.00,CYCLE,W
IND,208,6415,59485,28/09/2021,17:03:42,15,0,20.5,1.0,34.7,34.5,2,1,1.00,CYCLE,E
IND,208,6415,59485,28/09/2021,17:03:44,15,0,22.0,1.1,2.0,1.8,2,1,1.00,CYCLE,E
IND,208,6415,59486,28/09/2021,17:04:13,15,1,32.3,1.0,51.2,51.1,2,1,1.00,CYCLE,W
IND,208,6415,59485,28/09/2021,17:04:22,15,0,26.2,1.0,37.6,37.4,2,1,1.00,CYCLE,E
IND,208,6415,59485,28/09/2021,17:05:03,15,0,22.7,1.1,41.1,40.9,2,1,1.00,CYCLE,E
IND,208,6415,59486,28/09/2021,17:06:03,15,1,33.8,1.0,109.6,109.5,2,1,1.00,CYCLE,W
IND,208,6415,59486,28/09/2021,17:06:08,15,1,29.3,1.0,5.4,5.3,2,1,1.00,CYCLE,W
IND,208,6415,59485,28/09/2021,17:06:32,15,0,14.5,1.0,89.6,89.4,2,1,1.00,CYCLE,E
IND,208,6415,59486,28/09/2021,17:06:43,15,1,24.3,1.1,35.3,35.2,2,1,1.00,CYCLE,W
IND,208,6415,59486,28/09/2021,17:06:48,15,1,26.2,1.0,4.5,4.4,2,1,1.00,CYCLE,W
IND,208,6415,59485,28/09/2021,17:06:54,15,0,16.0,1.0,21.3,21.1,2,1,1.00,CYCLE,E
IND,208,6415,59485,28/09/2021,17:06:54,15,0,16.6,1.0,0.8,0.6,2,1,1.00,CYCLE,E
IND,208,6415,59485,28/09/2021,17:06:59,15,0,21.6,1.1,4.6,4.3,2,1,1.00,CYCLE,E
IND,208,6415,59485,28/09/2021,17:07:40,15,0,21.0,1.0,33.3,33.1,2,1,1.00,CYCLE,E
IND,208,6415,59485,28/09/2021,17:08:25,15,0,19.1,1.0,45.2,45.0,2,1,1.00,CYCLE,E
IND,208,6415,59486,28/09/2021,17:08:45,15,1,24.4,1.0,117.2,117.1,2,1,0.86,CYCLE,W
IND,208,6415,59486,28/09/2021,17:08:51,15,1,28.0,1.0,5.4,5.2,2,1,1.00,CYCLE,W
IND,208,6415,59485,28/09/2021,17:09:17,15,0,18.0,1.1,50.4,50.2,2,1,1.00,CYCLE,E
IND,208,6415,59486,28/09/2021,17:09:29,15,1,25.8,1.0,38.1,38.0,2,1,1.00,CYCLE,W
IND,208,6415,59486,28/09/2021,17:10:23,15,1,23.7,1.0,54.2,54.1,2,1,1.00,CYCLE,W
IND,208,6415,59485,28/09/2021,17:10:45,15,0,21.1,1.1,88.1,87.9,2,1,1.00,CYCLE,E
IND,208,6415,59486,28/09/2021,17:10:57,15,1,22.2,1.0,33.9,33.8,2,1,1.00,CYCLE,W
IND,208,6415,59486,28/09/2021,17:12:00,15,1,26.2,1.0,63.4,63.3,2,1,1.00,CYCLE,W
IND,208,6415,59486,28/09/2021,17:12:12,15,1,33.8,1.0,11.4,11.2,2,1,1.00,CYCLE,W
IND,208,6415,59485,28/09/2021,17:12:17,15,0,20.7,1.1,92.0,91.9,2,1,1.00,CYCLE,E
IND,208,6415,59486,28/09/2021,17:12:38,15,1,38.8,1.0,26.1,26.0,2,1,1.00,CYCLE,W
IND,208,6415,59486,28/09/2021,17:12:38,15,1,31.6,1.0,0.5,0.5,2,1,1.00,CYCLE,W
IND,208,6415,59486,28/09/2021,17:12:40,15,1,26.4,1.1,2.2,2.1,2,1,1.00,CYCLE,W
IND,208,6415,59485,28/09/2021,17:13:12,15,0,16.9,1.0,54.8,54.6,2,1,1.00,CYCLE,E
IND,208,6415,59486,28/09/2021,17:14:26,15,1,28.3,1.0,106.0,105.9,2,1,1.00,CYCLE,W
IND,208,6415,59486,28/09/2021,17:14:38,15,1,30.2,1.1,11.3,11.2,2,1,1.00,CYCLE,W
IND,208,6415,59485,28/09/2021,17:15:05,15,0,18.3,1.0,113.2,113.0,2,1,1.00,CYCLE,E
IND,208,6415,59485,28/09/2021,17:15:44,15,0,22.1,1.0,38.4,38.2,2,1,1.00,CYCLE,E
IND,208,6415,59485,28/09/2021,17:16:20,15,0,21.1,1.0,36.0,35.9,2,1,1.00,CYCLE,E
IND,208,6415,59485,28/09/2021,17:16:43,15,0,22.2,1.0,22.9,22.7,2,1,1.00,CYCLE,E
IND,208,6415,59486,28/09/2021,17:16:59,15,1,26.2,1.0,141.3,141.2,2,1,1.00,CYCLE,W
IND,208,6415,59485,28/09/2021,17:17:22,15,0,24.9,1.0,18.6,18.0,2,1,1.00,CYCLE,E
IND,208,6415,59486,28/09/2021,17:17:39,15,1,34.8,1.0,39.9,39.7,2,1,1.00,CYCLE,W
IND,208,6415,59485,28/09/2021,17:18:09,15,0,20.3,1.0,46.6,46.4,2,1,1.00,CYCLE,E
IND,208,6415,59485,28/09/2021,17:18:35,15,0,15.5,1.0,26.3,26.2,2,1,1.00,CYCLE,E
IND,208,6415,59485,28/09/2021,17:19:30,15,0,22.8,1.1,55.0,54.8,2,1,1.00,CYCLE,E
IND,208,6415,59485,28/09/2021,17:19:33,15,0,24.6,0.8,3.2,3.1,2,1,1.00,CYCLE,E
IND,208,6415,59486,28/09/2021,17:19:40,15,1,34.1,1.0,121.4,121.3,2,1,1.00,CYCLE,W
IND,208,6415,59486,28/09/2021,17:20:13,15,1,26.4,1.0,32.9,32.8,2,1,1.00,CYCLE,W
IND,208,6415,59485,28/09/2021,17:20:21,15,0,30.5,1.0,47.4,47.3,2,1,1.00,CYCLE,E
IND,208,6415,59486,28/09/2021,17:20:32,15,1,35.0,0.9,19.3,19.2,2,1,1.00,CYCLE,W
IND,208,6415,59486,28/09/2021,17:21:21,15,1,31.0,1.0,48.5,48.4,2,1,1.00,CYCLE,W
IND,208,6415,59486,28/09/2021,17:21:26,15,1,31.0,1.0,4.7,4.6,2,1,1.00,CYCLE,W
IND,208,6415,59485,28/09/2021,17:22:03,15,0,18.6,1.0,101.8,101.7,2,1,1.00,CYCLE,E
IND,208,6415,59486,28/09/2021,17:22:20,15,1,23.4,1.0,54.3,54.2,2,1,1.00,CYCLE,W
IND,208,6415,59486,28/09/2021,17:23:10,15,1,18.4,1.0,50.3,50.1,2,1,1.00,CYCLE,W
IND,208,6415,59485,28/09/2021,17:23:26,15,0,24.0,1.0,83.6,83.4,2,1,1.00,CYCLE,E
IND,208,6415,59485,28/09/2021,17:24:28,15,0,24.3,0.9,62.2,62.1,2,1,1.00,CYCLE,E
IND,208,6415,59486,28/09/2021,17:24:37,15,1,22.2,1.1,87.1,86.9,2,1,1.00,CYCLE,W
IND,208,6415,59485,28/09/2021,17:24:54,15,0,18.1,1.0,25.5,25.4,2,1,1.00,CYCLE,E
IND,208,6415,59486,28/09/2021,17:25:15,15,1,22.2,1.0,37.5,37.4,2,1,1.00,CYCLE,W
IND,208,6415,59486,28/09/2021,17:25:54,15,1,29.7,1.0,39.5,39.3,2,1,1.00,CYCLE,W
IND,208,6415,59485,28/09/2021,17:26:07,15,0,24.1,1.0,73.5,73.3,2,1,1.00,CYCLE,E
IND,208,6415,59485,28/09/2021,17:26:43,15,0,13.7,1.0,35.7,35.6,2,1,0.86,CYCLE,E
IND,208,6415,59485,28/09/2021,17:26:43,15,0,13.7,1.0,0.0,0.0,2,1,0.86,CYCLE,E
IND,208,6415,59485,28/09/2021,17:26:43,15,0,13.7,1.0,0.0,0.0,2,1,0.86,CYCLE,E
IND,208,6415,59485,28/09/2021,17:27:33,15,0,24.7,1.0,49.8,48.0,2,1,1.00,CYCLE,E
IND,208,6415,59485,28/09/2021,17:27:38,15,0,24.8,0.9,4.9,4.8,2,1,1.00,CYCLE,E
IND,208,6415,59485,28/09/2021,17:27:46,15,0,18.8,1.1,8.3,8.1,2,1,1.00,CYCLE,E
IND,208,6415,59486,28/09/2021,17:28:01,15,1,22.0,1.0,126.7,126.6,2,1,1.00,CYCLE,W
IND,208,6415,59485,28/09/2021,17:28:42,15,0,18.5,1.1,56.0,55.8,2,1,1.00,CYCLE,E
IND,208,6415,59485,28/09/2021,17:28:51,15,0,20.5,1.1,8.8,8.6,2,1,1.00,CYCLE,E
IND,208,6415,59485,28/09/2021,17:28:54,15,0,12.5,1.1,2.7,2.5,2,1,1.00,CYCLE,E
IND,208,6415,59486,28/09/2021,17:29:02,15,1,20.9,1.0,60.8,60.6,2,1,1.00,CYCLE,W
IND,208,6415,59486,28/09/2021,17:29:12,15,1,20.2,1.1,9.9,9.7,2,1,1.00,CYCLE,W
IND,208,6415,59485,28/09/2021,17:29:14,15,0,23.5,1.1,20.6,20.3,2,1,1.00,CYCLE,E
IND,208,6415,59485,28/09/2021,17:29:18,15,0,22.7,1.0,3.3,3.1,2,1,1.00,CYCLE,E
IND,208,6415,59485,28/09/2021,17:31:04,15,0,23.2,1.1,106.3,106.1,2,1,1.00,CYCLE,E
IND,208,6415,59486,28/09/2021,17:31:21,15,1,2.2,1.0,128.9,128.6,2,1,0.60,CYCLE,W
IND,208,6415,59486,28/09/2021,17:31:21,15,1,2.2,1.0,0.0,0.0,2,1,0.60,CYCLE,W
IND,208,6415,59485,28/09/2021,17:31:39,15,0,23.1,1.0,35.5,35.4,2,1,0.67,CYCLE,E
IND,208,6415,59486,28/09/2021,17:31:54,15,1,21.5,1.1,33.3,31.1,2,1,1.00,CYCLE,W
IND,208,6415,59485,28/09/2021,17:33:03,15,0,27.1,1.0,83.8,83.2,2,1,1.00,CYCLE,E
IND,208,6415,59485,28/09/2021,17:33:42,15,0,23.9,1.1,38.7,38.6,2,1,1.00,CYCLE,E
IND,208,6415,59485,28/09/2021,17:33:45,15,0,27.7,1.0,2.9,2.8,2,1,1.00,CYCLE,E
IND,208,6415,59485,28/09/2021,17:33:54,15,0,6.2,1.0,9.2,9.3,2,1,0.67,CYCLE,E
IND,208,6415,59485,28/09/2021,17:33:54,15,0,6.2,1.0,0.0,0.0,2,1,0.67,CYCLE,E
IND,208,6415,59485,28/09/2021,17:34:07,15,0,26.4,0.9,12.5,11.2,2,1,1.00,CYCLE,E
IND,208,6415,59485,28/09/2021,17:34:19,15,0,16.5,1.1,12.1,12.0,2,1,1.00,CYCLE,E
IND,208,6415,59486,28/09/2021,17:34:39,15,1,23.4,1.1,165.2,165.0,2,1,1.00,CYCLE,W
IND,208,6415,59486,28/09/2021,17:35:20,15,1,23.1,1.1,40.6,40.5,2,1,1.00,CYCLE,W
IND,208,6415,59486,28/09/2021,17:35:35,15,1,23.1,1.0,15.0,14.8,2,1,1.00,CYCLE,W
IND,208,6415,59486,28/09/2021,17:36:00,15,1,31.1,1.1,25.0,24.8,2,1,1.00,CYCLE,W
IND,208,6415,59485,28/09/2021,17:36:34,15,0,17.6,1.1,135.7,135.4,2,1,1.00,CYCLE,E
IND,208,6415,59486,28/09/2021,17:36:51,15,1,22.8,1.0,51.6,51.5,2,1,1.00,CYCLE,W
IND,208,6415,59485,28/09/2021,17:37:24,15,0,17.3,1.1,49.5,49.3,2,1,1.00,CYCLE,E
IND,208,6415,59485,28/09/2021,17:37:52,15,0,22.0,1.1,28.2,27.9,2,1,1.00,CYCLE,E
IND,208,6415,59485,28/09/2021,17:38:56,15,0,4.1,0.6,64.1,64.0,2,1,0.80,CYCLE,E
IND,208,6415,59485,28/09/2021,17:39:12,15,0,18.6,1.1,16.2,15.6,2,1,1.00,CYCLE,E
IND,208,6415,59485,28/09/2021,17:39:13,15,0,5.2,1.0,0.8,0.6,2,1,0.86,CYCLE,E
IND,208,6415,59486,28/09/2021,17:40:31,15,1,26.6,1.1,220.1,219.9,2,1,1.00,CYCLE,W
IND,208,6415,59486,28/09/2021,17:40:33,15,1,19.4,1.1,1.3,1.2,2,1,1.00,CYCLE,W
IND,208,6415,59486,28/09/2021,17:40:35,15,1,19.5,1.0,2.2,2.0,2,1,1.00,CYCLE,W
IND,208,6415,59486,28/09/2021,17:41:29,15,1,24.6,1.0,53.8,53.6,2,1,1.00,CYCLE,W
IND,208,6415,59485,28/09/2021,17:41:45,15,0,18.6,1.0,36.1,34.3,2,1,1.00,CYCLE,E
IND,208,6415,59486,28/09/2021,17:41:50,15,1,30.1,1.1,20.9,20.8,2,1,1.00,CYCLE,W
IND,208,6415,59485,28/09/2021,17:42:08,15,0,23.5,1.0,23.4,23.2,2,1,1.00,CYCLE,E
IND,208,6415,59485,28/09/2021,17:42:37,15,0,23.1,1.1,28.3,28.2,2,1,1.00,CYCLE,E
IND,208,6415,59485,28/09/2021,17:42:50,15,0,23.8,1.0,13.4,13.2,2,1,1.00,CYCLE,E
IND,208,6415,59485,28/09/2021,17:43:59,15,0,21.9,1.1,68.7,68.5,2,1,1.00,CYCLE,E
IND,208,6415,59486,28/09/2021,17:44:09,15,1,19.5,1.0,136.1,135.0,2,1,1.00,CYCLE,W
IND,208,6415,59485,28/09/2021,17:44:10,15,0,17.0,1.1,11.5,11.4,2,1,1.00,CYCLE,E
IND,208,6415,59486,28/09/2021,17:44:22,15,1,25.9,1.1,12.8,12.6,2,1,1.00,CYCLE,W
IND,208,6415,59485,28/09/2021,17:44:54,15,0,21.3,1.1,44.0,43.8,2,1,1.00,CYCLE,E
IND,208,6415,59485,28/09/2021,17:44:57,15,0,16.8,1.2,3.2,3.0,2,1,1.00,CYCLE,E
IND,208,6415,59485,28/09/2021,17:45:58,15,0,16.1,1.0,34.7,34.4,2,1,1.00,CYCLE,E
IND,208,6415,59485,28/09/2021,17:45:58,15,0,15.6,1.1,0.6,0.4,2,1,1.00,CYCLE,E
IND,208,6415,59485,28/09/2021,17:48:07,15,0,19.7,1.1,128.6,128.4,2,1,1.00,CYCLE,E
IND,208,6415,59486,28/09/2021,17:48:36,15,1,19.8,1.1,253.8,253.6,2,1,1.00,CYCLE,W
IND,208,6415,59485,28/09/2021,17:48:47,15,0,26.6,1.0,39.8,39.6,2,1,1.00,CYCLE,E
IND,208,6415,59486,28/09/2021,17:48:55,15,1,15.8,1.1,18.9,18.8,2,1,1.00,CYCLE,W
IND,208,6415,59485,28/09/2021,17:49:09,15,0,16.4,1.0,22.1,22.0,2,1,1.00,CYCLE,E
IND,208,6415,59486,28/09/2021,17:49:11,15,1,23.4,1.0,16.4,16.1,2,1,1.00,CYCLE,W
IND,208,6415,59486,28/09/2021,17:49:33,15,1,29.4,1.1,22.1,21.9,2,1,1.00,CYCLE,W
IND,208,6415,59486,28/09/2021,17:49:39,15,1,24.6,1.1,6.1,5.9,2,1,1.00,CYCLE,W
IND,208,6415,59486,28/09/2021,17:49:45,15,1,23.8,1.0,5.4,5.2,2,1,1.00,CYCLE,W
IND,208,6415,59486,28/09/2021,17:50:03,15,1,22.4,1.1,18.5,18.4,2,1,1.00,CYCLE,W
IND,208,6415,59486,28/09/2021,17:50:04,15,1,23.2,1.0,0.6,0.5,2,1,1.00,CYCLE,W
IND,208,6415,59486,28/09/2021,17:50:04,15,1,22.6,1.1,0.6,0.4,2,1,1.00,CYCLE,W
IND,208,6415,59485,28/09/2021,17:50:15,15,0,22.0,1.0,66.6,66.4,2,1,1.00,CYCLE,E
IND,208,6415,59485,28/09/2021,17:50:25,15,0,28.4,1.0,9.6,10.0,2,1,0.80,CYCLE,E
IND,208,6415,59486,28/09/2021,17:50:32,15,1,14.5,1.1,27.5,27.3,2,1,1.00,CYCLE,W
IND,208,6415,59485,28/09/2021,17:50:34,15,0,13.6,1.0,8.7,8.0,2,1,1.00,CYCLE,E
IND,208,6415,59485,28/09/2021,17:50:34,15,0,14.4,1.1,0.6,0.3,2,1,1.00,CYCLE,E
IND,208,6415,59485,28/09/2021,17:50:35,15,0,19.8,1.0,0.4,0.1,2,1,1.00,CYCLE,E
IND,208,6415,59485,28/09/2021,17:50:39,15,0,19.1,1.0,4.2,4.0,2,1,1.00,CYCLE,E
IND,208,6415,59485,28/09/2021,17:51:13,15,0,21.8,1.1,34.1,33.9,2,1,1.00,CYCLE,E
IND,208,6415,59485,28/09/2021,17:51:58,15,0,25.3,1.0,44.7,44.5,2,1,1.00,CYCLE,E
IND,208,6415,59486,28/09/2021,17:51:58,15,1,22.3,1.1,86.7,86.4,2,1,1.00,CYCLE,W
IND,208,6415,59485,28/09/2021,17:52:03,15,0,19.6,1.0,5.6,5.4,2,1,1.00,CYCLE,E
IND,208,6415,59485,28/09/2021,17:52:04,15,0,19.1,1.0,0.5,0.3,2,1,1.00,CYCLE,E
IND,208,6415,59486,28/09/2021,17:52:18,15,1,18.4,1.0,19.0,18.9,2,1,1.00,CYCLE,W
IND,208,6415,59486,28/09/2021,17:52:18,15,1,20.4,1.1,0.6,0.3,2,1,1.00,CYCLE,W
IND,208,6415,59485,28/09/2021,17:52:31,15,0,25.9,1.1,27.5,27.3,2,1,1.00,CYCLE,E
IND,208,6415,59486,28/09/2021,17:52:45,15,1,22.4,1.0,26.9,26.7,2,1,1.00,CYCLE,W
IND,208,6415,59486,28/09/2021,17:53:24,15,1,31.2,1.0,39.5,39.3,2,1,1.00,CYCLE,W
IND,208,6415,59486,28/09/2021,17:53:42,15,1,29.9,1.0,17.1,16.9,2,1,1.00,CYCLE,W
IND,208,6415,59486,28/09/2021,17:53:45,15,1,19.7,1.0,3.6,3.5,2,1,1.00,CYCLE,W
IND,208,6415,59485,28/09/2021,17:54:05,15,0,8.8,1.0,94.2,94.0,2,1,0.86,CYCLE,E
IND,208,6415,59486,28/09/2021,17:54:19,15,1,16.2,1.0,33.6,33.5,2,1,1.00,CYCLE,W
IND,208,6415,59486,28/09/2021,17:54:20,15,1,15.6,1.1,0.7,0.5,2,1,1.00,CYCLE,W
IND,208,6415,59486,28/09/2021,17:54:45,15,1,25.4,1.0,25.0,24.7,2,1,1.00,CYCLE,W
IND,208,6415,59485,28/09/2021,17:54:49,15,0,19.3,1.0,43.7,43.3,2,1,1.00,CYCLE,E
IND,208,6415,59485,28/09/2021,17:55:37,15,0,30.2,1.0,36.5,36.5,2,1,1.00,CYCLE,E
IND,208,6415,59485,28/09/2021,17:55:41,15,0,24.1,1.1,4.5,4.4,2,1,1.00,CYCLE,E
IND,208,6415,59485,28/09/2021,17:55:42,15,0,26.7,1.0,1.4,1.2,2,1,1.00,CYCLE,E
IND,208,6415,59486,28/09/2021,17:56:09,15,1,14.0,1.0,84.2,84.1,2,1,1.00,CYCLE,W
IND,208,6415,59486,28/09/2021,17:56:12,15,1,14.2,1.1,3.2,2.9,2,1,1.00,CYCLE,W
IND,208,6415,59485,28/09/2021,17:57:02,15,0,9.9,1.0,79.5,79.4,2,1,0.55,CYCLE,E
IND,208,6415,59485,28/09/2021,17:57:38,15,0,28.9,1.0,35.8,34.3,2,1,1.00,CYCLE,E
IND,208,6415,59485,28/09/2021,17:57:43,15,0,28.4,1.0,5.6,5.4,2,1,1.00,CYCLE,E
IND,208,6415,59485,28/09/2021,17:58:10,15,0,15.9,1.1,26.4,26.2,2,1,1.00,CYCLE,E
IND,208,6415,59485,28/09/2021,17:58:10,15,0,15.6,1.0,0.3,0.1,2,1,1.00,CYCLE,E
IND,208,6415,59485,28/09/2021,17:58:10,15,0,16.1,1.1,0.4,0.2,2,1,1.00,CYCLE,E
IND,208,6415,59485,28/09/2021,17:58:13,15,0,23.6,1.0,2.5,2.2,2,1,1.00,CYCLE,E
IND,208,6415,59486,28/09/2021,17:58:15,15,1,24.8,0.9,122.9,122.6,2,1,1.00,CYCLE,W
IND,208,6415,59486,28/09/2021,17:58:15,15,1,23.9,0.9,0.4,0.3,2,1,1.00,CYCLE,W
IND,208,6415,59486,28/09/2021,17:58:26,15,1,31.1,1.0,10.8,10.6,2,1,1.00,CYCLE,W
IND,208,6415,59485,28/09/2021,17:58:43,15,0,16.4,1.0,29.9,29.8,2,1,1.00,CYCLE,E
IND,208,6415,59486,28/09/2021,17:59:13,15,1,30.0,1.1,47.2,47.1,2,1,1.00,CYCLE,W
IND,208,6415,59486,28/09/2021,17:59:30,15,1,30.9,1.1,16.7,16.5,2,1,1.00,CYCLE,W
IND,208,6415,59486,28/09/2021,17:59:34,15,1,31.8,1.1,4.2,4.1,2,1,1.00,CYCLE,W
IND,208,6415,59485,28/09/2021,18:00:02,15,0,26.5,1.0,78.7,78.5,2,1,1.00,CYCLE,E
IND,208,6415,59486,28/09/2021,18:00:11,15,1,32.3,1.1,36.9,36.8,2,1,1.00,CYCLE,W
IND,208,6415,59485,28/09/2021,18:00:19,15,0,17.8,1.1,17.2,17.0,2,1,1.00,CYCLE,E
IND,208,6415,59485,28/09/2021,18:00:47,15,0,29.1,1.0,28.0,27.8,2,1,1.00,CYCLE,E
IND,208,6415,59485,28/09/2021,18:00:48,15,0,29.1,1.0,1.2,1.0,2,1,1.00,CYCLE,E
IND,208,6415,59485,28/09/2021,18:00:50,15,0,25.2,1.1,1.8,1.7,2,1,1.00,CYCLE,E
IND,208,6415,59485,28/09/2021,18:00:51,15,0,25.0,1.2,1.6,1.5,2,1,1.00,CYCLE,E
IND,208,6415,59485,28/09/2021,18:01:06,15,0,21.6,1.0,14.8,14.6,2,1,1.00,CYCLE,E
IND,208,6415,59485,28/09/2021,18:01:08,15,0,20.9,1.0,1.8,1.6,2,1,1.00,CYCLE,E
IND,208,6415,59485,28/09/2021,18:01:35,15,0,26.4,1.0,27.4,27.2,2,1,1.00,CYCLE,E
IND,208,6415,59486,28/09/2021,18:02:28,15,1,27.4,1.1,137.4,137.3,2,1,1.00,CYCLE,W
IND,208,6415,59485,28/09/2021,18:04:10,15,0,23.6,1.0,155.1,155.0,2,1,1.00,CYCLE,E
IND,208,6415,59486,28/09/2021,18:04:14,15,1,12.8,1.1,106.1,106.0,2,1,1.00,CYCLE,W
IND,208,6415,59485,28/09/2021,18:04:24,15,0,24.0,1.0,13.5,13.3,2,1,1.00,CYCLE,E
IND,208,6415,59486,28/09/2021,18:04:30,15,1,20.4,1.0,15.4,15.0,2,1,1.00,CYCLE,W
IND,208,6415,59485,28/09/2021,18:04:52,15,0,23.4,1.0,28.4,28.2,2,1,1.00,CYCLE,E
IND,208,6415,59485,28/09/2021,18:04:56,15,0,21.5,1.0,3.5,3.4,2,1,1.00,CYCLE,E
IND,208,6415,59485,28/09/2021,18:04:57,15,0,20.1,1.1,1.3,1.2,2,1,1.00,CYCLE,E
IND,208,6415,59485,28/09/2021,18:05:58,15,0,22.4,1.1,61.3,61.1,2,1,1.00,CYCLE,E
IND,208,6415,59486,28/09/2021,18:07:22,15,1,30.7,1.0,116.4,116.3,2,1,1.00,CYCLE,W
IND,208,6415,59486,28/09/2021,18:07:27,15,1,30.4,1.0,4.9,4.7,2,1,1.00,CYCLE,W
IND,208,6415,59486,28/09/2021,18:07:27,15,1,31.0,1.0,0.5,0.4,2,1,1.00,CYCLE,W
IND,208,6415,59485,28/09/2021,18:07:42,15,0,17.9,1.0,14.5,13.5,2,1,1.00,CYCLE,E
IND,208,6415,59485,28/09/2021,18:08:31,15,0,15.8,1.0,49.2,49.0,2,1,1.00,CYCLE,E
IND,208,6415,59485,28/09/2021,18:08:35,15,0,12.6,1.1,3.5,3.3,2,1,1.00,CYCLE,E
IND,208,6415,59485,28/09/2021,18:09:00,15,0,23.0,1.1,25.2,24.9,2,1,1.00,CYCLE,E
IND,208,6415,59486,28/09/2021,18:09:18,15,1,30.0,1.0,110.5,110.4,2,1,0.50,CYCLE,W
IND,208,6415,59485,28/09/2021,18:09:18,15,0,30.0,1.0,0.0,0.0,2,1,0.50,CYCLE,E
IND,208,6415,59485,28/09/2021,18:09:55,15,0,21.0,1.0,55.3,55.2,2,1,1.00,CYCLE,E
IND,208,6415,59486,28/09/2021,18:09:58,15,1,28.0,1.0,40.1,39.9,2,1,1.00,CYCLE,W
IND,208,6415,59485,28/09/2021,18:10:16,15,0,3.8,0.5,20.2,20.0,2,1,1.00,CYCLE,E
IND,208,6415,59485,28/09/2021,18:10:22,15,0,10.8,1.0,6.1,5.6,2,1,1.00,CYCLE,E
IND,208,6415,59485,28/09/2021,18:11:51,15,0,25.7,1.0,89.6,89.3,2,1,1.00,CYCLE,E
IND,208,6415,59485,28/09/2021,18:12:22,15,0,19.7,1.1,30.3,30.2,2,1,1.00,CYCLE,E
IND,208,6415,59486,28/09/2021,18:12:36,15,1,22.0,1.0,158.6,158.5,2,1,1.00,CYCLE,W
IND,208,6415,59486,28/09/2021,18:13:29,15,1,25.5,1.0,52.8,52.6,2,1,1.00,CYCLE,W
IND,208,6415,59485,28/09/2021,18:13:31,15,0,27.1,1.1,69.9,69.7,2,1,1.00,CYCLE,E
IND,208,6415,59485,28/09/2021,18:13:48,15,0,18.6,1.1,16.5,16.4,2,1,1.00,CYCLE,E
IND,208,6415,59485,28/09/2021,18:14:12,15,0,24.6,1.1,24.5,24.2,2,1,1.00,CYCLE,E
IND,208,6415,59486,28/09/2021,18:14:21,15,1,34.3,1.0,31.7,31.1,2,1,1.00,CYCLE,W
IND,208,6415,59485,28/09/2021,18:14:32,15,0,18.6,1.0,19.5,19.4,2,1,1.00,CYCLE,E
IND,208,6415,59485,28/09/2021,18:14:38,15,0,20.8,1.0,6.1,5.9,2,1,1.00,CYCLE,E
IND,208,6415,59485,28/09/2021,18:14:40,15,0,20.3,1.0,2.4,2.3,2,1,1.00,CYCLE,E
IND,208,6415,59485,28/09/2021,18:15:20,15,0,26.2,1.0,39.2,39.0,2,1,1.00,CYCLE,E
IND,208,6415,59485,28/09/2021,18:15:36,15,0,23.7,1.0,16.4,16.3,2,1,1.00,CYCLE,E
IND,208,6415,59486,28/09/2021,18:16:17,15,1,25.7,1.0,116.4,116.4,2,1,1.00,CYCLE,W
IND,208,6415,59485,28/09/2021,18:16:47,15,0,28.9,1.0,71.4,71.2,2,1,1.00,CYCLE,E
IND,208,6415,59486,28/09/2021,18:19:32,15,1,24.2,1.0,194.2,194.1,2,1,1.00,CYCLE,W
IND,208,6415,59486,28/09/2021,18:19:33,15,1,25.0,1.0,1.0,0.9,2,1,1.00,CYCLE,W
IND,208,6415,59485,28/09/2021,18:19:59,15,0,11.6,1.0,191.9,191.7,2,1,1.00,CYCLE,E
IND,208,6415,59485,28/09/2021,18:20:01,15,0,20.3,1.0,1.8,1.5,2,1,1.00,CYCLE,E
IND,208,6415,59485,28/09/2021,18:20:27,15,0,15.1,1.0,26.2,26.0,2,1,1.00,CYCLE,E
IND,208,6415,59485,28/09/2021,18:21:09,15,0,22.5,1.0,41.3,41.1,2,1,1.00,CYCLE,E
IND,208,6415,59485,28/09/2021,18:21:10,15,0,13.5,1.1,1.3,1.1,2,1,1.00,CYCLE,E
IND,208,6415,59485,28/09/2021,18:21:29,15,0,20.1,1.0,18.9,18.6,2,1,1.00,CYCLE,E
IND,208,6415,59486,28/09/2021,18:21:47,15,1,27.8,1.0,125.2,125.1,2,1,1.00,CYCLE,W
IND,208,6415,59485,28/09/2021,18:22:24,15,0,21.4,1.0,54.7,54.6,2,1,1.00,CYCLE,E
IND,208,6415,59485,28/09/2021,18:23:39,15,0,27.1,1.1,75.0,74.8,2,1,1.00,CYCLE,E
IND,208,6415,59485,28/09/2021,18:24:25,15,0,18.8,1.0,46.1,46.0,2,1,1.00,CYCLE,E
IND,208,6415,59486,28/09/2021,18:24:46,15,1,22.1,1.0,178.8,178.7,2,1,1.00,CYCLE,W
IND,208,6415,59486,28/09/2021,18:24:48,15,1,22.5,1.0,2.2,2.0,2,1,1.00,CYCLE,W
IND,208,6415,59486,28/09/2021,18:24:57,15,1,20.9,1.0,8.9,8.7,2,1,1.00,CYCLE,W
IND,208,6415,59486,28/09/2021,18:25:25,15,1,30.8,1.0,27.8,27.6,2,1,1.00,CYCLE,W
IND,208,6415,59486,28/09/2021,18:25:38,15,1,23.5,1.0,12.6,12.5,2,1,1.00,CYCLE,W
IND,208,6415,59486,28/09/2021,18:25:39,15,1,27.0,1.0,0.8,0.6,2,1,1.00,CYCLE,W
IND,208,6415,59485,28/09/2021,18:26:10,15,0,11.3,1.0,105.4,105.2,2,1,1.00,CYCLE,E
IND,208,6415,59485,28/09/2021,18:26:10,15,0,11.3,1.0,0.0,0.0,2,1,1.00,CYCLE,E
IND,208,6415,59486,28/09/2021,18:26:11,15,1,6.2,1.0,32.9,32.7,2,1,0.40,CYCLE,W
IND,208,6415,59485,28/09/2021,18:26:24,15,0,24.9,1.0,13.7,13.1,2,1,1.00,CYCLE,E
IND,208,6415,59485,28/09/2021,18:26:33,15,0,20.8,1.1,9.3,9.1,2,1,1.00,CYCLE,E
IND,208,6415,59485,28/09/2021,18:27:29,15,0,26.1,1.0,55.9,55.7,2,1,0.29,CYCLE,E
IND,208,6415,59485,28/09/2021,18:28:33,15,0,23.0,1.0,64.1,63.8,2,1,1.00,CYCLE,E
IND,208,6415,59486,28/09/2021,18:28:36,15,1,20.7,1.0,144.5,144.0,2,1,1.00,CYCLE,W
IND,208,6415,59486,28/09/2021,18:28:53,15,1,9.8,1.0,16.7,16.6,2,1,0.40,CYCLE,W
IND,208,6415,59486,28/09/2021,18:28:56,15,1,14.8,1.1,3.6,3.1,2,1,1.00,CYCLE,W
IND,208,6415,59485,28/09/2021,18:29:16,15,0,21.8,1.1,43.5,43.3,2,1,1.00,CYCLE,E
IND,208,6415,59485,28/09/2021,18:29:22,15,0,29.5,1.0,6.0,5.8,2,1,1.00,CYCLE,E
IND,208,6415,59485,28/09/2021,18:29:27,15,0,23.6,1.0,5.1,5.0,2,1,1.00,CYCLE,E
IND,208,6415,59486,28/09/2021,18:30:18,15,1,28.7,1.0,81.4,81.1,2,1,1.00,CYCLE,W
IND,208,6415,59485,28/09/2021,18:30:19,15,0,20.1,1.1,51.3,51.1,2,1,1.00,CYCLE,E
IND,208,6415,59486,28/09/2021,18:30:58,15,1,17.5,1.0,40.3,40.2,2,1,0.40,CYCLE,W
IND,208,6415,59486,28/09/2021,18:31:45,15,1,19.1,1.1,47.2,46.9,2,1,1.00,CYCLE,W
IND,208,6415,59486,28/09/2021,18:31:46,15,1,17.9,1.0,0.6,0.4,2,1,1.00,CYCLE,W
IND,208,6415,59485,28/09/2021,18:31:58,15,0,18.3,0.9,99.1,98.9,2,1,1.00,CYCLE,E
IND,208,6415,59485,28/09/2021,18:32:23,15,0,27.6,1.0,25.0,24.9,2,1,1.00,CYCLE,E
IND,208,6415,59486,28/09/2021,18:32:25,15,1,22.8,1.0,39.1,38.8,2,1,1.00,CYCLE,W
IND,208,6415,59485,28/09/2021,18:32:28,15,0,16.2,1.1,4.8,4.7,2,1,1.00,CYCLE,E
IND,208,6415,59485,28/09/2021,18:32:30,15,0,14.7,1.1,2.7,2.5,2,1,1.00,CYCLE,E
IND,208,6415,59485,28/09/2021,18:32:51,15,0,18.6,1.1,20.4,20.1,2,1,1.00,CYCLE,E
IND,208,6415,59486,28/09/2021,18:33:21,15,1,20.6,1.0,56.6,56.5,2,1,1.00,CYCLE,W
IND,208,6415,59485,28/09/2021,18:33:47,15,0,7.6,1.0,56.0,55.8,2,1,1.00,CYCLE,E
IND,208,6415,59485,28/09/2021,18:33:48,15,0,6.0,1.0,0.8,0.4,2,1,1.00,CYCLE,E
IND,208,6415,59486,28/09/2021,18:33:54,15,1,22.5,1.1,33.0,32.8,2,1,1.00,CYCLE,W
IND,208,6415,59485,28/09/2021,18:33:55,15,0,5.6,1.0,7.4,6.8,2,1,0.67,CYCLE,E
IND,208,6415,59486,28/09/2021,18:34:21,15,1,26.2,1.0,26.3,26.1,2,1,1.00,CYCLE,W
IND,208,6415,59486,28/09/2021,18:34:26,15,1,23.7,1.0,5.2,5.1,2,1,1.00,CYCLE,W
IND,208,6415,59485,28/09/2021,18:34:27,15,0,24.1,1.0,32.1,31.3,2,1,1.00,CYCLE,E
IND,208,6415,59486,28/09/2021,18:35:14,15,1,28.0,1.0,47.8,47.7,2,1,1.00,CYCLE,W
IND,208,6415,59486,28/09/2021,18:35:23,15,1,29.2,1.0,9.4,9.3,2,1,1.00,CYCLE,W
IND,208,6415,59485,28/09/2021,18:36:22,15,0,20.3,1.0,114.6,114.4,2,1,1.00,CYCLE,E
IND,208,6415,59485,28/09/2021,18:36:22,15,0,20.6,1.1,0.8,0.6,2,1,1.00,CYCLE,E
IND,208,6415,59485,28/09/2021,18:36:53,15,0,12.1,1.1,30.2,30.0,2,1,1.00,CYCLE,E
IND,208,6415,59486,28/09/2021,18:37:05,15,1,31.9,1.0,101.8,101.7,2,1,1.00,CYCLE,W
IND,208,6415,59485,28/09/2021,18:39:48,15,0,19.9,1.0,174.9,174.6,2,1,1.00,CYCLE,E
IND,208,6415,59486,28/09/2021,18:40:46,15,1,26.1,1.1,221.5,221.4,2,1,1.00,CYCLE,W
IND,208,6415,59486,28/09/2021,18:42:21,15,1,32.9,1.0,94.2,94.1,2,1,1.00,CYCLE,W
IND,208,6415,59485,28/09/2021,18:42:34,15,0,19.4,1.1,166.2,166.0,2,1,1.00,CYCLE,E
IND,208,6415,59486,28/09/2021,18:43:51,15,1,28.6,1.0,90.8,90.7,2,1,1.00,CYCLE,W
IND,208,6415,59486,28/09/2021,18:44:17,15,1,23.3,1.1,25.8,25.7,2,1,1.00,CYCLE,W
IND,208,6415,59485,28/09/2021,18:44:31,15,0,22.2,1.0,117.0,116.8,2,1,1.00,CYCLE,E
IND,208,6415,59485,28/09/2021,18:45:24,15,0,26.3,1.1,53.1,52.9,2,1,1.00,CYCLE,E
IND,208,6415,59485,28/09/2021,18:45:47,15,0,29.5,1.1,22.9,22.8,2,1,1.00,CYCLE,E
IND,208,6415,59485,28/09/2021,18:46:06,15,0,27.1,1.0,19.4,19.3,2,1,1.00,CYCLE,E
IND,208,6415,59486,28/09/2021,18:46:07,15,1,29.4,1.0,109.8,109.6,2,1,1.00,CYCLE,W
IND,208,6415,59486,28/09/2021,18:48:24,15,1,23.9,0.9,137.4,137.3,2,1,1.00,CYCLE,W
IND,208,6415,59486,28/09/2021,18:48:31,15,1,28.5,1.1,7.0,6.8,2,1,1.00,CYCLE,W
IND,208,6415,59486,28/09/2021,18:49:30,15,1,25.2,1.0,58.5,58.3,2,1,1.00,CYCLE,W
IND,208,6415,59486,28/09/2021,18:49:32,15,1,22.3,1.1,2.4,2.2,2,1,1.00,CYCLE,W
IND,208,6415,59485,28/09/2021,18:50:56,15,0,19.7,1.1,289.7,289.6,2,1,1.00,CYCLE,E
IND,208,6415,59486,28/09/2021,18:51:08,15,1,29.4,1.0,96.3,96.1,2,1,1.00,CYCLE,W
IND,208,6415,59485,28/09/2021,18:51:12,15,0,19.1,1.0,16.3,16.1,2,1,1.00,CYCLE,E
IND,208,6415,59485,28/09/2021,18:52:30,15,0,22.5,1.0,77.4,77.2,2,1,1.00,CYCLE,E
IND,208,6415,59485,28/09/2021,18:52:32,15,0,21.0,1.1,2.4,2.3,2,1,1.00,CYCLE,E
IND,208,6415,59486,28/09/2021,18:53:14,15,1,26.5,1.1,125.9,125.7,2,1,1.00,CYCLE,W
IND,208,6415,59485,28/09/2021,18:53:44,15,0,26.8,1.0,72.3,72.1,2,1,1.00,CYCLE,E
IND,208,6415,59486,28/09/2021,18:55:30,15,1,27.6,1.0,135.9,135.8,2,1,1.00,CYCLE,W
IND,208,6415,59485,28/09/2021,18:56:11,15,0,19.5,1.1,146.8,146.7,2,1,1.00,CYCLE,E
IND,208,6415,59485,28/09/2021,18:57:29,15,0,21.6,1.0,77.8,77.6,2,1,1.00,CYCLE,E
IND,208,6415,59485,28/09/2021,18:57:38,15,0,21.7,1.0,8.7,8.6,2,1,1.00,CYCLE,E
IND,208,6415,59486,28/09/2021,18:59:26,15,1,25.4,1.1,235.8,235.7,2,1,1.00,CYCLE,W
IND,208,6415,59485,28/09/2021,18:59:46,15,0,25.4,1.0,127.8,127.7,2,1,1.00,CYCLE,E
IND,208,6415,59486,28/09/2021,19:00:43,15,1,22.7,1.0,77.0,76.8,2,1,1.00,CYCLE,W
IND,208,6415,59485,28/09/2021,19:02:34,15,0,24.9,1.0,66.7,66.7,2,1,1.00,CYCLE,E
IND,208,6415,59485,28/09/2021,19:03:04,15,0,19.5,1.0,29.8,29.7,2,1,1.00,CYCLE,E
IND,208,6415,59486,28/09/2021,19:06:34,15,1,28.4,1.1,351.0,350.8,2,1,1.00,CYCLE,W
IND,208,6415,59485,28/09/2021,19:09:36,15,0,21.4,1.1,392.7,392.5,2,1,1.00,CYCLE,E
IND,208,6415,59485,28/09/2021,19:09:38,15,0,23.3,1.1,2.0,1.8,2,1,1.00,CYCLE,E
IND,208,6415,59485,28/09/2021,19:18:41,15,0,21.8,1.1,542.3,542.1,2,1,1.00,CYCLE,E
IND,208,6415,59486,28/09/2021,19:19:40,15,1,25.3,0.7,786.0,785.8,2,1,1.00,CYCLE,W
IND,208,6415,59485,28/09/2021,19:21:32,15,0,15.6,1.0,171.4,171.2,2,1,1.00,CYCLE,E
IND,208,6415,59485,28/09/2021,19:23:32,15,0,21.4,1.0,119.5,119.3,2,1,1.00,CYCLE,E
IND,208,6415,59485,28/09/2021,19:28:38,15,0,23.8,1.1,306.7,306.5,2,1,1.00,CYCLE,E
IND,208,6415,59485,28/09/2021,19:29:01,15,0,23.9,1.0,23.1,22.9,2,1,1.00,CYCLE,E
IND,208,6415,59486,28/09/2021,19:30:30,15,1,24.7,1.1,649.6,649.5,2,1,1.00,CYCLE,W
IND,208,6415,59485,28/09/2021,19:32:12,15,0,19.6,1.1,190.8,190.6,2,1,1.00,CYCLE,E
IND,208,6415,59485,28/09/2021,19:32:19,15,0,19.6,1.1,6.5,6.3,2,1,1.00,CYCLE,E
IND,208,6415,59486,28/09/2021,19:35:06,15,1,23.1,1.1,276.6,276.5,2,1,1.00,CYCLE,W
IND,208,6415,59485,28/09/2021,19:35:35,15,0,17.6,1.1,196.5,196.3,2,1,1.00,CYCLE,E
IND,208,6415,59485,28/09/2021,19:39:45,15,0,21.9,1.0,250.1,249.9,2,1,1.00,CYCLE,E
IND,208,6415,59485,28/09/2021,19:41:01,15,0,15.1,0.9,29.7,29.7,2,1,1.00,CYCLE,E
IND,208,6415,59485,28/09/2021,19:41:02,15,0,14.5,1.0,0.9,0.7,2,1,1.00,CYCLE,E
IND,208,6415,59485,28/09/2021,19:43:37,15,0,5.2,0.4,155.2,154.9,2,1,1.00,CYCLE,E
IND,208,6415,59485,28/09/2021,19:44:49,15,0,21.6,1.1,71.9,71.7,2,1,1.00,CYCLE,E
IND,208,6415,59485,28/09/2021,19:53:15,15,0,18.5,1.0,505.9,505.7,2,1,1.00,CYCLE,E
IND,208,6415,59485,28/09/2021,19:53:17,15,0,9.0,0.1,2.4,2.2,2,1,0.80,CYCLE,E
IND,208,6415,59485,28/09/2021,19:54:18,15,0,23.1,1.0,60.2,60.1,2,1,1.00,CYCLE,E
IND,208,6415,59485,28/09/2021,20:01:39,15,0,22.4,1.1,441.9,441.7,2,1,1.00,CYCLE,E
IND,208,6415,59486,28/09/2021,20:02:17,15,1,31.2,0.9,1630.5,1630.4,2,1,1.00,CYCLE,W
IND,208,6415,59486,28/09/2021,20:03:16,15,1,29.4,1.0,59.0,58.9,2,1,1.00,CYCLE,W
IND,208,6415,59486,28/09/2021,20:09:51,15,1,28.7,1.0,375.9,374.6,2,1,1.00,CYCLE,W
IND,208,6415,59486,28/09/2021,20:11:38,15,1,29.0,1.0,106.6,106.5,2,1,1.00,CYCLE,W
IND,208,6415,59485,28/09/2021,20:12:14,15,0,23.0,1.0,634.0,633.8,2,1,1.00,CYCLE,E
IND,208,6415,59485,28/09/2021,20:26:37,15,0,19.1,1.0,863.7,863.5,2,1,0.86,CYCLE,E
IND,208,6415,59485,28/09/2021,20:26:42,15,0,20.2,1.0,4.9,4.7,2,1,1.00,CYCLE,E
IND,208,6415,59486,28/09/2021,20:26:57,15,1,27.7,1.0,919.5,919.4,2,1,1.00,CYCLE,W
IND,208,6415,59486,28/09/2021,20:27:24,15,1,30.9,1.0,27.0,26.9,2,1,1.00,CYCLE,W
IND,208,6415,59485,28/09/2021,20:29:50,15,0,28.7,1.1,188.3,188.1,2,1,1.00,CYCLE,E
IND,208,6415,59486,28/09/2021,20:32:57,15,1,21.1,1.1,333.0,332.9,2,1,1.00,CYCLE,W
IND,208,6415,59485,28/09/2021,20:36:54,15,0,31.0,1.0,423.9,423.8,2,1,1.00,CYCLE,E
IND,208,6415,59485,28/09/2021,20:37:06,15,0,24.3,1.1,11.7,11.6,2,1,1.00,CYCLE,E
IND,208,6415,59485,28/09/2021,20:39:02,15,0,22.5,1.1,115.9,115.8,2,1,1.00,CYCLE,E
IND,208,6415,59485,28/09/2021,20:46:06,15,0,28.6,1.0,423.7,423.5,2,1,1.00,CYCLE,E
IND,208,6415,59485,28/09/2021,20:48:41,15,0,13.9,1.1,155.3,155.2,2,1,1.00,CYCLE,E
IND,208,6415,59485,28/09/2021,20:54:37,15,0,24.1,0.9,356.2,355.9,2,1,1.00,CYCLE,E
IND,208,6415,59485,28/09/2021,21:24:52,15,0,12.9,1.0,1814.4,1814.3,2,1,1.00,CYCLE,E
IND,208,6415,59486,28/09/2021,22:06:44,15,1,31.0,1.0,5626.7,5626.5,2,1,1.00,CYCLE,W
IND,208,6415,59485,29/09/2021,04:12:28,15,0,23.1,1.1,24456.3,24456.0,2,1,1.00,CYCLE,E
IND,208,6415,59486,29/09/2021,04:56:16,15,1,24.9,1.0,24572.1,24572.0,2,1,1.00,CYCLE,W
IND,208,6415,59486,29/09/2021,05:37:14,15,1,24.4,1.0,2457.7,2457.5,2,1,1.00,CYCLE,W
IND,208,6415,59486,29/09/2021,05:47:00,15,1,29.6,1.0,586.9,586.8,2,1,1.00,CYCLE,W
IND,208,6415,59486,29/09/2021,05:47:03,15,1,25.4,1.0,2.1,2.0,2,1,1.00,CYCLE,W
IND,208,6415,59485,29/09/2021,05:49:44,15,0,9.4,1.0,5836.5,5836.4,2,1,0.80,CYCLE,E
IND,208,6415,59486,29/09/2021,06:09:22,15,1,24.8,1.0,1339.6,1339.4,2,1,1.00,CYCLE,W
IND,208,6415,59486,29/09/2021,06:13:24,15,1,23.1,1.0,241.8,241.6,2,1,1.00,CYCLE,W
IND,208,6415,59485,29/09/2021,06:14:13,15,0,21.2,1.1,1300.4,1300.2,2,1,1.00,CYCLE,E
IND,208,6415,59486,29/09/2021,06:19:39,15,1,26.2,1.0,375.5,375.4,2,1,1.00,CYCLE,W
IND,208,6415,59485,29/09/2021,06:23:02,15,0,13.4,1.0,529.7,529.5,2,1,1.00,CYCLE,E
IND,208,6415,59485,29/09/2021,06:23:02,15,0,13.4,1.0,0.0,0.0,2,1,1.00,CYCLE,E
IND,208,6415,59485,29/09/2021,06:24:03,15,0,23.3,1.1,61.0,60.7,2,1,1.00,CYCLE,E
IND,208,6415,59486,29/09/2021,06:24:36,15,1,30.9,1.0,296.1,296.0,2,1,1.00,CYCLE,W
IND,208,6415,59486,29/09/2021,06:25:41,15,1,30.9,1.0,65.8,65.7,2,1,1.00,CYCLE,W
IND,208,6415,59486,29/09/2021,06:32:20,15,1,28.1,1.1,319.9,319.8,2,1,1.00,CYCLE,W
IND,208,6415,59485,29/09/2021,06:33:28,15,0,25.4,1.0,391.4,391.4,2,1,1.00,CYCLE,E
IND,208,6415,59486,29/09/2021,06:38:03,15,1,33.6,1.1,343.5,343.4,2,1,1.00,CYCLE,W
IND,208,6415,59486,29/09/2021,06:39:39,15,1,25.2,1.1,95.7,95.6,2,1,1.00,CYCLE,W
IND,208,6415,59486,29/09/2021,06:45:53,15,1,33.1,1.0,374.6,374.5,2,1,1.00,CYCLE,W
IND,208,6415,59485,29/09/2021,06:46:15,15,0,22.1,1.1,767.2,767.0,2,1,1.00,CYCLE,E
IND,208,6415,59486,29/09/2021,06:46:52,15,1,33.9,1.0,58.4,58.3,2,1,1.00,CYCLE,W
IND,208,6415,59486,29/09/2021,06:47:27,15,1,28.9,1.0,35.2,35.1,2,1,1.00,CYCLE,W
IND,208,6415,59486,29/09/2021,06:47:31,15,1,24.4,1.1,4.5,4.4,2,1,1.00,CYCLE,W
IND,208,6415,59485,29/09/2021,06:48:53,15,0,16.5,1.0,157.9,157.8,2,1,0.29,CYCLE,E
IND,208,6415,59485,29/09/2021,06:48:53,15,0,16.5,1.0,0.0,0.0,2,1,0.29,CYCLE,E
IND,208,6415,59486,29/09/2021,06:49:17,15,1,28.1,1.1,79.4,79.4,2,1,1.00,CYCLE,W
IND,208,6415,59486,29/09/2021,06:49:22,15,1,26.9,1.1,4.6,4.4,2,1,1.00,CYCLE,W
IND,208,6415,59485,29/09/2021,06:50:54,15,0,26.0,1.0,120.7,120.4,2,1,1.00,CYCLE,E
IND,208,6415,59485,29/09/2021,06:52:33,15,0,29.7,1.0,99.4,99.2,2,1,1.00,CYCLE,E
IND,208,6415,59486,29/09/2021,06:53:12,15,1,26.2,1.1,230.5,230.3,2,1,1.00,CYCLE,W
IND,208,6415,59486,29/09/2021,06:53:40,15,1,27.0,1.1,28.1,27.9,2,1,1.00,CYCLE,W
IND,208,6415,59486,29/09/2021,06:54:41,15,1,27.2,1.0,61.1,61.0,2,1,1.00,CYCLE,W
IND,208,6415,59486,29/09/2021,06:55:51,15,1,26.5,1.1,69.0,68.9,2,1,1.00,CYCLE,W
IND,208,6415,59485,29/09/2021,06:59:07,15,0,26.8,1.1,394.0,393.9,2,1,1.00,CYCLE,E
IND,208,6415,59485,29/09/2021,07:00:21,15,0,18.6,1.1,73.8,73.7,2,1,1.00,CYCLE,E
IND,208,6415,59486,29/09/2021,07:00:24,15,1,28.9,1.1,273.5,273.4,2,1,1.00,CYCLE,W
IND,208,6415,59485,29/09/2021,07:00:28,15,0,19.1,1.1,7.0,6.8,2,1,1.00,CYCLE,E
IND,208,6415,59486,29/09/2021,07:01:43,15,1,25.0,1.1,78.6,78.5,2,1,1.00,CYCLE,W
IND,208,6415,59486,29/09/2021,07:03:32,15,1,26.1,1.1,109.0,108.8,2,1,1.00,CYCLE,W
IND,208,6415,59485,29/09/2021,07:04:37,15,0,24.2,1.1,248.6,248.4,2,1,1.00,CYCLE,E
IND,208,6415,59486,29/09/2021,07:11:27,15,1,28.9,1.0,58.2,58.1,2,1,1.00,CYCLE,W
IND,208,6415,59486,29/09/2021,07:13:00,15,1,29.7,1.0,92.4,92.3,2,1,1.00,CYCLE,W
IND,208,6415,59486,29/09/2021,07:13:58,15,1,26.9,1.0,58.0,57.8,2,1,1.00,CYCLE,W
IND,208,6415,59486,29/09/2021,07:19:54,15,1,28.9,1.1,356.1,356.0,2,1,1.00,CYCLE,W
IND,208,6415,59486,29/09/2021,07:20:32,15,1,22.0,1.0,38.5,38.4,2,1,1.00,CYCLE,W
IND,208,6415,59486,29/09/2021,07:20:32,15,1,22.0,1.0,0.0,0.0,2,1,1.00,CYCLE,W
IND,208,6415,59486,29/09/2021,07:21:24,15,1,29.5,1.0,51.4,51.1,2,1,1.00,CYCLE,W
IND,208,6415,59486,29/09/2021,07:21:24,15,1,29.5,1.0,0.7,0.6,2,1,1.00,CYCLE,W
IND,208,6415,59486,29/09/2021,07:21:42,15,1,28.5,1.0,18.1,18.0,2,1,1.00,CYCLE,W
IND,208,6415,59485,29/09/2021,07:21:54,15,0,18.4,1.1,1037.4,1037.2,2,1,1.00,CYCLE,E
IND,208,6415,59486,29/09/2021,07:24:24,15,1,31.0,1.1,161.6,161.5,2,1,1.00,CYCLE,W
IND,208,6415,59486,29/09/2021,07:25:32,15,1,32.5,1.0,68.5,68.3,2,1,1.00,CYCLE,W
IND,208,6415,59486,29/09/2021,07:25:53,15,1,22.1,1.0,20.3,20.2,2,1,1.00,CYCLE,W
IND,208,6415,59486,29/09/2021,07:27:21,15,1,24.8,1.0,87.9,87.7,2,1,1.00,CYCLE,W
IND,208,6415,59486,29/09/2021,07:28:54,15,1,29.4,1.1,93.8,93.6,2,1,1.00,CYCLE,W
IND,208,6415,59486,29/09/2021,07:28:56,15,1,28.5,1.0,1.6,1.5,2,1,1.00,CYCLE,W
IND,208,6415,59486,29/09/2021,07:29:40,15,1,30.1,1.2,43.6,43.5,2,1,1.00,CYCLE,W
IND,208,6415,59486,29/09/2021,07:30:28,15,1,25.3,1.0,47.9,47.8,2,1,1.00,CYCLE,W
IND,208,6415,59485,29/09/2021,07:31:18,15,0,25.5,1.0,563.8,563.6,2,1,1.00,CYCLE,E
IND,208,6415,59486,29/09/2021,07:32:02,15,1,31.6,1.0,94.5,94.4,2,1,1.00,CYCLE,W
IND,208,6415,59485,29/09/2021,07:32:28,15,0,24.4,1.0,70.4,70.2,2,1,1.00,CYCLE,E
IND,208,6415,59485,29/09/2021,07:32:50,15,0,31.1,1.0,22.2,22.0,2,1,1.00,CYCLE,E
IND,208,6415,59486,29/09/2021,07:34:03,15,1,30.2,1.0,121.2,121.1,2,1,1.00,CYCLE,W
IND,208,6415,59485,29/09/2021,07:34:59,15,0,20.3,1.0,128.7,128.6,2,1,1.00,CYCLE,E
IND,208,6415,59485,29/09/2021,07:35:52,15,0,20.2,1.1,53.1,53.0,2,1,1.00,CYCLE,E
IND,208,6415,59485,29/09/2021,07:35:59,15,0,17.8,1.0,6.8,6.6,2,1,1.00,CYCLE,E
IND,208,6415,59486,29/09/2021,07:35:59,15,1,29.6,1.1,116.0,115.9,2,1,1.00,CYCLE,W
IND,208,6415,59486,29/09/2021,07:36:53,15,1,27.7,1.0,54.1,54.0,2,1,1.00,CYCLE,W
IND,208,6415,59485,29/09/2021,07:38:00,15,0,16.2,0.8,121.0,120.8,2,1,1.00,CYCLE,E
IND,208,6415,59486,29/09/2021,07:38:20,15,1,25.0,1.0,86.8,86.7,2,1,1.00,CYCLE,W
IND,208,6415,59485,29/09/2021,07:39:50,15,0,19.4,1.0,110.0,109.8,2,1,1.00,CYCLE,E
IND,208,6415,59485,29/09/2021,07:39:54,15,0,21.7,1.0,4.2,4.0,2,1,1.00,CYCLE,E
IND,208,6415,59485,29/09/2021,07:41:39,15,0,23.7,1.0,105.2,105.1,2,1,1.00,CYCLE,E
IND,208,6415,59485,29/09/2021,07:44:57,15,0,24.2,1.1,197.9,197.8,2,1,1.00,CYCLE,E
IND,208,6415,59485,29/09/2021,07:44:58,15,0,23.4,1.0,0.3,0.2,2,1,1.00,CYCLE,E
IND,208,6415,59486,29/09/2021,07:48:46,15,1,28.4,1.0,626.1,625.9,2,1,1.00,CYCLE,W
IND,208,6415,59486,29/09/2021,07:49:06,15,1,34.1,1.0,19.9,19.8,2,1,1.00,CYCLE,W
IND,208,6415,59485,29/09/2021,07:50:08,15,0,20.1,1.0,310.1,310.0,2,1,1.00,CYCLE,E
IND,208,6415,59486,29/09/2021,07:50:34,15,1,30.0,1.1,87.5,87.5,2,1,1.00,CYCLE,W
IND,208,6415,59486,29/09/2021,07:50:57,15,1,17.7,0.7,23.7,23.6,2,1,1.00,CYCLE,W
IND,208,6415,59486,29/09/2021,07:50:59,15,1,17.2,0.6,2.0,1.9,2,1,1.00,CYCLE,W
IND,208,6415,59486,29/09/2021,07:51:37,15,1,29.9,1.0,15.1,14.7,2,1,1.00,CYCLE,W
IND,208,6415,59486,29/09/2021,07:53:49,15,1,25.2,1.0,131.9,131.8,2,1,1.00,CYCLE,W
IND,208,6415,59486,29/09/2021,07:54:37,15,1,26.7,1.0,47.7,47.5,2,1,1.00,CYCLE,W
IND,208,6415,59486,29/09/2021,07:56:07,15,1,31.6,1.0,90.2,90.0,2,1,1.00,CYCLE,W
IND,208,6415,59486,29/09/2021,07:58:04,15,1,26.8,0.9,117.2,117.0,2,1,1.00,CYCLE,W
IND,208,6415,59486,29/09/2021,08:00:41,15,1,29.3,1.0,156.4,156.3,2,1,1.00,CYCLE,W
IND,208,6415,59486,29/09/2021,08:02:10,15,1,25.4,1.0,89.9,89.8,2,1,1.00,CYCLE,W
IND,208,6415,59485,29/09/2021,08:03:36,15,0,25.6,1.1,808.1,808.0,2,1,1.00,CYCLE,E
IND,208,6415,59486,29/09/2021,08:06:53,15,1,26.2,1.1,282.2,282.0,2,1,1.00,CYCLE,W
IND,208,6415,59485,29/09/2021,08:07:42,15,0,23.7,1.0,246.0,245.9,2,1,1.00,CYCLE,E
IND,208,6415,59485,29/09/2021,08:08:12,15,0,27.7,1.1,30.6,30.4,2,1,1.00,CYCLE,E
IND,208,6415,59485,29/09/2021,08:09:49,15,0,29.2,1.0,96.3,96.1,2,1,1.00,CYCLE,E
IND,208,6415,59486,29/09/2021,08:12:59,15,1,26.7,1.1,366.0,365.8,2,1,1.00,CYCLE,W
IND,208,6415,59486,29/09/2021,08:14:45,15,1,23.5,1.0,106.6,106.5,2,1,1.00,CYCLE,W
IND,208,6415,59486,29/09/2021,08:14:49,15,1,23.8,1.1,3.4,3.2,2,1,1.00,CYCLE,W
IND,208,6415,59486,29/09/2021,08:15:23,15,1,23.9,1.1,34.2,34.1,2,1,1.00,CYCLE,W
IND,208,6415,59485,29/09/2021,08:18:35,15,0,17.3,1.0,526.6,526.5,2,1,1.00,CYCLE,E
IND,208,6415,59486,29/09/2021,08:19:49,15,1,28.2,1.0,265.8,265.7,2,1,1.00,CYCLE,W
IND,208,6415,59485,29/09/2021,08:20:42,15,0,29.7,1.1,126.8,126.6,2,1,1.00,CYCLE,E
IND,208,6415,59486,29/09/2021,08:21:31,15,1,26.4,1.0,102.5,102.3,2,1,1.00,CYCLE,W
IND,208,6415,59486,29/09/2021,08:22:16,15,1,34.2,1.0,44.6,44.5,2,1,1.00,CYCLE,W
IND,208,6415,59486,29/09/2021,08:22:16,15,1,29.2,1.1,0.8,0.7,2,1,1.00,CYCLE,W
IND,208,6415,59486,29/09/2021,08:22:30,15,1,23.2,1.0,13.3,13.1,2,1,1.00,CYCLE,W
IND,208,6415,59486,29/09/2021,08:23:16,15,1,27.1,1.0,46.4,46.2,2,1,1.00,CYCLE,W
IND,208,6415,59486,29/09/2021,08:24:12,15,1,24.2,0.9,56.2,56.1,2,1,1.00,CYCLE,W
IND,208,6415,59485,29/09/2021,08:25:03,15,0,29.6,1.1,261.2,261.1,2,1,1.00,CYCLE,E
IND,208,6415,59486,29/09/2021,08:25:50,15,1,27.9,1.0,97.8,97.7,2,1,1.00,CYCLE,W
IND,208,6415,59486,29/09/2021,08:25:52,15,1,27.4,1.1,1.5,1.3,2,1,1.00,CYCLE,W
IND,208,6415,59485,29/09/2021,08:27:10,15,0,25.6,1.0,127.1,126.9,2,1,1.00,CYCLE,E
IND,208,6415,59486,29/09/2021,08:27:26,15,1,21.9,1.1,94.5,94.4,2,1,1.00,CYCLE,W
IND,208,6415,59485,29/09/2021,08:28:04,15,0,31.3,1.0,53.7,53.5,2,1,1.00,CYCLE,E
IND,208,6415,59486,29/09/2021,08:28:06,15,1,25.0,1.0,40.3,40.1,2,1,1.00,CYCLE,W
IND,208,6415,59486,29/09/2021,08:28:55,15,1,21.4,1.1,48.9,48.8,2,1,1.00,CYCLE,W
IND,208,6415,59486,29/09/2021,08:29:11,15,1,39.4,1.1,15.9,15.7,2,1,1.00,CYCLE,W
IND,208,6415,59485,29/09/2021,08:29:45,15,0,28.4,0.9,100.8,100.7,2,1,1.00,CYCLE,E
IND,208,6415,59485,29/09/2021,08:35:48,15,0,21.2,1.0,362.8,362.7,2,1,1.00,CYCLE,E
IND,208,6415,59485,29/09/2021,08:37:16,15,0,17.9,1.1,88.6,88.4,2,1,1.00,CYCLE,E
IND,208,6415,59486,29/09/2021,08:37:54,15,1,32.2,1.0,523.2,523.1,2,1,1.00,CYCLE,W
IND,208,6415,59486,29/09/2021,08:40:38,15,1,28.8,1.0,163.8,163.7,2,1,1.00,CYCLE,W
IND,208,6415,59485,29/09/2021,08:42:20,15,0,15.9,1.1,304.1,303.9,2,1,1.00,CYCLE,E
IND,208,6415,59486,29/09/2021,08:43:11,15,1,31.1,1.0,152.6,152.4,2,1,1.00,CYCLE,W
IND,208,6415,59486,29/09/2021,08:43:44,15,1,19.9,1.0,33.6,33.5,2,1,1.00,CYCLE,W
IND,208,6415,59486,29/09/2021,08:44:13,15,1,28.3,0.9,28.6,28.4,2,1,1.00,CYCLE,W
IND,208,6415,59486,29/09/2021,08:47:59,15,1,27.9,1.0,226.3,226.1,2,1,1.00,CYCLE,W
IND,208,6415,59486,29/09/2021,08:49:13,15,1,25.0,1.0,73.6,73.4,2,1,1.00,CYCLE,W
IND,208,6415,59486,29/09/2021,08:49:57,15,1,28.8,1.0,44.6,44.4,2,1,1.00,CYCLE,W
IND,208,6415,59485,29/09/2021,08:51:35,15,0,28.1,1.0,554.6,554.4,2,1,1.00,CYCLE,E
IND,208,6415,59486,29/09/2021,08:53:41,15,1,28.9,1.0,223.8,223.7,2,1,1.00,CYCLE,W
IND,208,6415,59486,29/09/2021,08:54:24,15,1,21.9,1.0,42.4,42.3,2,1,1.00,CYCLE,W
IND,208,6415,59486,29/09/2021,08:57:43,15,1,34.4,1.0,199.1,198.9,2,1,1.00,CYCLE,W
IND,208,6415,59486,29/09/2021,08:58:19,15,1,32.9,1.1,36.5,36.4,2,1,1.00,CYCLE,W
IND,208,6415,59485,29/09/2021,08:58:34,15,0,21.7,1.1,419.5,419.4,2,1,1.00,CYCLE,E
IND,208,6415,59486,29/09/2021,08:58:41,15,1,24.5,1.0,22.3,22.2,2,1,1.00,CYCLE,W
IND,208,6415,59486,29/09/2021,08:59:35,15,1,27.6,1.0,53.3,53.2,2,1,1.00,CYCLE,W
IND,208,6415,59486,29/09/2021,09:01:05,15,1,26.0,1.0,90.6,90.5,2,1,1.00,CYCLE,W
IND,208,6415,59486,29/09/2021,09:02:23,15,1,30.7,1.1,77.3,77.2,2,1,1.00,CYCLE,W
IND,208,6415,59486,29/09/2021,09:02:24,15,1,25.9,1.1,0.9,0.7,2,1,1.00,CYCLE,W
IND,208,6415,59486,29/09/2021,09:02:54,15,1,25.0,1.0,30.3,30.1,2,1,1.00,CYCLE,W
IND,208,6415,59486,29/09/2021,09:04:01,15,1,21.5,1.0,66.9,66.8,2,1,1.00,CYCLE,W
IND,208,6415,59486,29/09/2021,09:06:44,15,1,23.2,1.2,162.8,162.7,2,1,1.00,CYCLE,W
IND,208,6415,59486,29/09/2021,09:09:35,15,1,21.8,1.1,170.9,170.7,2,1,1.00,CYCLE,W
IND,208,6415,59486,29/09/2021,09:11:34,15,1,29.1,1.0,119.4,119.2,2,1,1.00,CYCLE,W
IND,208,6415,59485,29/09/2021,09:13:50,15,0,22.9,1.0,915.5,915.3,2,1,1.00,CYCLE,E
IND,208,6415,59486,29/09/2021,09:15:02,15,1,18.4,0.9,208.0,207.9,2,1,1.00,CYCLE,W
IND,208,6415,59486,29/09/2021,09:15:21,15,1,26.7,1.0,18.9,18.7,2,1,1.00,CYCLE,W
IND,208,6415,59486,29/09/2021,09:15:22,15,1,27.2,1.0,0.8,0.7,2,1,1.00,CYCLE,W
IND,208,6415,59486,29/09/2021,09:15:28,15,1,23.6,1.1,6.9,6.8,2,1,1.00,CYCLE,W
IND,208,6415,59486,29/09/2021,09:18:08,15,1,26.4,1.0,159.3,159.2,2,1,1.00,CYCLE,W
IND,208,6415,59485,29/09/2021,09:18:24,15,0,27.9,1.0,274.4,274.2,2,1,1.00,CYCLE,E
IND,208,6415,59485,29/09/2021,09:19:49,15,0,23.4,1.0,85.2,85.0,2,1,1.00,CYCLE,E
IND,208,6415,59486,29/09/2021,09:22:39,15,1,32.1,1.0,271.3,271.1,2,1,1.00,CYCLE,W
IND,208,6415,59486,29/09/2021,09:26:39,15,1,23.8,1.1,239.6,239.5,2,1,1.00,CYCLE,W
IND,208,6415,59486,29/09/2021,09:26:40,15,1,24.3,1.0,0.9,0.8,2,1,1.00,CYCLE,W
IND,208,6415,59486,29/09/2021,09:26:40,15,1,24.3,1.0,0.0,0.0,2,1,1.00,CYCLE,W
IND,208,6415,59486,29/09/2021,09:31:32,15,1,30.1,1.0,292.3,292.8,2,1,0.80,CYCLE,W
IND,208,6415,59485,29/09/2021,09:34:51,15,0,14.7,1.1,901.1,900.9,2,1,1.00,CYCLE,E
IND,208,6415,59486,29/09/2021,09:34:53,15,1,28.9,1.1,201.4,200.5,2,1,1.00,CYCLE,W
IND,208,6415,59486,29/09/2021,09:41:43,15,1,25.9,1.0,288.7,288.1,2,1,1.00,CYCLE,W
IND,208,6415,59486,29/09/2021,09:44:59,15,1,28.3,1.0,196.1,195.9,2,1,1.00,CYCLE,W
IND,208,6415,59486,29/09/2021,09:47:16,15,1,28.1,1.1,136.9,136.8,2,1,1.00,CYCLE,W
IND,208,6415,59486,29/09/2021,09:51:20,15,1,25.7,1.1,244.1,244.0,2,1,1.00,CYCLE,W
IND,208,6415,59486,29/09/2021,09:52:02,15,1,32.2,1.0,41.8,41.6,2,1,1.00,CYCLE,W
IND,208,6415,59486,29/09/2021,09:52:15,15,1,30.4,1.0,13.7,13.6,2,1,1.00,CYCLE,W
IND,208,6415,59486,29/09/2021,09:53:16,15,1,31.5,1.0,61.1,60.9,2,1,1.00,CYCLE,W
IND,208,6415,59485,29/09/2021,09:54:27,15,0,25.5,1.0,1176.7,1176.4,2,1,1.00,CYCLE,E
IND,208,6415,59486,29/09/2021,09:54:45,15,1,20.0,1.1,88.6,88.5,2,1,1.00,CYCLE,W
IND,208,6415,59486,29/09/2021,09:54:46,15,1,19.2,0.9,1.2,1.0,2,1,1.00,CYCLE,W
IND,208,6415,59486,29/09/2021,09:54:48,15,1,19.9,1.1,2.0,1.8,2,1,1.00,CYCLE,W
IND,208,6415,59485,29/09/2021,09:56:26,15,0,16.4,1.0,119.2,119.1,2,1,1.00,CYCLE,E
IND,208,6415,59485,29/09/2021,10:00:07,15,0,24.9,1.0,220.9,220.7,2,1,1.00,CYCLE,E
IND,208,6415,59485,29/09/2021,10:00:07,15,0,24.9,1.0,0.0,0.0,2,1,1.00,CYCLE,E
IND,208,6415,59486,29/09/2021,10:00:18,15,1,25.9,1.1,329.7,329.5,2,1,1.00,CYCLE,W
IND,208,6415,59486,29/09/2021,10:00:19,15,1,25.8,1.0,0.7,0.6,2,1,1.00,CYCLE,W
IND,208,6415,59486,29/09/2021,10:02:24,15,1,23.8,1.0,125.7,125.5,2,1,1.00,CYCLE,W
IND,208,6415,59485,29/09/2021,10:07:39,15,0,35.1,1.1,451.4,451.2,2,1,1.00,CYCLE,E
IND,208,6415,59485,29/09/2021,10:09:21,15,0,18.0,1.0,101.9,101.8,2,1,1.00,CYCLE,E
IND,208,6415,59485,29/09/2021,10:09:21,15,0,18.0,1.0,0.0,0.0,2,1,1.00,CYCLE,E
IND,208,6415,59485,29/09/2021,10:10:36,15,0,23.3,1.0,75.3,75.0,2,1,1.00,CYCLE,E
IND,208,6415,59486,29/09/2021,10:12:10,15,1,25.9,1.0,586.2,586.1,2,1,1.00,CYCLE,W
IND,208,6415,59486,29/09/2021,10:13:10,15,1,23.2,1.0,59.8,59.6,2,1,1.00,CYCLE,W
IND,208,6415,59486,29/09/2021,10:13:13,15,1,31.9,1.1,3.2,3.0,2,1,1.00,CYCLE,W
IND,208,6415,59486,29/09/2021,10:19:27,15,1,27.9,1.0,374.0,373.9,2,1,1.00,CYCLE,W
IND,208,6415,59485,29/09/2021,10:21:23,15,0,22.2,1.0,647.3,647.2,2,1,1.00,CYCLE,E
IND,208,6415,59485,29/09/2021,10:22:18,15,0,23.3,1.0,54.4,54.3,2,1,1.00,CYCLE,E
IND,208,6415,59485,29/09/2021,10:23:08,15,0,21.7,1.1,49.9,49.8,2,1,1.00,CYCLE,E
IND,208,6415,59485,29/09/2021,10:23:13,15,0,21.3,1.0,4.8,4.6,2,1,1.00,CYCLE,E
IND,208,6415,59485,29/09/2021,10:25:57,15,0,28.8,1.0,164.6,164.4,2,1,1.00,CYCLE,E
IND,208,6415,59485,29/09/2021,10:26:22,15,0,19.7,1.1,24.9,24.7,2,1,1.00,CYCLE,E
IND,208,6415,59485,29/09/2021,10:29:53,15,0,20.6,1.0,210.6,210.4,2,1,1.00,CYCLE,E
IND,208,6415,59486,29/09/2021,10:34:37,15,1,28.1,1.0,910.1,909.9,2,1,1.00,CYCLE,W
IND,208,6415,59486,29/09/2021,10:35:46,15,1,27.4,1.0,68.9,68.7,2,1,1.00,CYCLE,W
IND,208,6415,59486,29/09/2021,10:39:51,15,1,23.6,1.0,244.7,244.6,2,1,1.00,CYCLE,W
IND,208,6415,59486,29/09/2021,10:41:18,15,1,23.5,1.1,87.1,86.9,2,1,1.00,CYCLE,W
IND,208,6415,59486,29/09/2021,10:44:01,15,1,24.4,1.0,162.7,162.6,2,1,1.00,CYCLE,W
IND,208,6415,59486,29/09/2021,10:44:10,15,1,30.5,1.0,9.4,9.3,2,1,1.00,CYCLE,W
IND,208,6415,59485,29/09/2021,10:44:42,15,0,9.6,1.1,889.6,889.5,2,1,1.00,CYCLE,E
IND,208,6415,59485,29/09/2021,10:44:43,15,0,10.2,1.0,1.3,0.9,2,1,1.00,CYCLE,E
IND,208,6415,59486,29/09/2021,10:49:27,15,1,25.7,1.0,316.4,316.3,2,1,1.00,CYCLE,W
IND,208,6415,59485,29/09/2021,10:49:27,15,0,18.1,1.0,283.6,283.3,2,1,1.00,CYCLE,E
IND,208,6415,59486,29/09/2021,10:50:52,15,1,24.4,1.1,85.4,85.2,2,1,1.00,CYCLE,W
IND,208,6415,59486,29/09/2021,10:51:45,15,1,26.4,1.1,53.4,53.2,2,1,1.00,CYCLE,W
IND,208,6415,59485,29/09/2021,10:56:42,15,0,20.3,1.1,434.7,434.5,2,1,1.00,CYCLE,E
IND,208,6415,59486,29/09/2021,10:56:52,15,1,22.2,1.0,306.3,306.2,2,1,1.00,CYCLE,W
IND,208,6415,59485,29/09/2021,10:59:18,15,0,23.9,1.1,155.8,155.6,2,1,1.00,CYCLE,E
IND,208,6415,59485,29/09/2021,11:04:21,15,0,16.6,1.1,0.4,0.2,2,1,1.00,CYCLE,E
IND,208,6415,59486,29/09/2021,11:09:54,15,1,26.6,1.1,534.1,533.9,2,1,1.00,CYCLE,W
IND,208,6415,59485,29/09/2021,11:14:17,15,0,18.2,1.0,595.1,594.9,2,1,1.00,CYCLE,E
IND,208,6415,59485,29/09/2021,11:15:55,15,0,21.5,1.0,98.8,98.6,2,1,1.00,CYCLE,E
IND,208,6415,59485,29/09/2021,11:15:56,15,0,22.5,1.0,0.3,0.1,2,1,1.00,CYCLE,E
IND,208,6415,59485,29/09/2021,11:15:56,15,0,21.7,1.0,0.6,0.4,2,1,1.00,CYCLE,E
IND,208,6415,59485,29/09/2021,11:17:48,15,0,19.2,1.0,112.1,112.0,2,1,1.00,CYCLE,E
IND,208,6415,59485,29/09/2021,11:22:19,15,0,27.2,1.0,270.2,270.0,2,1,1.00,CYCLE,E
IND,208,6415,59486,29/09/2021,11:22:31,15,1,25.1,1.1,757.6,757.5,2,1,1.00,CYCLE,W
IND,208,6415,59486,29/09/2021,11:29:01,15,1,23.6,1.0,389.8,389.7,2,1,1.00,CYCLE,W
IND,208,6415,59486,29/09/2021,11:31:14,15,1,27.0,1.1,133.0,132.9,2,1,1.00,CYCLE,W
IND,208,6415,59486,29/09/2021,11:34:58,15,1,21.4,1.0,224.0,223.8,2,1,1.00,CYCLE,W
IND,208,6415,59486,29/09/2021,11:34:58,15,1,21.4,1.0,0.0,0.0,2,1,1.00,CYCLE,W
IND,208,6415,59486,29/09/2021,11:37:07,15,1,24.7,1.0,128.8,128.6,2,1,1.00,CYCLE,W
IND,208,6415,59486,29/09/2021,11:39:41,15,1,21.9,1.1,153.6,153.5,2,1,1.00,CYCLE,W
IND,208,6415,59486,29/09/2021,11:39:43,15,1,23.1,1.0,2.8,2.6,2,1,1.00,CYCLE,W
IND,208,6415,59485,29/09/2021,11:40:48,15,0,21.5,1.0,1109.0,1108.9,2,1,1.00,CYCLE,E
IND,208,6415,59486,29/09/2021,11:41:45,15,1,27.7,1.0,121.2,121.1,2,1,1.00,CYCLE,W
IND,208,6415,59486,29/09/2021,11:42:43,15,1,21.6,1.1,58.0,57.9,2,1,1.00,CYCLE,W
IND,208,6415,59485,29/09/2021,11:45:47,15,0,20.1,1.1,299.3,299.1,2,1,1.00,CYCLE,E
IND,208,6415,59485,29/09/2021,11:53:44,15,0,18.7,1.0,477.1,476.9,2,1,1.20,CYCLE,E
IND,208,6415,59485,29/09/2021,11:56:13,15,0,23.8,1.1,148.8,148.5,2,1,1.00,CYCLE,E
IND,208,6415,59485,29/09/2021,11:57:54,15,0,25.2,1.0,101.8,101.6,2,1,1.00,CYCLE,E
IND,208,6415,59486,29/09/2021,11:57:57,15,1,26.7,1.0,914.8,914.6,2,1,1.00,CYCLE,W
IND,208,6415,59486,29/09/2021,11:58:03,15,1,26.9,1.0,5.9,5.8,2,1,1.00,CYCLE,W
IND,208,6415,59485,29/09/2021,11:58:11,15,0,30.4,1.2,16.6,16.4,2,1,1.00,CYCLE,E
IND,208,6415,59486,29/09/2021,11:58:55,15,1,26.1,1.1,51.9,51.8,2,1,1.00,CYCLE,W
IND,208,6415,59486,29/09/2021,12:00:05,15,1,25.7,1.1,69.3,69.2,2,1,1.00,CYCLE,W
IND,208,6415,59485,29/09/2021,12:00:44,15,0,22.1,1.0,152.7,152.5,2,1,0.80,CYCLE,E
IND,208,6415,59486,29/09/2021,12:01:22,15,1,28.1,1.0,76.9,76.8,2,1,1.00,CYCLE,W
IND,208,6415,59486,29/09/2021,12:02:23,15,1,25.4,1.0,61.4,61.3,2,1,1.00,CYCLE,W
IND,208,6415,59485,29/09/2021,12:05:05,15,0,27.2,1.0,261.6,261.5,2,1,1.00,CYCLE,E
IND,208,6415,59485,29/09/2021,12:07:51,15,0,21.0,1.0,165.8,165.7,2,1,1.00,CYCLE,E
IND,208,6415,59486,29/09/2021,12:11:23,15,1,23.0,1.1,540.0,539.9,2,1,1.00,CYCLE,W
IND,208,6415,59485,29/09/2021,12:12:34,15,0,19.3,1.0,283.3,283.1,2,1,1.00,CYCLE,E
IND,208,6415,59486,29/09/2021,12:14:30,15,1,21.5,1.0,187.4,187.2,2,1,1.00,CYCLE,W
IND,208,6415,59486,29/09/2021,12:17:15,15,1,26.6,1.0,164.8,164.6,2,1,1.00,CYCLE,W
IND,208,6415,59485,29/09/2021,12:18:29,15,0,16.2,1.1,273.1,273.0,2,1,1.00,CYCLE,E
IND,208,6415,59486,29/09/2021,12:18:47,15,1,8.7,1.0,91.9,91.9,2,1,1.00,CYCLE,W
IND,208,6415,59486,29/09/2021,12:20:58,15,1,25.1,1.0,130.5,130.0,2,1,1.00,CYCLE,W
IND,208,6415,59486,29/09/2021,12:21:20,15,1,16.6,1.1,22.0,21.9,2,1,1.00,CYCLE,W
IND,208,6415,59486,29/09/2021,12:22:06,15,1,29.1,1.0,46.1,45.8,2,1,1.00,CYCLE,W
IND,208,6415,59486,29/09/2021,12:24:49,15,1,22.1,1.0,163.1,163.0,2,1,1.00,CYCLE,W
IND,208,6415,59485,29/09/2021,12:24:54,15,0,19.5,1.0,385.4,385.2,2,1,1.00,CYCLE,E
IND,208,6415,59486,29/09/2021,12:25:31,15,1,25.4,1.0,41.9,41.7,2,1,1.00,CYCLE,W
IND,208,6415,59485,29/09/2021,12:26:04,15,0,23.3,1.1,69.6,69.4,2,1,1.00,CYCLE,E
IND,208,6415,59486,29/09/2021,12:28:35,15,1,28.0,1.0,184.6,184.4,2,1,1.00,CYCLE,W
IND,208,6415,59485,29/09/2021,12:29:29,15,0,20.9,1.0,204.9,204.8,2,1,1.00,CYCLE,E
IND,208,6415,59485,29/09/2021,12:29:36,15,0,13.7,1.0,7.3,7.1,2,1,1.00,CYCLE,E
IND,208,6415,59486,29/09/2021,12:29:51,15,1,22.8,1.0,75.7,75.6,2,1,1.00,CYCLE,W
IND,208,6415,59486,29/09/2021,12:29:51,15,1,23.5,1.0,0.3,0.2,2,1,1.00,CYCLE,W
IND,208,6415,59486,29/09/2021,12:29:51,15,1,23.5,1.0,0.0,0.0,2,1,1.00,CYCLE,W
IND,208,6415,59486,29/09/2021,12:33:52,15,1,26.1,1.1,12.1,11.7,2,1,1.00,CYCLE,W
IND,208,6415,59486,29/09/2021,12:34:36,15,1,16.8,1.0,44.9,44.7,2,1,1.00,CYCLE,W
IND,208,6415,59486,29/09/2021,12:35:10,15,1,27.9,1.0,33.9,33.6,2,1,1.00,CYCLE,W
IND,208,6415,59486,29/09/2021,12:35:46,15,1,34.9,1.0,35.3,35.2,2,1,1.00,CYCLE,W
IND,208,6415,59485,29/09/2021,12:38:34,15,0,23.8,1.0,538.3,538.1,2,1,1.00,CYCLE,E
IND,208,6415,59485,29/09/2021,12:40:39,15,0,25.0,1.0,124.8,124.6,2,1,1.00,CYCLE,E
IND,208,6415,59486,29/09/2021,12:42:36,15,1,31.9,1.0,410.2,410.1,2,1,1.00,CYCLE,W
IND,208,6415,59485,29/09/2021,12:47:48,15,0,22.6,1.1,428.9,428.8,2,1,1.00,CYCLE,E
IND,208,6415,59486,29/09/2021,12:50:23,15,1,27.2,1.0,337.3,337.2,2,1,1.00,CYCLE,W
IND,208,6415,59486,29/09/2021,12:51:50,15,1,28.4,1.1,87.0,86.8,2,1,1.00,CYCLE,W
IND,208,6415,59486,29/09/2021,12:56:11,15,1,26.7,1.1,260.7,260.6,2,1,1.00,CYCLE,W
IND,208,6415,59485,29/09/2021,12:56:29,15,0,23.0,1.0,520.5,520.3,2,1,1.00,CYCLE,E
IND,208,6415,59485,29/09/2021,12:57:32,15,0,23.1,1.1,63.9,63.7,2,1,1.00,CYCLE,E
IND,208,6415,59485,29/09/2021,12:58:20,15,0,19.4,1.1,48.0,47.8,2,1,1.00,CYCLE,E
IND,208,6415,59486,29/09/2021,12:58:57,15,1,23.6,1.1,165.8,165.6,2,1,1.00,CYCLE,W
IND,208,6415,59486,29/09/2021,12:58:58,15,1,25.1,1.0,0.6,0.5,2,1,1.00,CYCLE,W
IND,208,6415,59486,29/09/2021,13:02:43,15,1,26.4,1.1,22.2,22.0,2,1,1.00,CYCLE,W
IND,208,6415,59486,29/09/2021,13:02:49,15,1,26.9,1.0,5.9,5.8,2,1,1.00,CYCLE,W
IND,208,6415,59485,29/09/2021,13:03:05,15,0,20.6,1.0,284.1,283.9,2,1,1.00,CYCLE,E
IND,208,6415,59486,29/09/2021,13:03:20,15,1,25.8,1.0,30.1,30.0,2,1,1.00,CYCLE,W
IND,208,6415,59486,29/09/2021,13:03:41,15,1,21.1,1.0,21.2,21.1,2,1,1.00,CYCLE,W
IND,208,6415,59485,29/09/2021,13:04:11,15,0,23.2,1.0,66.3,66.2,2,1,1.00,CYCLE,E
IND,208,6415,59485,29/09/2021,13:04:55,15,0,30.0,1.0,44.0,43.9,2,1,1.00,CYCLE,E
IND,208,6415,59486,29/09/2021,13:05:25,15,1,24.9,1.1,104.7,104.5,2,1,1.00,CYCLE,W
IND,208,6415,59485,29/09/2021,13:07:43,15,0,23.1,0.9,168.4,168.3,2,1,1.00,CYCLE,E
IND,208,6415,59486,29/09/2021,13:07:52,15,1,29.6,1.1,147.0,146.8,2,1,1.00,CYCLE,W
IND,208,6415,59485,29/09/2021,13:08:15,15,0,26.0,1.0,31.9,31.7,2,1,1.00,CYCLE,E
IND,208,6415,59485,29/09/2021,13:09:05,15,0,21.4,1.1,49.4,49.3,2,1,1.00,CYCLE,E
IND,208,6415,59486,29/09/2021,13:11:10,15,1,31.7,1.0,197.6,197.5,2,1,1.00,CYCLE,W
IND,208,6415,59485,29/09/2021,13:14:28,15,0,24.5,1.0,323.2,323.0,2,1,1.00,CYCLE,E
IND,208,6415,59486,29/09/2021,13:16:45,15,1,31.2,1.0,334.6,334.5,2,1,1.00,CYCLE,W
IND,208,6415,59486,29/09/2021,13:17:48,15,1,25.9,1.1,63.8,63.7,2,1,1.00,CYCLE,W
IND,208,6415,59485,29/09/2021,13:18:11,15,0,30.7,1.0,223.2,223.1,2,1,1.00,CYCLE,E
IND,208,6415,59485,29/09/2021,13:18:38,15,0,9.6,1.1,27.2,27.1,2,1,1.00,CYCLE,E
IND,208,6415,59486,29/09/2021,13:19:19,15,1,30.3,1.0,90.7,90.5,2,1,1.00,CYCLE,W
IND,208,6415,59486,29/09/2021,13:20:11,15,1,27.5,1.0,51.8,51.7,2,1,1.00,CYCLE,W
IND,208,6415,59485,29/09/2021,13:20:25,15,0,24.9,1.1,106.3,105.9,2,1,1.00,CYCLE,E
IND,208,6415,59486,29/09/2021,13:20:45,15,1,28.2,0.9,33.8,33.6,2,1,1.00,CYCLE,W
IND,208,6415,59485,29/09/2021,13:21:32,15,0,21.5,1.1,67.5,67.3,2,1,1.00,CYCLE,E
IND,208,6415,59485,29/09/2021,13:24:09,15,0,21.6,1.1,157.3,157.1,2,1,1.00,CYCLE,E
IND,208,6415,59486,29/09/2021,13:25:22,15,1,31.1,1.0,277.4,277.2,2,1,1.00,CYCLE,W
IND,208,6415,59485,29/09/2021,13:25:59,15,0,19.5,1.0,110.0,109.8,2,1,1.00,CYCLE,E
IND,208,6415,59486,29/09/2021,13:30:54,15,1,29.6,1.0,332.4,332.3,2,1,1.00,CYCLE,W
IND,208,6415,59485,29/09/2021,13:31:53,15,0,25.1,1.1,353.9,353.7,2,1,1.00,CYCLE,E
IND,208,6415,59485,29/09/2021,13:33:23,15,0,18.9,1.0,89.4,89.2,2,1,1.00,CYCLE,E
IND,208,6415,59486,29/09/2021,13:33:31,15,1,28.6,1.0,156.7,156.5,2,1,1.00,CYCLE,W
IND,208,6415,59486,29/09/2021,13:34:16,15,1,29.2,1.0,44.4,44.3,2,1,1.00,CYCLE,W
IND,208,6415,59486,29/09/2021,13:35:02,15,1,29.0,1.0,46.9,46.8,2,1,1.00,CYCLE,W
IND,208,6415,59486,29/09/2021,13:41:26,15,1,27.1,1.0,383.4,383.3,2,1,1.00,CYCLE,W
IND,208,6415,59485,29/09/2021,13:41:26,15,0,22.2,1.0,483.6,483.4,2,1,1.00,CYCLE,E
IND,208,6415,59486,29/09/2021,13:43:39,15,1,23.0,1.0,133.1,133.0,2,1,1.00,CYCLE,W
IND,208,6415,59486,29/09/2021,13:43:50,15,1,26.3,1.0,11.0,10.8,2,1,1.00,CYCLE,W
IND,208,6415,59485,29/09/2021,13:44:51,15,0,22.5,1.0,204.3,204.1,2,1,1.00,CYCLE,E
IND,208,6415,59486,29/09/2021,13:47:10,15,1,31.9,1.0,200.5,200.3,2,1,1.00,CYCLE,W
IND,208,6415,59485,29/09/2021,13:47:57,15,0,23.2,1.0,40.3,40.2,2,1,1.00,CYCLE,E
IND,208,6415,59485,29/09/2021,13:47:57,15,0,23.2,1.0,0.0,0.0,2,1,1.00,CYCLE,E
IND,208,6415,59486,29/09/2021,13:49:51,15,1,25.1,1.0,160.7,160.6,2,1,1.00,CYCLE,W
IND,208,6415,59485,29/09/2021,13:50:16,15,0,17.5,1.1,138.4,138.2,2,1,1.00,CYCLE,E
IND,208,6415,59486,29/09/2021,13:51:33,15,1,25.1,1.0,101.9,101.8,2,1,1.00,CYCLE,W
IND,208,6415,59486,29/09/2021,13:51:37,15,1,29.1,1.0,3.8,3.6,2,1,1.00,CYCLE,W
IND,208,6415,59485,29/09/2021,13:54:03,15,0,25.1,1.0,227.0,226.7,2,1,1.00,CYCLE,E
IND,208,6415,59485,29/09/2021,13:55:07,15,0,19.5,1.1,64.5,64.4,2,1,1.00,CYCLE,E
IND,208,6415,59486,29/09/2021,13:58:29,15,1,30.2,1.1,411.7,411.6,2,1,1.00,CYCLE,W
IND,208,6415,59486,29/09/2021,14:01:02,15,1,11.5,1.0,152.9,152.8,2,1,1.00,CYCLE,W
IND,208,6415,59486,29/09/2021,14:01:03,15,1,10.3,1.0,1.1,0.8,2,1,1.00,CYCLE,W
IND,208,6415,59486,29/09/2021,14:10:17,15,1,26.8,1.0,554.1,553.7,2,1,1.00,CYCLE,W
IND,208,6415,59486,29/09/2021,14:10:37,15,1,24.4,1.0,20.1,20.0,2,1,1.00,CYCLE,W
IND,208,6415,59486,29/09/2021,14:10:37,15,1,24.4,1.0,0.0,0.0,2,1,1.00,CYCLE,W
IND,208,6415,59486,29/09/2021,14:11:46,15,1,22.9,1.1,69.0,68.8,2,1,1.00,CYCLE,W
IND,208,6415,59486,29/09/2021,14:17:58,15,1,22.3,1.1,372.0,371.9,2,1,1.00,CYCLE,W
IND,208,6415,59486,29/09/2021,14:18:54,15,1,24.0,1.1,55.8,55.7,2,1,1.00,CYCLE,W
IND,208,6415,59485,29/09/2021,14:21:05,15,0,20.4,1.1,669.0,669.0,2,1,1.00,CYCLE,E
IND,208,6415,59486,29/09/2021,14:22:03,15,1,24.6,1.0,189.3,189.1,2,1,1.00,CYCLE,W
IND,208,6415,59486,29/09/2021,14:22:05,15,1,24.6,1.0,1.8,1.7,2,1,1.00,CYCLE,W
IND,208,6415,59486,29/09/2021,14:22:06,15,1,23.7,1.0,0.7,0.5,2,1,1.00,CYCLE,W
IND,208,6415,59485,29/09/2021,14:23:29,15,0,23.7,1.1,144.8,144.6,2,1,1.00,CYCLE,E
IND,208,6415,59485,29/09/2021,14:23:35,15,0,14.0,1.1,5.9,5.7,2,1,1.00,CYCLE,E
IND,208,6415,59485,29/09/2021,14:25:31,15,0,22.1,1.1,115.7,115.4,2,1,1.00,CYCLE,E
IND,208,6415,59486,29/09/2021,14:26:50,15,1,4.4,1.0,284.6,284.8,2,1,0.57,CYCLE,W
IND,208,6415,59486,29/09/2021,14:26:50,15,1,4.4,1.0,0.0,0.0,2,1,0.57,CYCLE,W
IND,208,6415,59486,29/09/2021,14:26:54,15,1,27.7,1.1,4.3,2.8,2,1,1.00,CYCLE,W
IND,208,6415,59486,29/09/2021,14:27:24,15,1,20.7,1.0,29.9,29.7,2,1,1.00,CYCLE,W
IND,208,6415,59486,29/09/2021,14:27:26,15,1,19.8,1.0,1.4,1.2,2,1,1.00,CYCLE,W
IND,208,6415,59486,29/09/2021,14:27:40,15,1,25.2,1.0,14.4,14.2,2,1,1.00,CYCLE,W
IND,208,6415,59485,29/09/2021,14:28:18,15,0,16.3,1.1,166.9,166.7,2,1,1.00,CYCLE,E
IND,208,6415,59486,29/09/2021,14:29:31,15,1,23.8,1.1,111.0,110.9,2,1,1.00,CYCLE,W
IND,208,6415,59486,29/09/2021,14:29:37,15,1,20.4,1.0,6.1,5.9,2,1,1.00,CYCLE,W
IND,208,6415,59486,29/09/2021,14:29:38,15,1,21.5,1.1,0.7,0.5,2,1,1.00,CYCLE,W
IND,208,6415,59485,29/09/2021,14:32:54,15,0,19.7,1.1,71.1,70.9,2,1,1.00,CYCLE,E
IND,208,6415,59485,29/09/2021,14:36:23,15,0,23.4,1.0,208.2,208.1,2,1,1.00,CYCLE,E
IND,208,6415,59485,29/09/2021,14:36:54,15,0,18.1,1.0,31.1,30.9,2,1,0.29,CYCLE,E
IND,208,6415,59485,29/09/2021,14:37:25,15,0,27.1,1.1,30.9,30.3,2,1,1.00,CYCLE,E
IND,208,6415,59485,29/09/2021,14:38:26,15,0,25.2,1.1,61.2,61.1,2,1,1.00,CYCLE,E
IND,208,6415,59485,29/09/2021,14:38:31,15,0,23.6,1.1,5.2,5.1,2,1,1.00,CYCLE,E
IND,208,6415,59486,29/09/2021,14:38:51,15,1,22.5,1.1,553.5,553.3,2,1,1.00,CYCLE,W
IND,208,6415,59485,29/09/2021,14:42:07,15,0,13.8,1.0,215.9,215.8,2,1,1.00,CYCLE,E
IND,208,6415,59485,29/09/2021,14:42:07,15,0,13.8,1.0,0.0,0.0,2,1,1.00,CYCLE,E
IND,208,6415,59486,29/09/2021,14:45:00,15,1,26.0,1.0,369.1,368.9,2,1,1.00,CYCLE,W
IND,208,6415,59485,29/09/2021,14:45:35,15,0,27.8,1.0,208.0,207.7,2,1,1.00,CYCLE,E
IND,208,6415,59486,29/09/2021,14:47:47,15,1,19.9,1.0,166.4,166.3,2,1,1.00,CYCLE,W
IND,208,6415,59486,29/09/2021,14:47:48,15,1,20.5,1.0,1.2,1.1,2,1,1.00,CYCLE,W
IND,208,6415,59486,29/09/2021,14:47:49,15,1,19.1,1.1,0.8,0.6,2,1,1.00,CYCLE,W
IND,208,6415,59486,29/09/2021,14:47:50,15,1,22.0,1.1,1.0,0.7,2,1,1.00,CYCLE,W
IND,208,6415,59486,29/09/2021,14:47:51,15,1,23.1,1.2,1.0,0.8,2,1,1.00,CYCLE,W
IND,208,6415,59486,29/09/2021,14:47:54,15,1,20.6,1.1,3.3,3.1,2,1,1.00,CYCLE,W
IND,208,6415,59485,29/09/2021,14:48:20,15,0,15.7,1.1,164.8,164.6,2,1,1.00,CYCLE,E
IND,208,6415,59486,29/09/2021,14:48:50,15,1,24.8,1.0,55.5,55.3,2,1,1.00,CYCLE,W
IND,208,6415,59485,29/09/2021,14:51:16,15,0,16.7,1.1,176.7,176.4,2,1,1.00,CYCLE,E
IND,208,6415,59486,29/09/2021,14:53:57,15,1,20.7,1.1,307.7,307.6,2,1,1.00,CYCLE,W
IND,208,6415,59486,29/09/2021,14:53:58,15,1,20.9,1.1,1.1,0.9,2,1,1.00,CYCLE,W
IND,208,6415,59486,29/09/2021,14:54:00,15,1,21.1,1.0,1.3,1.1,2,1,1.00,CYCLE,W
IND,208,6415,59486,29/09/2021,14:54:01,15,1,21.9,1.0,1.0,0.8,2,1,1.00,CYCLE,W
IND,208,6415,59485,29/09/2021,14:54:08,15,0,13.7,1.1,172.1,171.9,2,1,1.00,CYCLE,E
IND,208,6415,59485,29/09/2021,14:57:20,15,0,23.3,1.1,192.0,191.7,2,1,1.00,CYCLE,E
IND,208,6415,59486,29/09/2021,14:57:46,15,1,34.6,1.0,225.7,225.5,2,1,1.00,CYCLE,W
IND,208,6415,59486,29/09/2021,15:00:38,15,1,29.9,1.1,171.3,171.2,2,1,1.00,CYCLE,W
IND,208,6415,59485,29/09/2021,15:01:43,15,0,21.7,1.1,262.9,262.8,2,1,1.00,CYCLE,E
IND,208,6415,59486,29/09/2021,15:02:13,15,1,28.1,1.1,95.2,95.0,2,1,1.00,CYCLE,W
IND,208,6415,59486,29/09/2021,15:02:16,15,1,24.3,1.0,3.6,3.5,2,1,1.00,CYCLE,W
IND,208,6415,59485,29/09/2021,15:03:39,15,0,14.3,1.1,116.2,116.0,2,1,1.00,CYCLE,E
IND,208,6415,59486,29/09/2021,15:04:36,15,1,21.9,1.0,139.4,139.3,2,1,1.00,CYCLE,W
IND,208,6415,59486,29/09/2021,15:04:37,15,1,22.2,1.0,0.9,0.7,2,1,1.00,CYCLE,W
IND,208,6415,59486,29/09/2021,15:04:52,15,1,28.3,1.0,15.5,15.3,2,1,1.00,CYCLE,W
IND,208,6415,59485,29/09/2021,15:05:39,15,0,18.1,1.1,119.7,119.5,2,1,1.00,CYCLE,E
IND,208,6415,59486,29/09/2021,15:06:04,15,1,29.9,1.1,72.0,71.9,2,1,1.00,CYCLE,W
IND,208,6415,59485,29/09/2021,15:08:01,15,0,24.7,1.0,142.3,142.0,2,1,1.00,CYCLE,E
IND,208,6415,59485,29/09/2021,15:09:27,15,0,20.0,1.1,85.8,85.7,2,1,1.00,CYCLE,E
IND,208,6415,59485,29/09/2021,15:10:06,15,0,22.4,1.0,38.9,38.7,2,1,1.00,CYCLE,E
IND,208,6415,59485,29/09/2021,15:10:28,15,0,20.1,1.0,21.9,21.8,2,1,1.00,CYCLE,E
IND,208,6415,59485,29/09/2021,15:10:30,15,0,20.5,1.1,1.3,1.2,2,1,1.00,CYCLE,E
IND,208,6415,59485,29/09/2021,15:11:11,15,0,21.7,1.1,41.0,40.8,2,1,1.00,CYCLE,E
IND,208,6415,59486,29/09/2021,15:12:12,15,1,26.7,1.1,368.0,367.9,2,1,1.00,CYCLE,W
IND,208,6415,59485,29/09/2021,15:13:57,15,0,22.2,1.0,166.2,166.0,2,1,1.00,CYCLE,E
IND,208,6415,59485,29/09/2021,15:14:36,15,0,15.0,1.0,38.9,38.7,2,1,1.00,CYCLE,E
IND,208,6415,59485,29/09/2021,15:14:37,15,0,13.8,1.1,1.5,1.2,2,1,1.00,CYCLE,E
IND,208,6415,59485,29/09/2021,15:14:39,15,0,14.2,1.1,1.5,1.2,2,1,1.00,CYCLE,E
IND,208,6415,59485,29/09/2021,15:14:41,15,0,14.5,1.1,2.1,1.8,2,1,1.00,CYCLE,E
IND,208,6415,59486,29/09/2021,15:14:44,15,1,25.0,1.1,151.6,151.5,2,1,1.00,CYCLE,W
IND,208,6415,59485,29/09/2021,15:15:57,15,0,18.7,1.0,76.2,75.9,2,1,1.00,CYCLE,E
IND,208,6415,59485,29/09/2021,15:16:06,15,0,10.6,1.1,9.3,9.1,2,1,1.00,CYCLE,E
IND,208,6415,59485,29/09/2021,15:17:27,15,0,23.4,1.0,80.9,80.6,2,1,1.00,CYCLE,E
IND,208,6415,59485,29/09/2021,15:18:20,15,0,23.5,1.0,52.9,52.8,2,1,1.00,CYCLE,E
IND,208,6415,59485,29/09/2021,15:18:57,15,0,25.0,1.0,37.2,37.0,2,1,1.00,CYCLE,E
IND,208,6415,59485,29/09/2021,15:19:27,15,0,14.5,1.1,29.5,29.3,2,1,1.00,CYCLE,E
IND,208,6415,59485,29/09/2021,15:19:27,15,0,14.3,0.9,0.8,0.5,2,1,1.00,CYCLE,E
IND,208,6415,59485,29/09/2021,15:19:28,15,0,14.3,1.1,1.0,0.8,2,1,1.00,CYCLE,E
IND,208,6415,59486,29/09/2021,15:20:23,15,1,25.3,1.0,338.9,338.8,2,1,1.00,CYCLE,W
IND,208,6415,59486,29/09/2021,15:21:44,15,1,28.2,1.0,81.6,81.5,2,1,1.00,CYCLE,W
IND,208,6415,59485,29/09/2021,15:23:48,15,0,21.6,1.1,260.0,259.8,2,1,1.00,CYCLE,E
IND,208,6415,59485,29/09/2021,15:25:27,15,0,12.4,0.9,98.8,98.7,2,1,1.00,CYCLE,E
IND,208,6415,59485,29/09/2021,15:25:28,15,0,13.3,1.1,0.9,0.6,2,1,1.00,CYCLE,E
IND,208,6415,59486,29/09/2021,15:26:02,15,1,26.4,1.1,258.0,257.9,2,1,1.00,CYCLE,W
IND,208,6415,59486,29/09/2021,15:27:54,15,1,25.5,1.0,111.8,111.6,2,1,1.00,CYCLE,W
IND,208,6415,59486,29/09/2021,15:27:54,15,1,25.5,1.0,0.0,0.0,2,1,1.00,CYCLE,W
IND,208,6415,59486,29/09/2021,15:28:22,15,1,26.9,1.0,27.4,27.2,2,1,1.00,CYCLE,W
IND,208,6415,59486,29/09/2021,15:28:22,15,1,26.9,1.0,0.0,0.0,2,1,1.00,CYCLE,W
IND,208,6415,59486,29/09/2021,15:31:21,15,1,29.5,1.0,179.2,179.0,2,1,1.00,CYCLE,W
IND,208,6415,59485,29/09/2021,15:33:23,15,0,22.4,1.1,218.4,218.1,2,1,1.00,CYCLE,E
IND,208,6415,59486,29/09/2021,15:33:35,15,1,26.4,1.0,134.6,134.5,2,1,1.00,CYCLE,W
IND,208,6415,59485,29/09/2021,15:34:19,15,0,13.7,1.1,56.0,55.8,2,1,1.00,CYCLE,E
IND,208,6415,59486,29/09/2021,15:36:31,15,1,21.7,1.2,175.1,175.0,2,1,1.00,CYCLE,W
IND,208,6415,59486,29/09/2021,15:36:37,15,1,25.0,1.0,5.9,5.7,2,1,1.00,CYCLE,W
IND,208,6415,59485,29/09/2021,15:36:45,15,0,20.5,1.1,146.0,145.8,2,1,1.00,CYCLE,E
IND,208,6415,59486,29/09/2021,15:42:14,15,1,27.4,1.0,337.5,337.3,2,1,1.00,CYCLE,W
IND,208,6415,59486,29/09/2021,15:42:29,15,1,26.7,1.1,15.5,15.4,2,1,1.00,CYCLE,W
IND,208,6415,59485,29/09/2021,15:43:19,15,0,17.1,1.1,237.5,237.2,2,1,1.00,CYCLE,E
IND,208,6415,59486,29/09/2021,15:50:26,15,1,21.5,1.1,476.4,476.2,2,1,1.00,CYCLE,W
IND,208,6415,59485,29/09/2021,15:51:23,15,0,21.5,1.0,484.0,483.8,2,1,1.00,CYCLE,E
IND,208,6415,59486,29/09/2021,15:53:43,15,1,22.2,1.0,197.4,197.2,2,1,1.00,CYCLE,W
IND,208,6415,59486,29/09/2021,15:53:44,15,1,24.1,1.1,0.3,0.1,2,1,1.00,CYCLE,W
IND,208,6415,59486,29/09/2021,15:53:56,15,1,32.0,1.0,12.0,11.8,2,1,1.00,CYCLE,W
IND,208,6415,59485,29/09/2021,15:56:14,15,0,24.0,1.0,290.4,290.2,2,1,1.00,CYCLE,E
IND,208,6415,59485,29/09/2021,15:56:14,15,0,24.0,1.0,0.0,0.0,2,1,1.00,CYCLE,E
IND,208,6415,59485,29/09/2021,16:00:33,15,0,27.3,1.2,259.1,258.9,2,1,1.00,CYCLE,E
IND,208,6415,59485,29/09/2021,16:00:33,15,0,25.7,1.2,0.6,0.4,2,1,1.00,CYCLE,E
IND,208,6415,59485,29/09/2021,16:01:22,15,0,25.6,1.0,49.1,48.9,2,1,1.00,CYCLE,E
IND,208,6415,59486,29/09/2021,16:01:36,15,1,28.2,1.1,460.1,460.0,2,1,1.00,CYCLE,W
IND,208,6415,59485,29/09/2021,16:02:26,15,0,16.7,1.1,39.4,39.2,2,1,1.00,CYCLE,E
IND,208,6415,59485,29/09/2021,16:03:56,15,0,19.7,1.0,90.6,90.4,2,1,1.00,CYCLE,E
IND,208,6415,59485,29/09/2021,16:04:19,15,0,13.2,1.1,22.6,22.4,2,1,1.00,CYCLE,E
IND,208,6415,59485,29/09/2021,16:04:41,15,0,14.8,1.0,22.0,21.7,2,1,1.00,CYCLE,E
IND,208,6415,59486,29/09/2021,16:08:15,15,1,28.0,1.1,399.7,399.6,2,1,1.00,CYCLE,W
IND,208,6415,59485,29/09/2021,16:08:27,15,0,33.8,1.1,214.7,214.7,2,1,1.00,CYCLE,E
IND,208,6415,59486,29/09/2021,16:10:04,15,1,26.2,1.0,109.1,109.0,2,1,1.00,CYCLE,W
IND,208,6415,59486,29/09/2021,16:10:47,15,1,28.1,1.0,43.0,42.9,2,1,1.00,CYCLE,W
IND,208,6415,59486,29/09/2021,16:14:17,15,1,30.3,1.0,209.8,209.6,2,1,1.00,CYCLE,W
IND,208,6415,59485,29/09/2021,16:15:48,15,0,15.9,1.0,441.4,441.3,2,1,1.00,CYCLE,E
IND,208,6415,59485,29/09/2021,16:15:50,15,0,14.2,1.1,1.3,1.1,2,1,1.00,CYCLE,E
IND,208,6415,59485,29/09/2021,16:15:52,15,0,17.8,1.1,2.4,2.1,2,1,1.00,CYCLE,E
IND,208,6415,59485,29/09/2021,16:15:53,15,0,13.7,1.1,0.3,0.1,2,1,1.00,CYCLE,E
IND,208,6415,59485,29/09/2021,16:15:53,15,0,14.8,1.0,0.8,0.5,2,1,1.00,CYCLE,E
IND,208,6415,59485,29/09/2021,16:16:48,15,0,18.7,1.0,54.9,54.7,2,1,1.00,CYCLE,E
IND,208,6415,59485,29/09/2021,16:17:02,15,0,22.0,1.0,13.6,13.4,2,1,1.00,CYCLE,E
IND,208,6415,59485,29/09/2021,16:23:07,15,0,22.3,1.1,365.1,365.0,2,1,1.00,CYCLE,E
IND,208,6415,59485,29/09/2021,16:23:12,15,0,25.2,1.1,5.1,4.9,2,1,1.00,CYCLE,E
IND,208,6415,59485,29/09/2021,16:23:18,15,0,21.5,1.0,5.8,5.6,2,1,1.00,CYCLE,E
IND,208,6415,59485,29/09/2021,16:28:20,15,0,25.5,1.1,301.8,301.6,2,1,1.00,CYCLE,E
IND,208,6415,59485,29/09/2021,16:28:53,15,0,25.3,1.0,33.5,33.3,2,1,1.00,CYCLE,E
IND,208,6415,59485,29/09/2021,16:29:30,15,0,18.3,1.0,37.1,36.9,2,1,1.00,CYCLE,E
IND,208,6415,59486,29/09/2021,16:30:20,15,1,23.7,1.0,963.2,963.2,2,1,0.80,CYCLE,W
IND,208,6415,59486,29/09/2021,16:31:10,15,1,36.0,1.0,49.7,49.3,2,1,1.00,CYCLE,W
IND,208,6415,59485,29/09/2021,16:31:44,15,0,15.8,1.0,133.3,133.1,2,1,1.14,CYCLE,E
IND,208,6415,59485,29/09/2021,16:33:06,15,0,18.0,1.0,82.0,81.8,2,1,1.00,CYCLE,E
IND,208,6415,59485,29/09/2021,16:33:11,15,0,23.3,1.1,5.1,4.9,2,1,1.00,CYCLE,E
IND,208,6415,59486,29/09/2021,16:34:01,15,1,23.4,1.1,171.0,170.9,2,1,1.00,CYCLE,W
IND,208,6415,59485,29/09/2021,16:35:36,15,0,25.7,1.0,145.8,145.6,2,1,1.00,CYCLE,E
IND,208,6415,59485,29/09/2021,16:35:37,15,0,25.3,1.0,1.0,0.8,2,1,1.00,CYCLE,E
IND,208,6415,59486,29/09/2021,16:36:09,15,1,28.2,1.1,128.1,127.9,2,1,1.00,CYCLE,W
IND,208,6415,59485,29/09/2021,16:36:36,15,0,14.0,1.1,58.7,58.5,2,1,1.00,CYCLE,E
IND,208,6415,59486,29/09/2021,16:38:01,15,1,27.4,1.0,111.5,111.3,2,1,1.00,CYCLE,W
IND,208,6415,59486,29/09/2021,16:38:07,15,1,36.4,1.0,6.8,6.6,2,1,1.00,CYCLE,W
IND,208,6415,59485,29/09/2021,16:38:08,15,0,23.9,1.1,91.9,91.6,2,1,1.00,CYCLE,E
IND,208,6415,59486,29/09/2021,16:38:27,15,1,26.3,0.9,19.7,19.6,2,1,1.00,CYCLE,W
IND,208,6415,59485,29/09/2021,16:38:44,15,0,23.9,1.0,35.6,35.4,2,1,1.00,CYCLE,E
IND,208,6415,59485,29/09/2021,16:39:17,15,0,24.1,1.0,33.2,33.1,2,1,1.00,CYCLE,E
IND,208,6415,59485,29/09/2021,16:39:59,15,0,16.4,1.0,42.0,41.9,2,1,1.00,CYCLE,E
IND,208,6415,59486,29/09/2021,16:42:05,15,1,16.7,1.1,218.0,217.9,2,1,1.00,CYCLE,W
IND,208,6415,59486,29/09/2021,16:43:51,15,1,21.6,1.0,106.1,105.8,2,1,1.00,CYCLE,W
IND,208,6415,59486,29/09/2021,16:43:54,15,1,21.6,1.0,2.4,2.3,2,1,1.00,CYCLE,W
IND,208,6415,59486,29/09/2021,16:44:23,15,1,28.6,1.0,29.3,29.1,2,1,1.00,CYCLE,W
IND,208,6415,59485,29/09/2021,16:46:30,15,0,26.9,1.0,390.8,391.3,2,1,0.80,CYCLE,E
IND,208,6415,59485,29/09/2021,16:47:51,15,0,18.2,1.0,81.5,80.7,2,1,1.00,CYCLE,E
IND,208,6415,59485,29/09/2021,16:48:34,15,0,23.4,1.1,42.7,42.5,2,1,1.00,CYCLE,E
IND,208,6415,59485,29/09/2021,16:49:09,15,0,21.7,1.0,35.0,34.8,2,1,1.00,CYCLE,E
IND,208,6415,59485,29/09/2021,16:49:11,15,0,17.3,1.0,2.7,2.5,2,1,1.00,CYCLE,E
IND,208,6415,59486,29/09/2021,16:49:36,15,1,27.4,1.1,312.7,312.6,2,1,1.00,CYCLE,W
IND,208,6415,59486,29/09/2021,16:49:59,15,1,33.0,1.0,23.0,22.8,2,1,1.00,CYCLE,W
IND,208,6415,59485,29/09/2021,16:50:30,15,0,12.5,1.1,78.3,78.1,2,1,1.00,CYCLE,E
IND,208,6415,59485,29/09/2021,16:51:11,15,0,21.7,1.1,41.1,40.8,2,1,1.00,CYCLE,E
IND,208,6415,59486,29/09/2021,16:53:30,15,1,27.0,1.1,211.5,211.4,2,1,1.00,CYCLE,W
IND,208,6415,59485,29/09/2021,16:54:11,15,0,16.6,1.0,179.9,179.7,2,1,1.00,CYCLE,E
IND,208,6415,59486,29/09/2021,16:54:49,15,1,28.0,1.0,78.8,78.6,2,1,1.00,CYCLE,W
IND,208,6415,59485,29/09/2021,16:54:50,15,0,21.1,0.9,39.0,38.8,2,1,1.00,CYCLE,E
IND,208,6415,59486,29/09/2021,16:54:53,15,1,26.0,0.9,4.2,4.1,2,1,1.00,CYCLE,W
IND,208,6415,59485,29/09/2021,16:55:00,15,0,18.1,1.0,10.6,10.5,2,1,1.00,CYCLE,E
IND,208,6415,59485,29/09/2021,16:57:27,15,0,16.0,1.0,146.3,146.1,2,1,1.00,CYCLE,E
IND,208,6415,59485,29/09/2021,16:57:27,15,0,15.5,1.0,0.6,0.3,2,1,1.00,CYCLE,E
IND,208,6415,59485,29/09/2021,16:57:36,15,0,12.7,1.1,8.4,8.1,2,1,1.00,CYCLE,E
IND,208,6415,59485,29/09/2021,16:57:36,15,0,12.1,1.1,0.8,0.4,2,1,1.00,CYCLE,E
IND,208,6415,59485,29/09/2021,16:59:49,15,0,22.3,1.0,132.2,131.9,2,1,1.00,CYCLE,E
IND,208,6415,59485,29/09/2021,16:59:56,15,0,19.7,1.1,7.7,7.5,2,1,1.00,CYCLE,E
IND,208,6415,59486,29/09/2021,17:00:11,15,1,21.3,1.0,317.7,317.6,2,1,1.00,CYCLE,W
IND,208,6415,59486,29/09/2021,17:00:12,15,1,21.9,1.1,1.3,1.2,2,1,1.00,CYCLE,W
IND,208,6415,59485,29/09/2021,17:00:34,15,0,25.0,1.0,38.1,37.9,2,1,1.00,CYCLE,E
IND,208,6415,59485,29/09/2021,17:00:43,15,0,27.0,0.9,8.9,8.8,2,1,1.00,CYCLE,E
IND,208,6415,59485,29/09/2021,17:01:19,15,0,22.3,1.0,35.8,35.7,2,1,1.00,CYCLE,E
IND,208,6415,59485,29/09/2021,17:01:29,15,0,19.2,1.0,9.9,9.7,2,1,1.00,CYCLE,E
IND,208,6415,59486,29/09/2021,17:02:29,15,1,25.0,1.0,137.2,137.0,2,1,1.00,CYCLE,W
IND,208,6415,59486,29/09/2021,17:04:25,15,1,25.1,1.0,115.9,115.8,2,1,1.00,CYCLE,W
IND,208,6415,59485,29/09/2021,17:04:37,15,0,18.4,1.1,47.5,47.5,2,1,1.00,CYCLE,E
IND,208,6415,59485,29/09/2021,17:05:07,15,0,20.1,1.1,29.8,29.6,2,1,1.00,CYCLE,E
IND,208,6415,59485,29/09/2021,17:06:29,15,0,22.7,1.0,82.2,82.0,2,1,1.00,CYCLE,E
IND,208,6415,59486,29/09/2021,17:06:51,15,1,29.2,1.0,145.3,145.2,2,1,1.00,CYCLE,W
IND,208,6415,59486,29/09/2021,17:07:30,15,1,16.5,1.1,39.1,39.0,2,1,1.00,CYCLE,W
IND,208,6415,59486,29/09/2021,17:08:20,15,1,31.9,1.0,50.0,49.7,2,1,1.00,CYCLE,W
IND,208,6415,59486,29/09/2021,17:09:35,15,1,29.5,1.0,74.9,74.8,2,1,1.00,CYCLE,W
IND,208,6415,59485,29/09/2021,17:09:43,15,0,17.4,1.1,194.4,194.2,2,1,1.00,CYCLE,E
IND,208,6415,59485,29/09/2021,17:10:15,15,0,22.4,1.0,31.7,31.4,2,1,1.00,CYCLE,E
IND,208,6415,59485,29/09/2021,17:11:03,15,0,19.0,1.1,47.7,47.6,2,1,1.00,CYCLE,E
IND,208,6415,59485,29/09/2021,17:11:27,15,0,18.0,1.0,24.9,24.7,2,1,1.00,CYCLE,E
IND,208,6415,59485,29/09/2021,17:12:04,15,0,17.8,1.1,36.2,36.0,2,1,1.00,CYCLE,E
IND,208,6415,59486,29/09/2021,17:15:52,15,1,31.1,1.1,377.5,377.3,2,1,1.00,CYCLE,W
IND,208,6415,59485,29/09/2021,17:16:25,15,0,17.1,1.0,118.7,118.5,2,1,1.00,CYCLE,E
IND,208,6415,59486,29/09/2021,17:17:00,15,1,28.2,1.1,68.3,68.2,2,1,1.00,CYCLE,W
IND,208,6415,59486,29/09/2021,17:17:15,15,1,23.7,1.1,14.3,14.2,2,1,1.00,CYCLE,W
IND,208,6415,59485,29/09/2021,17:17:18,15,0,18.5,1.1,52.6,52.3,2,1,1.00,CYCLE,E
IND,208,6415,59486,29/09/2021,17:17:30,15,1,25.5,1.0,15.7,15.5,2,1,1.00,CYCLE,W
IND,208,6415,59485,29/09/2021,17:18:13,15,0,9.5,1.1,55.4,55.2,2,1,1.00,CYCLE,E
IND,208,6415,59486,29/09/2021,17:18:22,15,1,31.8,1.0,51.7,51.6,2,1,1.00,CYCLE,W
IND,208,6415,59485,29/09/2021,17:18:58,15,0,17.4,1.0,45.1,44.7,2,1,1.00,CYCLE,E
IND,208,6415,59486,29/09/2021,17:19:02,15,1,24.0,1.0,39.5,39.4,2,1,1.00,CYCLE,W
IND,208,6415,59485,29/09/2021,17:22:07,15,0,20.6,1.0,188.7,188.5,2,1,1.00,CYCLE,E
IND,208,6415,59485,29/09/2021,17:22:37,15,0,23.6,1.0,30.3,30.1,2,1,1.00,CYCLE,E
IND,208,6415,59485,29/09/2021,17:24:07,15,0,20.4,1.0,90.1,89.9,2,1,1.00,CYCLE,E
IND,208,6415,59485,29/09/2021,17:24:21,15,0,22.1,1.0,14.0,13.8,2,1,1.00,CYCLE,E
IND,208,6415,59485,29/09/2021,17:25:13,15,0,18.1,1.1,51.3,51.1,2,1,1.00,CYCLE,E
IND,208,6415,59485,29/09/2021,17:25:26,15,0,21.4,1.0,13.7,13.5,2,1,1.00,CYCLE,E
IND,208,6415,59485,29/09/2021,17:26:05,15,0,19.3,1.1,39.0,38.9,2,1,1.00,CYCLE,E
IND,208,6415,59485,29/09/2021,17:26:20,15,0,19.9,1.1,14.9,14.7,2,1,1.00,CYCLE,E
IND,208,6415,59486,29/09/2021,17:27:44,15,1,25.0,1.0,522.2,522.1,2,1,1.00,CYCLE,W
IND,208,6415,59486,29/09/2021,17:27:44,15,1,24.9,1.0,0.4,0.2,2,1,1.00,CYCLE,W
IND,208,6415,59485,29/09/2021,17:28:12,15,0,19.4,1.0,112.1,111.9,2,1,1.00,CYCLE,E
IND,208,6415,59485,29/09/2021,17:29:06,15,0,20.1,1.0,53.4,53.2,2,1,1.00,CYCLE,E
IND,208,6415,59485,29/09/2021,17:29:35,15,0,18.6,1.1,29.6,29.4,2,1,1.00,CYCLE,E
IND,208,6415,59486,29/09/2021,17:30:17,15,1,34.3,1.0,116.6,116.5,2,1,1.00,CYCLE,W
IND,208,6415,59486,29/09/2021,17:30:19,15,1,28.2,1.1,1.6,1.5,2,1,1.00,CYCLE,W
IND,208,6415,59485,29/09/2021,17:30:36,15,0,17.8,1.1,60.4,60.2,2,1,1.00,CYCLE,E
IND,208,6415,59486,29/09/2021,17:31:37,15,1,9.9,1.0,78.0,77.8,2,1,0.44,CYCLE,W
IND,208,6415,59485,29/09/2021,17:34:18,15,0,14.4,1.0,222.0,221.7,2,1,1.00,CYCLE,E
IND,208,6415,59485,29/09/2021,17:34:18,15,0,14.4,1.0,0.0,0.0,2,1,1.00,CYCLE,E
IND,208,6415,59486,29/09/2021,17:34:44,15,1,27.1,1.0,187.0,186.1,2,1,1.00,CYCLE,W
IND,208,6415,59486,29/09/2021,17:34:45,15,1,28.0,1.1,0.8,0.7,2,1,1.00,CYCLE,W
IND,208,6415,59485,29/09/2021,17:35:24,15,0,19.6,1.0,65.9,65.5,2,1,1.00,CYCLE,E
IND,208,6415,59485,29/09/2021,17:35:55,15,0,19.7,1.1,30.9,30.7,2,1,1.00,CYCLE,E
IND,208,6415,59485,29/09/2021,17:35:55,15,0,20.0,1.1,0.3,0.1,2,1,1.00,CYCLE,E
IND,208,6415,59485,29/09/2021,17:36:51,15,0,24.4,1.0,56.3,56.1,2,1,1.00,CYCLE,E
IND,208,6415,59485,29/09/2021,17:36:53,15,0,4.9,1.0,1.7,1.6,2,1,0.67,CYCLE,E
IND,208,6415,59485,29/09/2021,17:37:39,15,0,23.2,1.0,46.4,45.1,2,1,1.00,CYCLE,E
IND,208,6415,59485,29/09/2021,17:38:34,15,0,17.9,1.1,55.2,55.0,2,1,1.00,CYCLE,E
IND,208,6415,59485,29/09/2021,17:38:43,15,0,11.5,1.1,8.5,8.3,2,1,1.00,CYCLE,E
IND,208,6415,59486,29/09/2021,17:38:47,15,1,32.0,1.0,241.8,241.7,2,1,1.00,CYCLE,W
IND,208,6415,59485,29/09/2021,17:40:10,15,0,22.8,1.1,86.8,86.5,2,1,1.00,CYCLE,E
IND,208,6415,59486,29/09/2021,17:41:01,15,1,21.2,1.0,134.6,134.5,2,1,1.00,CYCLE,W
IND,208,6415,59485,29/09/2021,17:41:13,15,0,16.2,1.1,63.2,63.0,2,1,1.00,CYCLE,E
IND,208,6415,59486,29/09/2021,17:43:05,15,1,20.5,1.1,123.6,123.4,2,1,1.00,CYCLE,W
IND,208,6415,59486,29/09/2021,17:43:06,15,1,20.9,1.1,0.9,0.7,2,1,1.00,CYCLE,W
IND,208,6415,59486,29/09/2021,17:44:04,15,1,25.7,1.0,58.5,58.3,2,1,1.00,CYCLE,W
IND,208,6415,59485,29/09/2021,17:44:06,15,0,15.6,1.1,173.4,173.1,2,1,1.00,CYCLE,E
IND,208,6415,59486,29/09/2021,17:44:25,15,1,34.4,1.0,20.6,20.4,2,1,1.00,CYCLE,W
IND,208,6415,59485,29/09/2021,17:44:51,15,0,22.1,1.0,44.9,44.7,2,1,1.00,CYCLE,E
IND,208,6415,59485,29/09/2021,17:45:44,15,0,19.3,1.1,52.8,52.7,2,1,1.00,CYCLE,E
IND,208,6415,59485,29/09/2021,17:45:57,15,0,21.1,1.1,12.4,12.2,2,1,1.00,CYCLE,E
IND,208,6415,59486,29/09/2021,17:48:02,15,1,21.6,1.1,217.1,217.0,2,1,1.00,CYCLE,W
IND,208,6415,59485,29/09/2021,17:50:20,15,0,25.3,1.0,22.6,22.4,2,1,1.00,CYCLE,E
IND,208,6415,59485,29/09/2021,17:50:22,15,0,20.5,1.0,2.1,1.9,2,1,1.00,CYCLE,E
IND,208,6415,59486,29/09/2021,17:50:45,15,1,20.5,1.0,163.4,163.2,2,1,1.00,CYCLE,W
IND,208,6415,59485,29/09/2021,17:51:57,15,0,19.8,1.0,95.4,95.2,2,1,1.00,CYCLE,E
IND,208,6415,59485,29/09/2021,17:54:09,15,0,23.7,1.0,132.3,132.1,2,1,1.00,CYCLE,E
IND,208,6415,59485,29/09/2021,17:56:14,15,0,23.6,0.9,124.9,124.7,2,1,1.00,CYCLE,E
IND,208,6415,59485,29/09/2021,17:56:19,15,0,19.4,1.0,5.3,5.1,2,1,1.00,CYCLE,E
IND,208,6415,59486,29/09/2021,17:56:23,15,1,29.6,0.9,337.3,337.1,2,1,1.00,CYCLE,W
IND,208,6415,59486,29/09/2021,17:56:24,15,1,32.3,1.0,1.0,0.9,2,1,1.00,CYCLE,W
IND,208,6415,59486,29/09/2021,17:56:41,15,1,12.0,1.2,17.4,17.4,2,1,0.80,CYCLE,W
IND,208,6415,59486,29/09/2021,17:59:16,15,1,28.9,1.0,154.8,154.6,2,1,1.00,CYCLE,W
IND,208,6415,59486,29/09/2021,18:01:07,15,1,25.9,1.1,111.3,111.1,2,1,1.00,CYCLE,W
IND,208,6415,59485,29/09/2021,18:03:13,15,0,27.1,1.0,413.3,413.1,2,1,0.57,CYCLE,E
IND,208,6415,59485,29/09/2021,18:03:43,15,0,18.4,1.0,30.0,29.2,2,1,1.00,CYCLE,E
IND,208,6415,59485,29/09/2021,18:04:29,15,0,12.2,1.0,46.3,46.1,2,1,1.00,CYCLE,E
IND,208,6415,59485,29/09/2021,18:04:29,15,0,12.2,1.0,0.0,0.0,2,1,1.00,CYCLE,E
IND,208,6415,59485,29/09/2021,18:04:48,15,0,23.9,1.1,19.1,18.6,2,1,1.00,CYCLE,E
IND,208,6415,59485,29/09/2021,18:04:49,15,0,22.9,1.1,0.5,0.3,2,1,1.00,CYCLE,E
IND,208,6415,59486,29/09/2021,18:06:27,15,1,28.7,1.0,319.4,319.2,2,1,1.00,CYCLE,W
IND,208,6415,59485,29/09/2021,18:06:32,15,0,27.8,1.0,103.6,103.4,2,1,1.00,CYCLE,E
IND,208,6415,59485,29/09/2021,18:08:21,15,0,13.0,1.2,108.5,108.3,2,1,1.00,CYCLE,E
IND,208,6415,59486,29/09/2021,18:10:37,15,1,32.7,1.1,250.3,250.1,2,1,1.00,CYCLE,W
IND,208,6415,59485,29/09/2021,18:11:28,15,0,14.1,1.0,187.3,187.0,2,1,1.00,CYCLE,E
IND,208,6415,59485,29/09/2021,18:13:15,15,0,19.7,1.0,106.9,106.6,2,1,1.00,CYCLE,E
IND,208,6415,59485,29/09/2021,18:13:29,15,0,24.1,1.0,13.8,13.6,2,1,1.00,CYCLE,E
IND,208,6415,59485,29/09/2021,18:14:46,15,0,22.3,1.0,20.3,20.3,2,1,0.67,CYCLE,E
IND,208,6415,59485,29/09/2021,18:15:36,15,0,16.4,1.1,49.6,48.7,2,1,1.00,CYCLE,E
IND,208,6415,59485,29/09/2021,18:15:36,15,0,16.3,1.0,0.6,0.4,2,1,1.00,CYCLE,E
IND,208,6415,59485,29/09/2021,18:16:58,15,0,27.0,1.0,81.8,81.6,2,1,1.00,CYCLE,E
IND,208,6415,59486,29/09/2021,18:17:32,15,1,32.9,1.0,414.9,414.8,2,1,1.00,CYCLE,W
IND,208,6415,59486,29/09/2021,18:18:51,15,1,23.6,0.9,79.7,79.6,2,1,1.00,CYCLE,W
IND,208,6415,59486,29/09/2021,18:19:01,15,1,17.6,0.9,9.7,9.6,2,1,1.00,CYCLE,W
IND,208,6415,59486,29/09/2021,18:19:27,15,1,25.7,1.1,25.6,25.3,2,1,1.00,CYCLE,W
IND,208,6415,59485,29/09/2021,18:20:38,15,0,26.8,1.0,220.1,220.0,2,1,1.00,CYCLE,E
IND,208,6415,59486,29/09/2021,18:21:31,15,1,24.6,1.1,123.9,123.8,2,1,1.00,CYCLE,W
IND,208,6415,59485,29/09/2021,18:21:52,15,0,20.5,1.1,73.8,73.6,2,1,1.00,CYCLE,E
IND,208,6415,59485,29/09/2021,18:22:02,15,0,20.8,1.0,9.7,9.5,2,1,1.00,CYCLE,E
IND,208,6415,59486,29/09/2021,18:22:08,15,1,30.4,1.0,37.8,37.6,2,1,1.00,CYCLE,W
IND,208,6415,59486,29/09/2021,18:22:49,15,1,27.4,1.1,40.4,40.3,2,1,1.00,CYCLE,W
IND,208,6415,59485,29/09/2021,18:23:41,15,0,25.1,1.0,99.0,98.8,2,1,1.00,CYCLE,E
IND,208,6415,59485,29/09/2021,18:24:16,15,0,15.1,1.1,35.1,35.0,2,1,1.00,CYCLE,E
IND,208,6415,59485,29/09/2021,18:25:41,15,0,21.7,1.0,84.9,84.6,2,1,1.00,CYCLE,E
IND,208,6415,59485,29/09/2021,18:25:58,15,0,33.3,1.0,16.9,16.8,2,1,1.00,CYCLE,E
IND,208,6415,59485,29/09/2021,18:31:19,15,0,21.5,1.1,321.6,321.5,2,1,1.00,CYCLE,E
IND,208,6415,59485,29/09/2021,18:34:02,15,0,10.0,1.8,51.8,51.8,2,1,0.80,CYCLE,E
IND,208,6415,59485,29/09/2021,18:37:21,15,0,31.4,1.0,199.0,198.7,2,1,1.00,CYCLE,E
IND,208,6415,59486,29/09/2021,18:41:04,15,1,19.8,1.0,1095.3,1095.2,2,1,1.00,CYCLE,W
IND,208,6415,59485,29/09/2021,18:41:30,15,0,15.9,1.0,249.0,248.9,2,1,1.00,CYCLE,E
IND,208,6415,59486,29/09/2021,18:41:38,15,1,23.7,1.0,33.3,33.2,2,1,1.00,CYCLE,W
IND,208,6415,59485,29/09/2021,18:41:54,15,0,14.9,1.0,23.5,23.3,2,1,1.00,CYCLE,E
IND,208,6415,59486,29/09/2021,18:50:53,15,1,28.3,1.1,555.5,555.3,2,1,1.00,CYCLE,W
IND,208,6415,59486,29/09/2021,18:53:11,15,1,29.4,1.0,138.4,138.3,2,1,1.00,CYCLE,W
IND,208,6415,59485,29/09/2021,18:57:12,15,0,20.9,1.0,918.5,918.3,2,1,1.00,CYCLE,E
IND,208,6415,59485,29/09/2021,18:57:49,15,0,13.2,1.0,36.4,36.3,2,1,1.00,CYCLE,E
IND,208,6415,59485,29/09/2021,19:02:23,15,0,21.1,1.1,274.5,274.2,2,1,1.00,CYCLE,E
IND,208,6415,59486,29/09/2021,19:02:25,15,1,24.5,1.1,553.6,553.5,2,1,1.00,CYCLE,W
IND,208,6415,59485,29/09/2021,19:05:38,15,0,20.8,1.1,194.6,194.4,2,1,1.00,CYCLE,E
IND,208,6415,59486,29/09/2021,19:07:29,15,1,29.1,0.9,303.9,303.7,2,1,1.00,CYCLE,W
IND,208,6415,59485,29/09/2021,19:18:45,15,0,21.3,1.1,787.5,787.3,2,1,1.00,CYCLE,E
IND,208,6415,59485,29/09/2021,19:22:24,15,0,22.8,1.0,214.1,213.9,2,1,1.00,CYCLE,E
IND,208,6415,59485,29/09/2021,19:22:38,15,0,23.1,1.1,13.4,13.2,2,1,1.00,CYCLE,E
IND,208,6415,59485,29/09/2021,19:22:39,15,0,15.2,1.1,1.7,1.6,2,1,1.00,CYCLE,E
IND,208,6415,59485,29/09/2021,19:35:03,15,0,18.0,1.0,743.9,743.7,2,1,1.00,CYCLE,E
IND,208,6415,59486,29/09/2021,19:46:02,15,1,28.4,1.0,2313.3,2313.1,2,1,1.00,CYCLE,W
IND,208,6415,59485,29/09/2021,19:51:00,15,0,22.5,1.1,746.4,746.4,2,1,1.00,CYCLE,E
IND,208,6415,59486,29/09/2021,19:54:05,15,1,25.8,1.1,483.2,483.1,2,1,1.00,CYCLE,W
IND,208,6415,59485,29/09/2021,19:54:41,15,0,15.1,1.1,220.6,220.5,2,1,1.00,CYCLE,E
IND,208,6415,59486,29/09/2021,20:07:57,15,1,12.4,0.6,832.0,831.9,2,1,1.00,CYCLE,W
IND,208,6415,59486,29/09/2021,20:11:18,15,1,33.5,1.0,191.7,190.2,2,1,1.00,CYCLE,W
IND,208,6415,59485,29/09/2021,20:18:44,15,0,22.6,1.0,1443.0,1442.7,2,1,1.00,CYCLE,E
IND,208,6415,59486,29/09/2021,20:22:30,15,1,33.4,1.1,671.8,671.7,2,1,1.00,CYCLE,W
IND,208,6415,59485,29/09/2021,20:22:44,15,0,26.2,1.0,240.4,240.2,2,1,1.00,CYCLE,E
IND,208,6415,59485,29/09/2021,20:22:45,15,0,25.6,1.0,0.6,0.5,2,1,1.00,CYCLE,E
IND,208,6415,59486,29/09/2021,20:22:49,15,1,26.5,1.0,18.6,18.5,2,1,1.00,CYCLE,W
IND,208,6415,59485,29/09/2021,20:28:05,15,0,25.3,1.1,320.5,320.4,2,1,1.00,CYCLE,E
IND,208,6415,59485,29/09/2021,20:28:21,15,0,22.6,1.1,15.4,15.2,2,1,1.00,CYCLE,E
IND,208,6415,59486,29/09/2021,20:36:46,15,1,32.8,1.1,837.8,837.6,2,1,1.00,CYCLE,W
IND,208,6415,59486,29/09/2021,20:47:59,15,1,32.6,1.0,672.6,672.5,2,1,1.00,CYCLE,W
IND,208,6415,59485,29/09/2021,22:13:19,15,0,15.2,1.1,6298.4,6298.2,2,1,1.00,CYCLE,E
IND,208,6415,59485,29/09/2021,22:29:32,15,0,13.2,1.1,972.7,972.5,2,1,1.00,CYCLE,E
IND,208,6415,59486,30/09/2021,02:18:11,15,1,30.3,1.0,19812.2,19812.1,2,1,1.00,CYCLE,W
IND,208,6415,59485,30/09/2021,04:06:36,15,0,22.1,1.1,20223.5,20223.3,2,1,1.00,CYCLE,E
IND,208,6415,59486,30/09/2021,04:56:28,15,1,26.6,1.1,9496.6,9496.5,2,1,1.00,CYCLE,W
IND,208,6415,59486,30/09/2021,05:36:43,15,1,22.8,1.1,2415.1,2415.0,2,1,1.00,CYCLE,W
IND,208,6415,59485,30/09/2021,05:50:53,15,0,14.6,1.1,6257.6,6257.4,2,1,1.00,CYCLE,E
IND,208,6415,59486,30/09/2021,06:04:02,15,1,26.6,1.1,1638.7,1638.5,2,1,1.00,CYCLE,W
IND,208,6415,59485,30/09/2021,06:06:51,15,0,15.8,1.1,957.8,957.5,2,1,1.00,CYCLE,E
IND,208,6415,59486,30/09/2021,06:11:40,15,1,29.5,1.0,458.7,458.6,2,1,1.00,CYCLE,W
IND,208,6415,59485,30/09/2021,06:15:32,15,0,27.0,1.1,496.2,495.1,2,1,1.00,CYCLE,E
IND,208,6415,59485,30/09/2021,06:16:18,15,0,21.2,1.1,45.7,45.6,2,1,1.00,CYCLE,E
IND,208,6415,59486,30/09/2021,06:18:41,15,1,24.5,1.0,420.5,420.3,2,1,1.00,CYCLE,W
IND,208,6415,59485,30/09/2021,06:27:15,15,0,28.9,1.0,656.7,656.5,2,1,1.00,CYCLE,E
IND,208,6415,59486,30/09/2021,06:29:17,15,1,32.3,1.0,636.1,636.0,2,1,1.00,CYCLE,W
IND,208,6415,59486,30/09/2021,06:30:29,15,1,25.5,1.0,72.1,72.0,2,1,1.00,CYCLE,W
IND,208,6415,59486,30/09/2021,06:34:31,15,1,33.9,1.1,241.4,241.2,2,1,1.00,CYCLE,W
IND,208,6415,59486,30/09/2021,06:37:04,15,1,12.7,1.0,153.7,153.6,2,1,0.40,CYCLE,W
IND,208,6415,59486,30/09/2021,06:38:00,15,1,28.0,0.9,55.3,55.0,2,1,1.00,CYCLE,W
IND,208,6415,59485,30/09/2021,06:42:22,15,0,20.9,1.0,907.9,907.8,2,1,1.00,CYCLE,E
IND,208,6415,59486,30/09/2021,06:42:30,15,1,28.8,1.0,270.3,270.2,2,1,1.00,CYCLE,W
IND,208,6415,59486,30/09/2021,06:48:02,15,1,30.8,1.0,332.6,332.5,2,1,1.00,CYCLE,W
IND,208,6415,59486,30/09/2021,06:49:27,15,1,27.4,1.0,85.0,84.9,2,1,1.00,CYCLE,W
IND,208,6415,59486,30/09/2021,06:49:45,15,1,31.4,1.1,17.7,17.5,2,1,1.00,CYCLE,W
IND,208,6415,59486,30/09/2021,06:50:12,15,1,24.3,1.1,27.1,26.9,2,1,1.00,CYCLE,W
IND,208,6415,59485,30/09/2021,06:50:47,15,0,20.3,1.1,504.1,503.9,2,1,1.00,CYCLE,E
IND,208,6415,59486,30/09/2021,06:51:24,15,1,29.6,1.1,71.9,71.7,2,1,1.00,CYCLE,W
IND,208,6415,59486,30/09/2021,06:52:27,15,1,25.7,1.1,63.2,63.1,2,1,1.00,CYCLE,W
IND,208,6415,59486,30/09/2021,06:54:36,15,1,30.3,1.0,128.6,128.5,2,1,1.00,CYCLE,W
IND,208,6415,59486,30/09/2021,06:56:18,15,1,30.3,1.1,102.3,102.1,2,1,1.00,CYCLE,W
IND,208,6415,59486,30/09/2021,06:56:57,15,1,24.0,1.1,39.0,38.9,2,1,1.00,CYCLE,W
IND,208,6415,59486,30/09/2021,06:57:06,15,1,27.7,1.1,8.7,8.5,2,1,1.00,CYCLE,W
IND,208,6415,59486,30/09/2021,06:57:09,15,1,28.8,1.0,3.1,2.9,2,1,1.00,CYCLE,W
IND,208,6415,59486,30/09/2021,06:57:14,15,1,27.3,1.0,5.2,5.1,2,1,1.00,CYCLE,W
IND,208,6415,59486,30/09/2021,06:58:54,15,1,24.1,1.1,99.8,99.7,2,1,1.00,CYCLE,W
IND,208,6415,59486,30/09/2021,07:03:28,15,1,30.5,1.0,274.2,274.0,2,1,1.00,CYCLE,W
IND,208,6415,59486,30/09/2021,07:07:30,15,1,35.4,1.0,242.3,242.2,2,1,1.00,CYCLE,W
IND,208,6415,59485,30/09/2021,07:08:04,15,0,19.7,1.1,210.2,210.0,2,1,1.00,CYCLE,E
IND,208,6415,59485,30/09/2021,07:08:49,15,0,21.4,1.1,44.9,44.7,2,1,1.00,CYCLE,E
IND,208,6415,59486,30/09/2021,07:11:43,15,1,27.6,1.1,252.8,252.7,2,1,1.00,CYCLE,W
IND,208,6415,59486,30/09/2021,07:13:54,15,1,25.3,1.1,130.5,130.3,2,1,1.00,CYCLE,W
IND,208,6415,59485,30/09/2021,07:14:11,15,0,17.3,1.1,321.2,321.0,2,1,1.00,CYCLE,E
IND,208,6415,59485,30/09/2021,07:15:38,15,0,22.2,1.0,87.0,86.8,2,1,1.00,CYCLE,E
IND,208,6415,59486,30/09/2021,07:16:41,15,1,28.3,1.0,167.2,167.0,2,1,1.00,CYCLE,W
IND,208,6415,59486,30/09/2021,07:17:03,15,1,31.2,1.0,12.7,12.2,2,1,1.00,CYCLE,W
IND,208,6415,59486,30/09/2021,07:17:31,15,1,23.7,1.0,28.1,28.0,2,1,1.00,CYCLE,W
IND,208,6415,59486,30/09/2021,07:18:03,15,1,22.0,1.0,32.0,31.8,2,1,1.00,CYCLE,W
IND,208,6415,59486,30/09/2021,07:18:13,15,1,29.9,1.0,10.3,10.1,2,1,1.00,CYCLE,W
IND,208,6415,59486,30/09/2021,07:20:44,15,1,25.3,1.0,150.7,150.6,2,1,0.67,CYCLE,W
IND,208,6415,59485,30/09/2021,07:21:56,15,0,15.1,1.1,378.1,378.0,2,1,1.00,CYCLE,E
IND,208,6415,59486,30/09/2021,07:22:27,15,1,27.1,1.1,103.0,101.9,2,1,1.00,CYCLE,W
IND,208,6415,59486,30/09/2021,07:23:48,15,1,34.6,1.0,81.1,80.9,2,1,1.00,CYCLE,W
IND,208,6415,59485,30/09/2021,07:23:59,15,0,26.0,1.0,123.4,123.1,2,1,1.00,CYCLE,E
IND,208,6415,59485,30/09/2021,07:24:54,15,0,18.9,1.1,55.0,54.9,2,1,1.00,CYCLE,E
IND,208,6415,59486,30/09/2021,07:25:22,15,1,30.5,1.0,94.4,94.3,2,1,1.00,CYCLE,W
IND,208,6415,59485,30/09/2021,07:26:42,15,0,11.9,1.0,108.2,108.0,2,1,1.00,CYCLE,E
IND,208,6415,59485,30/09/2021,07:26:42,15,0,11.9,1.0,0.0,0.0,2,1,1.00,CYCLE,E
IND,208,6415,59486,30/09/2021,07:29:35,15,1,23.9,1.0,83.1,82.0,2,1,1.00,CYCLE,W
IND,208,6415,59486,30/09/2021,07:31:06,15,1,29.6,1.0,4.9,4.7,2,1,1.00,CYCLE,W
IND,208,6415,59485,30/09/2021,07:31:43,15,0,22.9,1.0,300.7,300.0,2,1,1.00,CYCLE,E
IND,208,6415,59486,30/09/2021,07:32:22,15,1,24.4,1.0,75.8,75.7,2,1,1.00,CYCLE,W
IND,208,6415,59486,30/09/2021,07:33:52,15,1,28.2,1.0,89.6,89.5,2,1,1.00,CYCLE,W
IND,208,6415,59486,30/09/2021,07:41:01,15,1,29.2,1.0,429.6,429.5,2,1,1.00,CYCLE,W
IND,208,6415,59486,30/09/2021,07:42:32,15,1,29.4,1.1,90.9,90.8,2,1,1.00,CYCLE,W
IND,208,6415,59486,30/09/2021,07:43:16,15,1,32.1,1.0,43.9,43.7,2,1,1.00,CYCLE,W
IND,208,6415,59486,30/09/2021,07:43:29,15,1,16.7,0.7,12.4,12.3,2,1,1.00,CYCLE,W
IND,208,6415,59486,30/09/2021,07:43:30,15,1,17.1,0.6,1.5,1.3,2,1,1.00,CYCLE,W
IND,208,6415,59485,30/09/2021,07:44:30,15,0,20.5,1.1,766.7,766.5,2,1,1.00,CYCLE,E
IND,208,6415,59485,30/09/2021,07:44:31,15,0,25.1,1.0,1.8,1.6,2,1,1.00,CYCLE,E
IND,208,6415,59486,30/09/2021,07:44:44,15,1,30.0,1.0,74.3,74.2,2,1,1.00,CYCLE,W
IND,208,6415,59485,30/09/2021,07:46:09,15,0,24.5,1.1,97.6,97.4,2,1,1.00,CYCLE,E
IND,208,6415,59486,30/09/2021,07:46:12,15,1,30.5,1.0,88.0,87.9,2,1,1.00,CYCLE,W
IND,208,6415,59486,30/09/2021,07:47:39,15,1,27.6,1.0,86.4,86.2,2,1,1.00,CYCLE,W
IND,208,6415,59486,30/09/2021,07:48:21,15,1,26.6,1.0,42.4,42.3,2,1,1.00,CYCLE,W
IND,208,6415,59486,30/09/2021,07:48:47,15,1,29.0,1.0,25.5,25.4,2,1,1.00,CYCLE,W
IND,208,6415,59486,30/09/2021,07:49:30,15,1,28.1,1.1,43.1,43.0,2,1,1.00,CYCLE,W
IND,208,6415,59486,30/09/2021,07:49:32,15,1,28.1,1.0,2.0,1.9,2,1,1.00,CYCLE,W
IND,208,6415,59486,30/09/2021,07:49:34,15,1,33.2,1.1,1.7,1.6,2,1,1.00,CYCLE,W
IND,208,6415,59486,30/09/2021,07:50:22,15,1,28.6,1.0,48.8,48.7,2,1,1.00,CYCLE,W
IND,208,6415,59485,30/09/2021,07:53:34,15,0,27.7,1.0,445.4,445.2,2,1,1.00,CYCLE,E
IND,208,6415,59485,30/09/2021,07:53:39,15,0,24.4,1.0,4.8,4.7,2,1,1.00,CYCLE,E
IND,208,6415,59485,30/09/2021,07:53:40,15,0,24.4,1.0,1.2,1.0,2,1,1.00,CYCLE,E
IND,208,6415,59485,30/09/2021,07:53:41,15,0,24.7,1.0,0.6,0.5,2,1,1.00,CYCLE,E
IND,208,6415,59485,30/09/2021,07:53:43,15,0,23.5,1.0,1.5,1.4,2,1,1.00,CYCLE,E
IND,208,6415,59486,30/09/2021,07:54:00,15,1,26.2,1.1,217.8,217.7,2,1,1.00,CYCLE,W
IND,208,6415,59486,30/09/2021,07:54:51,15,1,29.3,1.0,51.1,50.9,2,1,1.00,CYCLE,W
IND,208,6415,59485,30/09/2021,07:55:02,15,0,23.6,1.1,79.2,79.1,2,1,1.00,CYCLE,E
IND,208,6415,59486,30/09/2021,07:55:17,15,1,25.3,1.0,25.3,25.2,2,1,1.00,CYCLE,W
IND,208,6415,59486,30/09/2021,07:55:50,15,1,28.7,1.0,33.4,33.2,2,1,1.00,CYCLE,W
IND,208,6415,59486,30/09/2021,07:57:15,15,1,32.7,1.0,85.1,84.9,2,1,1.00,CYCLE,W
IND,208,6415,59486,30/09/2021,07:58:51,15,1,27.9,1.1,95.6,95.5,2,1,1.00,CYCLE,W
IND,208,6415,59486,30/09/2021,07:58:52,15,1,27.0,1.0,1.4,1.3,2,1,1.00,CYCLE,W
IND,208,6415,59486,30/09/2021,07:59:18,15,1,34.7,1.0,26.3,26.1,2,1,1.00,CYCLE,W
IND,208,6415,59485,30/09/2021,07:59:20,15,0,10.0,1.0,258.1,258.1,2,1,0.40,CYCLE,E
IND,208,6415,59485,30/09/2021,08:00:31,15,0,36.0,0.8,70.8,70.3,2,1,1.00,CYCLE,E
IND,208,6415,59486,30/09/2021,08:01:22,15,1,27.1,1.0,123.3,123.2,2,1,1.00,CYCLE,W
IND,208,6415,59486,30/09/2021,08:01:22,15,1,27.1,1.0,0.0,0.0,2,1,1.00,CYCLE,W
IND,208,6415,59485,30/09/2021,08:02:44,15,0,25.7,1.1,133.7,133.6,2,1,1.00,CYCLE,E
IND,208,6415,59486,30/09/2021,08:04:17,15,1,24.5,1.1,174.9,174.7,2,1,1.00,CYCLE,W
IND,208,6415,59486,30/09/2021,08:05:08,15,1,34.8,1.0,51.4,51.2,2,1,1.00,CYCLE,W
IND,208,6415,59486,30/09/2021,08:05:34,15,1,31.4,1.0,25.6,25.5,2,1,1.00,CYCLE,W
IND,208,6415,59485,30/09/2021,08:05:48,15,0,21.4,1.1,183.3,183.1,2,1,1.00,CYCLE,E
IND,208,6415,59486,30/09/2021,08:06:43,15,1,33.5,1.0,40.2,39.9,2,1,1.00,CYCLE,W
IND,208,6415,59486,30/09/2021,08:07:05,15,1,31.3,1.0,21.8,21.7,2,1,1.00,CYCLE,W
IND,208,6415,59486,30/09/2021,08:07:14,15,1,24.7,1.0,9.5,9.4,2,1,1.00,CYCLE,W
IND,208,6415,59485,30/09/2021,08:08:38,15,0,14.8,1.1,170.5,170.3,2,1,1.00,CYCLE,E
IND,208,6415,59485,30/09/2021,08:09:18,15,0,24.4,1.0,40.0,39.7,2,1,1.00,CYCLE,E
IND,208,6415,59486,30/09/2021,08:09:41,15,1,26.8,1.1,146.3,146.1,2,1,1.00,CYCLE,W
IND,208,6415,59486,30/09/2021,08:10:28,15,1,28.0,1.1,47.2,47.0,2,1,1.00,CYCLE,W
IND,208,6415,59486,30/09/2021,08:12:26,15,1,26.1,1.1,117.6,117.4,2,1,1.00,CYCLE,W
IND,208,6415,59486,30/09/2021,08:12:50,15,1,31.9,1.0,24.2,24.1,2,1,1.00,CYCLE,W
IND,208,6415,59486,30/09/2021,08:12:54,15,1,28.3,1.0,4.0,3.9,2,1,1.00,CYCLE,W
IND,208,6415,59486,30/09/2021,08:14:56,15,1,24.1,1.0,121.8,121.7,2,1,1.00,CYCLE,W
IND,208,6415,59486,30/09/2021,08:17:30,15,1,29.8,1.0,154.8,154.6,2,1,1.00,CYCLE,W
IND,208,6415,59486,30/09/2021,08:17:44,15,1,21.7,1.0,14.0,13.9,2,1,1.00,CYCLE,W
IND,208,6415,59486,30/09/2021,08:19:01,15,1,28.7,1.0,76.3,76.2,2,1,1.00,CYCLE,W
IND,208,6415,59486,30/09/2021,08:19:25,15,1,24.2,1.0,24.1,23.9,2,1,1.00,CYCLE,W
IND,208,6415,59486,30/09/2021,08:19:26,15,1,23.9,1.0,1.4,1.2,2,1,1.00,CYCLE,W
IND,208,6415,59486,30/09/2021,08:20:43,15,1,28.7,1.0,76.8,76.6,2,1,1.00,CYCLE,W
IND,208,6415,59486,30/09/2021,08:21:00,15,1,24.7,0.9,17.0,16.9,2,1,1.00,CYCLE,W
IND,208,6415,59486,30/09/2021,08:21:01,15,1,23.2,1.1,1.3,1.2,2,1,1.00,CYCLE,W
IND,208,6415,59485,30/09/2021,08:21:31,15,0,23.2,1.0,497.1,496.2,2,1,1.00,CYCLE,E
IND,208,6415,59485,30/09/2021,08:21:35,15,0,15.8,1.0,3.5,3.3,2,1,1.00,CYCLE,E
IND,208,6415,59485,30/09/2021,08:22:41,15,0,25.1,1.0,66.8,66.5,2,1,1.00,CYCLE,E
IND,208,6415,59486,30/09/2021,08:24:33,15,1,29.9,0.9,211.7,211.6,2,1,1.00,CYCLE,W
IND,208,6415,59485,30/09/2021,08:25:16,15,0,21.2,1.0,155.1,155.0,2,1,1.00,CYCLE,E
IND,208,6415,59486,30/09/2021,08:27:54,15,1,28.3,0.9,201.5,201.4,2,1,1.00,CYCLE,W
IND,208,6415,59486,30/09/2021,08:28:14,15,1,28.0,1.1,19.2,19.1,2,1,1.00,CYCLE,W
IND,208,6415,59485,30/09/2021,08:30:22,15,0,24.2,1.0,305.4,305.2,2,1,1.00,CYCLE,E
IND,208,6415,59485,30/09/2021,08:30:22,15,0,23.4,1.1,0.6,0.5,2,1,1.00,CYCLE,E
IND,208,6415,59486,30/09/2021,08:32:01,15,1,26.2,1.0,227.4,227.3,2,1,1.00,CYCLE,W
IND,208,6415,59486,30/09/2021,08:32:47,15,1,28.4,1.0,45.6,45.5,2,1,1.00,CYCLE,W
IND,208,6415,59486,30/09/2021,08:33:05,15,1,27.7,1.0,18.6,18.4,2,1,1.00,CYCLE,W
IND,208,6415,59485,30/09/2021,08:33:06,15,0,17.8,1.0,163.5,163.3,2,1,1.00,CYCLE,E
IND,208,6415,59486,30/09/2021,08:33:59,15,1,28.5,1.0,53.4,53.3,2,1,1.00,CYCLE,W
IND,208,6415,59486,30/09/2021,08:34:50,15,1,28.0,1.0,51.8,51.7,2,1,1.00,CYCLE,W
IND,208,6415,59486,30/09/2021,08:35:04,15,1,31.1,1.0,13.6,13.5,2,1,1.00,CYCLE,W
IND,208,6415,59486,30/09/2021,08:35:51,15,1,27.9,1.0,47.1,47.0,2,1,1.00,CYCLE,W
IND,208,6415,59485,30/09/2021,08:36:33,15,0,23.9,1.0,206.9,206.7,2,1,1.00,CYCLE,E
IND,208,6415,59486,30/09/2021,08:37:54,15,1,26.9,1.1,122.5,122.3,2,1,1.00,CYCLE,W
IND,208,6415,59486,30/09/2021,08:38:38,15,1,27.4,1.0,44.0,43.9,2,1,1.00,CYCLE,W
IND,208,6415,59486,30/09/2021,08:39:42,15,1,33.1,1.0,51.7,51.5,2,1,1.00,CYCLE,W
IND,208,6415,59485,30/09/2021,08:41:25,15,0,23.6,1.0,292.6,292.5,2,1,0.50,CYCLE,E
IND,208,6415,59486,30/09/2021,08:41:25,15,1,23.6,1.0,0.0,0.0,2,1,0.50,CYCLE,W
IND,208,6415,59486,30/09/2021,08:42:24,15,1,23.5,1.0,162.6,162.5,2,1,1.00,CYCLE,W
IND,208,6415,59486,30/09/2021,08:43:31,15,1,31.2,1.0,66.2,66.0,2,1,1.00,CYCLE,W
IND,208,6415,59486,30/09/2021,08:45:24,15,1,26.5,1.1,113.8,113.7,2,1,1.00,CYCLE,W
IND,208,6415,59485,30/09/2021,08:45:44,15,0,24.1,1.0,29.6,29.3,2,1,1.00,CYCLE,E
IND,208,6415,59486,30/09/2021,08:46:14,15,1,30.5,1.0,49.8,49.6,2,1,1.00,CYCLE,W
IND,208,6415,59486,30/09/2021,08:46:57,15,1,24.7,1.0,42.5,42.4,2,1,1.00,CYCLE,W
IND,208,6415,59485,30/09/2021,08:47:36,15,0,21.9,1.1,112.5,112.4,2,1,1.00,CYCLE,E
IND,208,6415,59486,30/09/2021,08:49:09,15,1,30.3,1.1,132.2,132.1,2,1,1.00,CYCLE,W
IND,208,6415,59486,30/09/2021,08:54:18,15,1,25.0,1.1,309.5,309.4,2,1,1.00,CYCLE,W
IND,208,6415,59486,30/09/2021,08:54:24,15,1,25.7,1.0,5.9,5.7,2,1,1.00,CYCLE,W
IND,208,6415,59486,30/09/2021,08:55:39,15,1,30.1,1.0,74.5,74.3,2,1,1.00,CYCLE,W
IND,208,6415,59486,30/09/2021,08:57:18,15,1,29.8,1.0,99.5,99.4,2,1,1.00,CYCLE,W
IND,208,6415,59486,30/09/2021,08:57:55,15,1,31.4,1.1,3.8,3.6,2,1,1.00,CYCLE,W
IND,208,6415,59486,30/09/2021,09:04:01,15,1,26.6,0.8,366.1,366.0,2,1,1.00,CYCLE,W
IND,208,6415,59486,30/09/2021,09:06:51,15,1,24.6,1.0,169.9,169.8,2,1,1.00,CYCLE,W
IND,208,6415,59485,30/09/2021,09:07:12,15,0,20.2,1.1,1175.6,1175.4,2,1,1.00,CYCLE,E
IND,208,6415,59485,30/09/2021,09:10:05,15,0,23.5,1.0,173.4,173.2,2,1,1.00,CYCLE,E
IND,208,6415,59486,30/09/2021,09:10:22,15,1,30.3,1.1,211.0,210.9,2,1,1.00,CYCLE,W
IND,208,6415,59486,30/09/2021,09:16:55,15,1,27.8,1.1,393.0,392.9,2,1,1.00,CYCLE,W
IND,208,6415,59486,30/09/2021,09:17:43,15,1,23.8,1.0,47.6,47.5,2,1,1.00,CYCLE,W
IND,208,6415,59486,30/09/2021,09:17:44,15,1,26.1,1.1,0.9,0.8,2,1,1.00,CYCLE,W
IND,208,6415,59486,30/09/2021,09:17:45,15,1,24.2,1.1,0.7,0.5,2,1,1.00,CYCLE,W
IND,208,6415,59486,30/09/2021,09:18:34,15,1,29.0,1.0,49.3,49.1,2,1,1.00,CYCLE,W
IND,208,6415,59486,30/09/2021,09:22:14,15,1,20.8,1.0,114.8,114.6,2,1,1.00,CYCLE,W
IND,208,6415,59486,30/09/2021,09:22:15,15,1,34.1,1.0,1.2,1.0,2,1,1.00,CYCLE,W
IND,208,6415,59486,30/09/2021,09:29:36,15,1,19.6,1.0,230.6,230.6,2,1,1.00,CYCLE,W
IND,208,6415,59486,30/09/2021,09:31:12,15,1,23.3,1.1,95.4,95.2,2,1,1.00,CYCLE,W
IND,208,6415,59485,30/09/2021,09:31:15,15,0,25.2,1.0,326.3,325.2,2,1,1.00,CYCLE,E
IND,208,6415,59485,30/09/2021,09:31:28,15,0,12.5,1.0,13.0,12.9,2,1,1.00,CYCLE,E
IND,208,6415,59486,30/09/2021,09:31:44,15,1,20.0,1.1,32.2,32.1,2,1,1.00,CYCLE,W
IND,208,6415,59485,30/09/2021,09:35:49,15,0,15.9,1.1,260.2,259.9,2,1,1.00,CYCLE,E
IND,208,6415,59486,30/09/2021,09:35:58,15,1,26.1,1.0,254.1,253.9,2,1,1.00,CYCLE,W
IND,208,6415,59486,30/09/2021,09:36:00,15,1,25.0,1.0,2.1,2.0,2,1,1.00,CYCLE,W
IND,208,6415,59486,30/09/2021,09:43:20,15,1,27.6,1.0,440.3,440.2,2,1,1.00,CYCLE,W
IND,208,6415,59485,30/09/2021,09:49:16,15,0,24.6,1.1,807.3,807.0,2,1,1.00,CYCLE,E
IND,208,6415,59485,30/09/2021,09:49:44,15,0,19.2,1.0,28.6,28.4,2,1,0.50,CYCLE,E
IND,208,6415,59486,30/09/2021,09:49:44,15,1,19.2,1.0,0.0,0.0,2,1,0.50,CYCLE,W
IND,208,6415,59486,30/09/2021,09:51:26,15,1,27.2,1.0,485.3,486.1,2,1,0.80,CYCLE,W
IND,208,6415,59485,30/09/2021,09:52:22,15,0,19.6,1.1,157.5,157.2,2,1,1.00,CYCLE,E
IND,208,6415,59486,30/09/2021,09:53:25,15,1,29.1,1.0,119.7,118.6,2,1,1.00,CYCLE,W
IND,208,6415,59486,30/09/2021,09:54:29,15,1,23.2,0.9,64.0,63.9,2,1,1.00,CYCLE,W
IND,208,6415,59486,30/09/2021,09:55:19,15,1,25.3,1.0,50.0,49.9,2,1,1.00,CYCLE,W
IND,208,6415,59485,30/09/2021,09:55:24,15,0,23.2,1.0,182.3,182.1,2,1,1.00,CYCLE,E
IND,208,6415,59486,30/09/2021,09:57:21,15,1,25.0,1.1,121.3,121.1,2,1,1.00,CYCLE,W
IND,208,6415,59485,30/09/2021,09:58:39,15,0,15.8,1.1,195.2,195.0,2,1,1.00,CYCLE,E
IND,208,6415,59486,30/09/2021,09:59:16,15,1,23.6,1.1,115.8,115.6,2,1,1.00,CYCLE,W
IND,208,6415,59486,30/09/2021,09:59:18,15,1,22.7,1.1,1.7,1.6,2,1,1.00,CYCLE,W
IND,208,6415,59486,30/09/2021,10:03:37,15,1,20.4,1.0,258.5,258.3,2,1,1.00,CYCLE,W
IND,208,6415,59486,30/09/2021,10:04:55,15,1,26.9,1.0,78.5,78.3,2,1,1.00,CYCLE,W
IND,208,6415,59485,30/09/2021,10:08:12,15,0,22.3,1.2,572.7,572.5,2,1,1.00,CYCLE,E
IND,208,6415,59485,30/09/2021,10:08:52,15,0,20.9,1.0,39.9,39.7,2,1,1.00,CYCLE,E
IND,208,6415,59485,30/09/2021,10:09:52,15,0,17.4,1.1,59.9,59.7,2,1,1.00,CYCLE,E
IND,208,6415,59486,30/09/2021,10:09:55,15,1,25.3,1.0,299.5,299.4,2,1,1.00,CYCLE,W
IND,208,6415,59486,30/09/2021,10:09:55,15,1,26.4,1.0,0.4,0.3,2,1,1.00,CYCLE,W
IND,208,6415,59486,30/09/2021,10:09:58,15,1,33.7,1.0,2.8,2.6,2,1,1.00,CYCLE,W
IND,208,6415,59486,30/09/2021,10:10:22,15,1,27.2,0.9,24.1,24.0,2,1,1.00,CYCLE,W
IND,208,6415,59485,30/09/2021,10:11:13,15,0,18.9,1.0,81.1,80.9,2,1,1.00,CYCLE,E
IND,208,6415,59485,30/09/2021,10:11:13,15,0,18.9,1.0,0.0,0.0,2,1,1.00,CYCLE,E
IND,208,6415,59486,30/09/2021,10:14:37,15,1,18.0,1.1,254.9,254.8,2,1,1.00,CYCLE,W
IND,208,6415,59486,30/09/2021,10:17:48,15,1,26.6,1.0,191.4,191.1,2,1,1.00,CYCLE,W
IND,208,6415,59486,30/09/2021,10:20:41,15,1,27.5,1.0,173.3,173.1,2,1,1.00,CYCLE,W
IND,208,6415,59485,30/09/2021,10:24:17,15,0,12.4,1.0,784.1,783.7,2,1,1.00,CYCLE,E
IND,208,6415,59485,30/09/2021,10:24:17,15,0,12.4,1.0,0.0,0.0,2,1,1.00,CYCLE,E
IND,208,6415,59485,30/09/2021,10:25:15,15,0,26.4,1.0,57.5,57.0,2,1,1.00,CYCLE,E
IND,208,6415,59486,30/09/2021,10:27:03,15,1,26.6,1.0,381.5,381.4,2,1,1.00,CYCLE,W
IND,208,6415,59485,30/09/2021,10:27:42,15,0,22.3,1.0,147.1,147.0,2,1,1.00,CYCLE,E
IND,208,6415,59485,30/09/2021,10:28:15,15,0,28.8,1.0,33.2,33.0,2,1,1.00,CYCLE,E
IND,208,6415,59486,30/09/2021,10:29:41,15,1,25.5,1.1,157.6,157.5,2,1,1.00,CYCLE,W
IND,208,6415,59486,30/09/2021,10:29:57,15,1,23.9,1.0,16.5,16.4,2,1,1.00,CYCLE,W
IND,208,6415,59486,30/09/2021,10:30:00,15,1,25.2,1.1,2.7,2.5,2,1,1.00,CYCLE,W
IND,208,6415,59486,30/09/2021,10:31:24,15,1,25.5,1.0,28.6,28.3,2,1,1.00,CYCLE,W
IND,208,6415,59486,30/09/2021,10:37:08,15,1,23.4,1.0,343.4,343.3,2,1,1.00,CYCLE,W
IND,208,6415,59485,30/09/2021,10:37:10,15,0,27.6,1.0,535.3,535.2,2,1,1.00,CYCLE,E
IND,208,6415,59485,30/09/2021,10:38:27,15,0,24.6,1.0,76.8,76.7,2,1,1.00,CYCLE,E
IND,208,6415,59486,30/09/2021,10:38:40,15,1,22.7,1.1,92.1,91.9,2,1,1.00,CYCLE,W
IND,208,6415,59486,30/09/2021,10:39:34,15,1,18.8,1.2,54.3,54.1,2,1,1.00,CYCLE,W
IND,208,6415,59486,30/09/2021,10:41:24,15,1,24.6,1.1,110.1,110.1,2,1,1.00,CYCLE,W
IND,208,6415,59485,30/09/2021,10:41:42,15,0,16.3,1.1,195.2,195.1,2,1,1.00,CYCLE,E
IND,208,6415,59486,30/09/2021,10:43:45,15,1,5.8,0.9,141.4,141.4,2,1,0.80,CYCLE,W
IND,208,6415,59485,30/09/2021,10:44:53,15,0,18.2,1.0,190.1,189.9,2,1,1.00,CYCLE,E
IND,208,6415,59485,30/09/2021,10:46:38,15,0,23.2,0.9,105.9,105.7,2,1,1.00,CYCLE,E
IND,208,6415,59486,30/09/2021,10:48:28,15,1,25.4,1.2,282.6,282.1,2,1,1.00,CYCLE,W
IND,208,6415,59486,30/09/2021,10:53:28,15,1,30.6,1.0,300.4,300.2,2,1,1.00,CYCLE,W
IND,208,6415,59486,30/09/2021,10:54:06,15,1,21.2,1.1,37.2,37.1,2,1,1.00,CYCLE,W
IND,208,6415,59486,30/09/2021,10:56:36,15,1,24.9,1.0,150.3,150.1,2,1,1.00,CYCLE,W
IND,208,6415,59485,30/09/2021,10:58:44,15,0,22.6,1.0,725.9,725.7,2,1,1.00,CYCLE,E
IND,208,6415,59486,30/09/2021,10:59:01,15,1,21.3,1.1,145.0,144.9,2,1,1.00,CYCLE,W
IND,208,6415,59486,30/09/2021,10:59:02,15,1,20.1,1.1,1.0,0.8,2,1,1.00,CYCLE,W
IND,208,6415,59485,30/09/2021,11:00:30,15,0,24.7,1.1,105.5,105.3,2,1,1.00,CYCLE,E
IND,208,6415,59486,30/09/2021,11:06:41,15,1,8.3,0.9,316.9,316.8,2,1,1.00,CYCLE,W
IND,208,6415,59485,30/09/2021,11:07:00,15,0,19.6,1.0,390.3,390.2,2,1,1.00,CYCLE,E
IND,208,6415,59486,30/09/2021,11:08:45,15,1,22.1,1.1,123.9,123.4,2,1,1.00,CYCLE,W
IND,208,6415,59486,30/09/2021,11:10:24,15,1,24.3,1.1,99.0,98.8,2,1,1.00,CYCLE,W
IND,208,6415,59485,30/09/2021,11:10:49,15,0,30.6,1.0,228.7,228.5,2,1,1.00,CYCLE,E
IND,208,6415,59486,30/09/2021,11:11:22,15,1,20.4,1.0,58.5,58.4,2,1,1.00,CYCLE,W
IND,208,6415,59486,30/09/2021,11:12:27,15,1,29.0,1.0,64.8,64.6,2,1,1.00,CYCLE,W
IND,208,6415,59486,30/09/2021,11:13:39,15,1,26.7,1.0,71.8,71.7,2,1,1.00,CYCLE,W
IND,208,6415,59486,30/09/2021,11:17:10,15,1,17.8,1.0,211.1,210.9,2,1,1.00,CYCLE,W
IND,208,6415,59486,30/09/2021,11:17:11,15,1,18.2,0.9,1.5,1.3,2,1,1.00,CYCLE,W
IND,208,6415,59485,30/09/2021,11:22:43,15,0,20.9,1.1,714.4,714.3,2,1,1.00,CYCLE,E
IND,208,6415,59485,30/09/2021,11:23:56,15,0,18.8,1.0,72.6,72.4,2,1,1.00,CYCLE,E
IND,208,6415,59486,30/09/2021,11:24:41,15,1,23.7,1.1,449.5,449.3,2,1,1.00,CYCLE,W
IND,208,6415,59486,30/09/2021,11:27:47,15,1,6.3,0.6,186.3,186.3,2,1,0.80,CYCLE,W
IND,208,6415,59486,30/09/2021,11:33:44,15,1,23.8,1.0,356.6,356.1,2,1,1.00,CYCLE,W
IND,208,6415,59486,30/09/2021,11:35:58,15,1,22.4,1.1,133.8,133.6,2,1,1.00,CYCLE,W
IND,208,6415,59486,30/09/2021,11:37:41,15,1,32.4,1.0,102.9,102.7,2,1,1.00,CYCLE,W
IND,208,6415,59485,30/09/2021,11:40:23,15,0,15.7,1.0,986.8,986.6,2,1,1.00,CYCLE,E
IND,208,6415,59485,30/09/2021,11:42:43,15,0,25.0,1.1,140.0,139.7,2,1,1.00,CYCLE,E
IND,208,6415,59486,30/09/2021,11:43:11,15,1,25.7,1.2,330.4,330.3,2,1,1.00,CYCLE,W
IND,208,6415,59486,30/09/2021,11:43:25,15,1,11.8,1.1,13.6,13.5,2,1,1.00,CYCLE,W
IND,208,6415,59485,30/09/2021,11:43:58,15,0,22.0,1.0,75.3,75.2,2,1,1.00,CYCLE,E
IND,208,6415,59485,30/09/2021,11:44:53,15,0,14.9,0.9,54.6,54.5,2,1,1.00,CYCLE,E
IND,208,6415,59485,30/09/2021,11:44:54,15,0,15.9,1.1,1.9,1.6,2,1,1.00,CYCLE,E
IND,208,6415,59486,30/09/2021,11:51:12,15,1,20.3,1.0,467.9,467.5,2,1,1.00,CYCLE,W
IND,208,6415,59486,30/09/2021,11:51:42,15,1,27.4,1.0,29.5,29.3,2,1,1.00,CYCLE,W
IND,208,6415,59485,30/09/2021,11:52:50,15,0,18.3,1.1,475.7,475.5,2,1,1.00,CYCLE,E
IND,208,6415,59485,30/09/2021,11:52:51,15,0,18.6,1.1,0.4,0.2,2,1,1.00,CYCLE,E
IND,208,6415,59486,30/09/2021,11:53:12,15,1,23.0,1.1,90.3,90.2,2,1,1.00,CYCLE,W
IND,208,6415,59485,30/09/2021,11:53:18,15,0,5.6,1.3,27.6,27.4,2,1,0.80,CYCLE,E
IND,208,6415,59485,30/09/2021,11:55:13,15,0,13.9,1.0,114.6,114.2,2,1,1.00,CYCLE,E
IND,208,6415,59485,30/09/2021,11:55:14,15,0,16.5,1.0,0.8,0.6,2,1,1.00,CYCLE,E
IND,208,6415,59485,30/09/2021,11:55:14,15,0,15.3,1.0,0.6,0.3,2,1,1.00,CYCLE,E
IND,208,6415,59485,30/09/2021,11:55:49,15,0,20.2,1.1,34.6,34.4,2,1,1.00,CYCLE,E
IND,208,6415,59486,30/09/2021,11:56:19,15,1,17.5,1.0,187.1,186.9,2,1,1.00,CYCLE,W
IND,208,6415,59486,30/09/2021,11:56:25,15,1,25.6,1.0,6.0,5.8,2,1,1.00,CYCLE,W
IND,208,6415,59486,30/09/2021,11:57:18,15,1,29.4,1.0,52.6,52.4,2,1,1.00,CYCLE,W
IND,208,6415,59486,30/09/2021,11:57:52,15,1,18.9,1.1,33.6,33.5,2,1,1.00,CYCLE,W
IND,208,6415,59485,30/09/2021,11:57:52,15,0,11.5,1.4,123.4,123.2,2,1,0.80,CYCLE,E
IND,208,6415,59486,30/09/2021,12:00:40,15,1,21.6,1.1,168.0,167.8,2,1,1.00,CYCLE,W
IND,208,6415,59486,30/09/2021,12:01:04,15,1,20.3,1.1,24.7,24.6,2,1,1.00,CYCLE,W
IND,208,6415,59486,30/09/2021,12:01:17,15,1,18.5,1.0,12.3,12.1,2,1,1.00,CYCLE,W
IND,208,6415,59486,30/09/2021,12:01:20,15,1,19.0,1.0,2.9,2.7,2,1,1.00,CYCLE,W
IND,208,6415,59486,30/09/2021,12:01:24,15,1,17.1,1.0,4.6,4.4,2,1,1.00,CYCLE,W
IND,208,6415,59486,30/09/2021,12:01:25,15,1,17.1,1.0,0.5,0.2,2,1,1.00,CYCLE,W
IND,208,6415,59485,30/09/2021,12:01:26,15,0,14.7,1.1,214.1,213.8,2,1,1.00,CYCLE,E
IND,208,6415,59485,30/09/2021,12:03:51,15,0,25.2,1.1,76.3,76.3,2,1,1.00,CYCLE,E
IND,208,6415,59486,30/09/2021,12:09:14,15,1,29.6,1.0,469.5,469.2,2,1,1.00,CYCLE,W
IND,208,6415,59486,30/09/2021,12:13:26,15,1,25.2,1.1,251.5,251.4,2,1,1.00,CYCLE,W
IND,208,6415,59486,30/09/2021,12:14:48,15,1,21.9,1.0,81.8,81.7,2,1,1.00,CYCLE,W
IND,208,6415,59486,30/09/2021,12:14:48,15,1,21.4,1.0,0.7,0.6,2,1,1.00,CYCLE,W
IND,208,6415,59485,30/09/2021,12:17:09,15,0,4.9,1.0,798.0,797.9,2,1,0.38,CYCLE,E
IND,208,6415,59485,30/09/2021,12:17:09,15,0,4.9,1.0,0.0,0.0,2,1,0.38,CYCLE,E
IND,208,6415,59485,30/09/2021,12:18:46,15,0,4.7,1.0,97.0,93.8,2,1,0.57,CYCLE,E
IND,208,6415,59486,30/09/2021,12:19:30,15,1,25.9,1.1,282.2,282.0,2,1,1.00,CYCLE,W
IND,208,6415,59486,30/09/2021,12:21:42,15,1,31.2,1.0,131.5,131.3,2,1,1.00,CYCLE,W
IND,208,6415,59485,30/09/2021,12:21:50,15,0,16.9,1.0,184.4,182.7,2,1,1.00,CYCLE,E
IND,208,6415,59486,30/09/2021,12:23:46,15,1,19.3,0.9,123.8,123.7,2,1,1.00,CYCLE,W
IND,208,6415,59486,30/09/2021,12:23:52,15,1,16.2,0.9,6.0,5.9,2,1,1.00,CYCLE,W
IND,208,6415,59486,30/09/2021,12:23:53,15,1,17.0,1.1,0.9,0.7,2,1,1.00,CYCLE,W
IND,208,6415,59485,30/09/2021,12:28:51,15,0,5.4,0.5,420.6,420.3,2,1,1.00,CYCLE,E
IND,208,6415,59485,30/09/2021,12:30:47,15,0,24.8,1.0,116.6,116.3,2,1,1.00,CYCLE,E
IND,208,6415,59485,30/09/2021,12:32:01,15,0,24.1,1.1,73.8,73.6,2,1,1.00,CYCLE,E
IND,208,6415,59485,30/09/2021,12:34:24,15,0,26.7,1.0,142.9,142.7,2,1,1.00,CYCLE,E
IND,208,6415,59485,30/09/2021,12:35:42,15,0,22.9,1.0,78.3,78.2,2,1,1.00,CYCLE,E
IND,208,6415,59485,30/09/2021,12:35:57,15,0,21.3,1.0,15.0,14.8,2,1,1.00,CYCLE,E
IND,208,6415,59486,30/09/2021,12:39:26,15,1,21.2,1.0,933.5,933.2,2,1,1.00,CYCLE,W
IND,208,6415,59486,30/09/2021,12:39:28,15,1,21.7,1.0,1.7,1.5,2,1,1.00,CYCLE,W
IND,208,6415,59485,30/09/2021,12:39:51,15,0,17.7,1.0,233.4,233.2,2,1,1.00,CYCLE,E
IND,208,6415,59485,30/09/2021,12:39:51,15,0,18.2,0.9,0.7,0.5,2,1,1.00,CYCLE,E
IND,208,6415,59486,30/09/2021,12:44:42,15,1,25.2,1.1,314.2,314.0,2,1,1.00,CYCLE,W
IND,208,6415,59486,30/09/2021,12:44:43,15,1,24.5,1.0,1.3,1.2,2,1,1.00,CYCLE,W
IND,208,6415,59486,30/09/2021,12:44:45,15,1,25.7,1.0,1.5,1.4,2,1,1.00,CYCLE,W
IND,208,6415,59486,30/09/2021,12:44:46,15,1,26.2,1.0,1.0,0.8,2,1,1.00,CYCLE,W
IND,208,6415,59485,30/09/2021,12:45:08,15,0,24.0,1.2,316.2,316.0,2,1,1.00,CYCLE,E
IND,208,6415,59486,30/09/2021,12:47:04,15,1,32.6,1.0,138.3,138.1,2,1,1.00,CYCLE,W
IND,208,6415,59485,30/09/2021,12:48:11,15,0,21.5,1.1,183.4,183.3,2,1,1.00,CYCLE,E
IND,208,6415,59486,30/09/2021,12:48:44,15,1,6.5,1.0,100.1,100.2,2,1,0.67,CYCLE,W
IND,208,6415,59485,30/09/2021,12:49:33,15,0,13.1,1.0,81.7,81.5,2,1,1.00,CYCLE,E
IND,208,6415,59485,30/09/2021,12:49:35,15,0,13.9,0.9,2.2,2.0,2,1,1.00,CYCLE,E
IND,208,6415,59485,30/09/2021,12:49:36,15,0,14.9,1.1,1.0,0.8,2,1,1.00,CYCLE,E
IND,208,6415,59486,30/09/2021,12:50:24,15,1,23.8,1.1,100.3,99.7,2,1,1.00,CYCLE,W
IND,208,6415,59486,30/09/2021,12:50:26,15,1,24.9,1.0,1.1,1.0,2,1,1.00,CYCLE,W
IND,208,6415,59485,30/09/2021,12:53:38,15,0,13.4,0.4,242.1,241.8,2,1,1.00,CYCLE,E
IND,208,6415,59485,30/09/2021,12:56:46,15,0,31.3,1.0,188.3,188.2,2,1,1.00,CYCLE,E
IND,208,6415,59486,30/09/2021,12:57:52,15,1,27.0,1.1,446.8,446.6,2,1,1.00,CYCLE,W
IND,208,6415,59486,30/09/2021,12:58:14,15,1,23.7,1.1,21.4,21.3,2,1,1.00,CYCLE,W
IND,208,6415,59486,30/09/2021,12:59:02,15,1,24.0,1.2,48.1,48.0,2,1,1.00,CYCLE,W
IND,208,6415,59486,30/09/2021,12:59:02,15,1,23.1,1.1,0.3,0.2,2,1,1.00,CYCLE,W
IND,208,6415,59486,30/09/2021,12:59:03,15,1,23.1,1.0,0.9,0.7,2,1,0.86,CYCLE,W
IND,208,6415,59486,30/09/2021,13:01:16,15,1,27.7,1.0,133.1,132.9,2,1,1.00,CYCLE,W
IND,208,6415,59485,30/09/2021,13:01:59,15,0,13.8,1.0,313.1,313.0,2,1,1.00,CYCLE,E
IND,208,6415,59485,30/09/2021,13:02:01,15,0,13.1,1.1,1.3,1.0,2,1,1.00,CYCLE,E
IND,208,6415,59485,30/09/2021,13:02:07,15,0,20.6,1.1,6.1,5.8,2,1,1.00,CYCLE,E
IND,208,6415,59485,30/09/2021,13:03:53,15,0,22.4,1.1,105.7,105.5,2,1,1.00,CYCLE,E
IND,208,6415,59486,30/09/2021,13:08:46,15,1,24.9,1.0,450.3,450.2,2,1,1.00,CYCLE,W
IND,208,6415,59485,30/09/2021,13:12:27,15,0,24.6,1.0,514.7,514.5,2,1,1.00,CYCLE,E
IND,208,6415,59486,30/09/2021,13:16:44,15,1,3.0,1.0,477.8,477.6,2,1,0.44,CYCLE,W
IND,208,6415,59486,30/09/2021,13:17:00,15,1,18.3,1.1,16.0,14.9,2,1,1.00,CYCLE,W
IND,208,6415,59486,30/09/2021,13:17:02,15,1,19.1,0.9,2.0,1.8,2,1,1.00,CYCLE,W
IND,208,6415,59486,30/09/2021,13:17:14,15,1,18.5,1.0,12.1,11.9,2,1,1.00,CYCLE,W
IND,208,6415,59486,30/09/2021,13:17:15,15,1,17.0,1.1,0.6,0.4,2,1,1.00,CYCLE,W
IND,208,6415,59485,30/09/2021,13:18:51,15,0,17.5,1.0,383.5,383.4,2,1,1.00,CYCLE,E
IND,208,6415,59485,30/09/2021,13:18:55,15,0,17.7,1.0,3.9,3.7,2,1,1.00,CYCLE,E
IND,208,6415,59485,30/09/2021,13:18:55,15,0,18.3,1.0,0.4,0.2,2,1,1.00,CYCLE,E
IND,208,6415,59485,30/09/2021,13:18:56,15,0,16.5,1.0,0.4,0.2,2,1,1.00,CYCLE,E
IND,208,6415,59485,30/09/2021,13:19:01,15,0,16.7,1.0,5.4,5.2,2,1,1.00,CYCLE,E
IND,208,6415,59486,30/09/2021,13:22:34,15,1,19.5,1.0,319.3,319.1,2,1,1.00,CYCLE,W
IND,208,6415,59486,30/09/2021,13:22:37,15,1,21.1,1.1,2.7,2.5,2,1,1.00,CYCLE,W
IND,208,6415,59485,30/09/2021,13:28:39,15,0,15.8,1.0,578.2,578.0,2,1,1.00,CYCLE,E
IND,208,6415,59485,30/09/2021,13:28:39,15,0,15.8,1.0,0.0,0.0,2,1,1.00,CYCLE,E
IND,208,6415,59486,30/09/2021,13:30:00,15,1,26.8,1.0,443.4,443.2,2,1,1.00,CYCLE,W
IND,208,6415,59485,30/09/2021,13:30:34,15,0,17.9,1.1,114.7,114.3,2,1,1.00,CYCLE,E
IND,208,6415,59486,30/09/2021,13:35:32,15,1,24.5,0.9,331.4,331.2,2,1,1.00,CYCLE,W
IND,208,6415,59485,30/09/2021,13:35:55,15,0,27.6,1.0,320.7,320.5,2,1,1.00,CYCLE,E
IND,208,6415,59486,30/09/2021,13:42:01,15,1,21.1,1.0,388.9,388.7,2,1,1.00,CYCLE,W
IND,208,6415,59486,30/09/2021,13:42:01,15,1,26.1,1.0,0.6,0.4,2,1,1.00,CYCLE,W
IND,208,6415,59485,30/09/2021,13:44:29,15,0,18.2,1.1,513.9,513.7,2,1,1.00,CYCLE,E
IND,208,6415,59485,30/09/2021,13:45:11,15,0,22.8,1.0,42.0,41.8,2,1,1.00,CYCLE,E
IND,208,6415,59485,30/09/2021,13:47:19,15,0,21.8,1.0,128.4,128.2,2,1,1.00,CYCLE,E
IND,208,6415,59485,30/09/2021,13:48:50,15,0,22.8,1.1,90.6,90.5,2,1,1.00,CYCLE,E
IND,208,6415,59485,30/09/2021,13:49:29,15,0,17.6,1.0,39.5,39.3,2,1,1.00,CYCLE,E
IND,208,6415,59485,30/09/2021,13:51:06,15,0,23.9,1.1,97.2,97.0,2,1,1.00,CYCLE,E
IND,208,6415,59485,30/09/2021,13:51:25,15,0,18.8,1.1,19.2,19.0,2,1,1.00,CYCLE,E
IND,208,6415,59486,30/09/2021,14:00:05,15,1,18.8,1.0,1083.9,1083.8,2,1,1.00,CYCLE,W
IND,208,6415,59485,30/09/2021,14:03:27,15,0,17.4,1.1,337.1,337.0,2,1,1.00,CYCLE,E
IND,208,6415,59485,30/09/2021,14:07:02,15,0,19.0,1.1,214.8,214.6,2,1,1.00,CYCLE,E
IND,208,6415,59486,30/09/2021,14:08:03,15,1,20.4,1.0,478.1,477.8,2,1,1.00,CYCLE,W
IND,208,6415,59486,30/09/2021,14:08:04,15,1,20.3,1.0,0.9,0.7,2,1,1.00,CYCLE,W
IND,208,6415,59486,30/09/2021,14:08:04,15,1,20.3,1.0,0.0,0.0,2,1,1.00,CYCLE,W
IND,208,6415,59485,30/09/2021,14:09:51,15,0,17.2,1.1,169.2,169.0,2,1,1.00,CYCLE,E
IND,208,6415,59485,30/09/2021,14:09:58,15,0,15.4,1.1,6.7,6.4,2,1,1.00,CYCLE,E
IND,208,6415,59485,30/09/2021,14:10:00,15,0,15.8,1.0,2.4,2.1,2,1,1.00,CYCLE,E
IND,208,6415,59485,30/09/2021,14:22:14,15,0,19.0,1.0,733.5,733.1,2,1,1.00,CYCLE,E
IND,208,6415,59486,30/09/2021,14:23:15,15,1,27.4,1.1,910.8,910.5,2,1,1.00,CYCLE,W
IND,208,6415,59485,30/09/2021,14:25:05,15,0,23.5,1.1,170.9,170.7,2,1,1.00,CYCLE,E
IND,208,6415,59485,30/09/2021,14:47:06,15,0,22.5,1.0,1321.0,1320.9,2,1,1.00,CYCLE,E
IND,208,6415,59486,30/09/2021,15:18:48,15,1,31.9,1.0,3333.5,3333.4,2,1,1.00,CYCLE,W
IND,208,6415,59485,30/09/2021,15:25:29,15,0,23.7,1.0,2302.6,2302.4,2,1,1.00,CYCLE,E
IND,208,6415,59485,30/09/2021,15:34:51,15,0,21.3,1.0,562.4,562.2,2,1,1.00,CYCLE,E
IND,208,6415,59485,30/09/2021,15:38:18,15,0,24.1,1.1,207.1,206.9,2,1,1.00,CYCLE,E
IND,208,6415,59485,30/09/2021,15:46:07,15,0,33.8,1.0,469.2,469.1,2,1,1.00,CYCLE,E
IND,208,6415,59486,30/09/2021,15:50:39,15,1,27.5,1.0,1910.3,1910.2,2,1,1.00,CYCLE,W
IND,208,6415,59485,30/09/2021,15:54:51,15,0,36.7,1.1,524.3,524.2,2,1,1.00,CYCLE,E
IND,208,6415,59485,30/09/2021,15:55:21,15,0,24.6,1.0,29.0,28.9,2,1,1.00,CYCLE,E
IND,208,6415,59485,30/09/2021,15:57:29,15,0,21.8,1.0,128.8,128.6,2,1,1.00,CYCLE,E
IND,208,6415,59486,30/09/2021,16:06:12,15,1,21.1,1.1,933.3,933.2,2,1,1.00,CYCLE,W
IND,208,6415,59485,30/09/2021,16:06:28,15,0,25.1,1.0,538.9,538.8,2,1,1.00,CYCLE,E
IND,208,6415,59485,30/09/2021,16:13:40,15,0,22.5,1.0,431.7,431.5,2,1,1.00,CYCLE,E
IND,208,6415,59485,30/09/2021,16:15:03,15,0,20.0,1.1,82.8,82.6,2,1,1.00,CYCLE,E
IND,208,6415,59485,30/09/2021,16:25:34,15,0,24.3,1.0,630.9,630.7,2,1,1.00,CYCLE,E
IND,208,6415,59485,30/09/2021,16:29:53,15,0,26.1,1.1,258.9,258.8,2,1,1.00,CYCLE,E
IND,208,6415,59485,30/09/2021,16:30:06,15,0,19.9,1.0,13.7,13.5,2,1,1.00,CYCLE,E
IND,208,6415,59485,30/09/2021,16:32:16,15,0,12.7,1.1,130.2,130.0,2,1,1.00,CYCLE,E
IND,208,6415,59485,30/09/2021,16:37:32,15,0,28.7,1.0,315.2,314.9,2,1,1.00,CYCLE,E
IND,208,6415,59486,30/09/2021,16:38:11,15,1,28.7,1.1,1918.6,1918.4,2,1,1.00,CYCLE,W
IND,208,6415,59485,30/09/2021,16:39:09,15,0,16.6,1.0,97.0,96.9,2,1,1.00,CYCLE,E
IND,208,6415,59485,30/09/2021,16:41:07,15,0,18.0,1.1,118.5,118.3,2,1,1.00,CYCLE,E
IND,208,6415,59485,30/09/2021,16:43:31,15,0,26.2,1.0,144.0,143.8,2,1,1.00,CYCLE,E
IND,208,6415,59486,30/09/2021,16:43:34,15,1,18.9,1.0,323.1,323.0,2,1,1.00,CYCLE,W
IND,208,6415,59485,30/09/2021,16:47:26,15,0,25.4,1.1,235.0,234.9,2,1,1.00,CYCLE,E
IND,208,6415,59486,30/09/2021,16:47:34,15,1,25.7,1.0,239.8,239.6,2,1,1.00,CYCLE,W
IND,208,6415,59485,30/09/2021,16:54:13,15,0,19.3,1.1,406.3,406.2,2,1,1.00,CYCLE,E
IND,208,6415,59485,30/09/2021,16:55:01,15,0,13.4,1.2,48.8,48.6,2,1,1.00,CYCLE,E
IND,208,6415,59486,30/09/2021,16:55:43,15,1,26.2,1.1,215.0,214.8,2,1,1.00,CYCLE,W
IND,208,6415,59485,30/09/2021,16:57:04,15,0,28.0,1.0,122.5,122.2,2,1,1.00,CYCLE,E
IND,208,6415,59485,30/09/2021,16:57:08,15,0,20.4,1.1,4.1,4.0,2,1,1.00,CYCLE,E
IND,208,6415,59485,30/09/2021,16:57:09,15,0,23.3,1.1,1.5,1.3,2,1,1.00,CYCLE,E
IND,208,6415,59485,30/09/2021,16:58:10,15,0,23.4,1.0,60.8,60.6,2,1,1.00,CYCLE,E
IND,208,6415,59485,30/09/2021,16:58:16,15,0,36.4,0.9,5.4,5.3,2,1,1.00,CYCLE,E
IND,208,6415,59486,30/09/2021,16:59:09,15,1,25.1,1.1,206.1,206.0,2,1,1.00,CYCLE,W
IND,208,6415,59485,30/09/2021,16:59:32,15,0,24.6,0.9,76.2,76.1,2,1,1.00,CYCLE,E
IND,208,6415,59485,30/09/2021,16:59:57,15,0,19.7,1.0,25.2,25.1,2,1,1.00,CYCLE,E
IND,208,6415,59485,30/09/2021,17:01:12,15,0,22.6,0.9,74.8,74.6,2,1,1.00,CYCLE,E
IND,208,6415,59485,30/09/2021,17:03:47,15,0,24.5,1.1,155.6,155.5,2,1,1.00,CYCLE,E
IND,208,6415,59485,30/09/2021,17:04:47,15,0,21.4,1.0,59.5,59.3,2,1,1.00,CYCLE,E
IND,208,6415,59485,30/09/2021,17:09:04,15,0,16.7,1.0,256.9,256.7,2,1,1.00,CYCLE,E
IND,208,6415,59485,30/09/2021,17:14:02,15,0,24.7,1.0,298.3,298.0,2,1,1.00,CYCLE,E
IND,208,6415,59485,30/09/2021,17:15:22,15,0,23.0,1.0,80.4,80.3,2,1,1.00,CYCLE,E
IND,208,6415,59485,30/09/2021,17:18:03,15,0,23.2,1.1,160.5,160.4,2,1,1.00,CYCLE,E
IND,208,6415,59486,30/09/2021,17:18:42,15,1,22.9,1.0,1172.8,1172.6,2,1,1.00,CYCLE,W
IND,208,6415,59485,30/09/2021,17:19:05,15,0,27.5,1.0,62.3,62.8,2,1,0.80,CYCLE,E
IND,208,6415,59486,30/09/2021,17:19:30,15,1,22.8,1.0,48.8,48.7,2,1,1.00,CYCLE,W
IND,208,6415,59486,30/09/2021,17:20:23,15,1,28.1,1.0,52.3,52.2,2,1,1.00,CYCLE,W
IND,208,6415,59485,30/09/2021,17:20:47,15,0,23.6,1.0,102.0,101.2,2,1,1.00,CYCLE,E
IND,208,6415,59485,30/09/2021,17:22:30,15,0,21.4,1.0,102.4,102.3,2,1,1.00,CYCLE,E
IND,208,6415,59485,30/09/2021,17:23:54,15,0,23.9,1.0,84.7,84.5,2,1,1.00,CYCLE,E
IND,208,6415,59485,30/09/2021,17:27:43,15,0,25.5,1.0,46.7,46.3,2,1,1.00,CYCLE,E
IND,208,6415,59485,30/09/2021,17:28:44,15,0,19.3,1.1,61.4,61.2,2,1,1.00,CYCLE,E
IND,208,6415,59485,30/09/2021,17:28:51,15,0,21.5,1.1,6.3,6.1,2,1,1.00,CYCLE,E
IND,208,6415,59485,30/09/2021,17:36:01,15,0,28.4,1.0,429.8,429.6,2,1,1.00,CYCLE,E
IND,208,6415,59485,30/09/2021,17:36:14,15,0,25.7,1.0,13.4,13.3,2,1,1.00,CYCLE,E
IND,208,6415,59485,30/09/2021,17:38:32,15,0,26.3,1.0,137.6,137.5,2,1,1.00,CYCLE,E
IND,208,6415,59485,30/09/2021,17:38:35,15,0,25.4,1.0,3.2,3.0,2,1,1.00,CYCLE,E
IND,208,6415,59486,30/09/2021,17:40:54,15,1,27.8,1.1,1004.5,1004.0,2,1,1.00,CYCLE,W
IND,208,6415,59486,30/09/2021,17:40:54,15,1,29.1,1.1,0.4,0.2,2,1,1.00,CYCLE,W
IND,208,6415,59485,30/09/2021,17:41:15,15,0,23.2,1.1,159.7,159.6,2,1,1.00,CYCLE,E
IND,208,6415,59486,30/09/2021,17:42:24,15,1,30.1,0.5,89.6,89.5,2,1,1.00,CYCLE,W
IND,208,6415,59485,30/09/2021,17:44:40,15,0,28.1,1.0,205.5,205.4,2,1,1.00,CYCLE,E
IND,208,6415,59485,30/09/2021,17:45:44,15,0,28.0,1.1,63.5,63.3,2,1,1.00,CYCLE,E
IND,208,6415,59485,30/09/2021,17:45:57,15,0,25.9,1.0,13.1,12.9,2,1,1.00,CYCLE,E
IND,208,6415,59485,30/09/2021,17:45:59,15,0,19.3,1.0,2.9,2.8,2,1,1.00,CYCLE,E
IND,208,6415,59485,30/09/2021,17:46:37,15,0,31.2,1.0,37.9,38.2,2,1,0.80,CYCLE,E
IND,208,6415,59485,30/09/2021,17:46:57,15,0,27.5,1.0,19.2,18.6,2,1,1.00,CYCLE,E
IND,208,6415,59485,30/09/2021,17:50:05,15,0,18.9,1.1,188.8,188.6,2,1,1.00,CYCLE,E
IND,208,6415,59485,30/09/2021,17:52:12,15,0,23.2,1.0,126.6,126.4,2,1,1.00,CYCLE,E
IND,208,6415,59485,30/09/2021,17:52:12,15,0,23.2,1.0,0.0,0.0,2,1,1.00,CYCLE,E
IND,208,6415,59486,30/09/2021,17:57:16,15,1,19.6,1.0,891.8,891.7,2,1,1.00,CYCLE,W
IND,208,6415,59485,30/09/2021,17:57:39,15,0,25.1,1.1,327.2,327.0,2,1,1.00,CYCLE,E
IND,208,6415,59485,30/09/2021,17:58:27,15,0,25.1,1.0,47.8,47.6,2,1,1.00,CYCLE,E
IND,208,6415,59486,30/09/2021,17:58:47,15,1,27.1,1.0,91.3,91.0,2,1,1.00,CYCLE,W
IND,208,6415,59485,30/09/2021,17:59:31,15,0,17.7,1.1,64.6,64.4,2,1,1.00,CYCLE,E
IND,208,6415,59485,30/09/2021,18:02:02,15,0,29.6,1.0,150.9,150.7,2,1,1.00,CYCLE,E
IND,208,6415,59486,30/09/2021,18:02:43,15,1,20.7,1.0,236.1,236.0,2,1,1.00,CYCLE,W
IND,208,6415,59486,30/09/2021,18:08:20,15,1,32.9,1.0,337.1,336.9,2,1,1.00,CYCLE,W
IND,208,6415,59485,30/09/2021,18:16:47,15,0,16.4,1.1,884.6,884.4,2,1,1.00,CYCLE,E
IND,208,6415,59485,30/09/2021,18:18:03,15,0,23.4,1.0,36.6,36.6,2,1,1.00,CYCLE,E
IND,208,6415,59486,30/09/2021,18:19:45,15,1,26.2,1.0,684.6,684.5,2,1,1.00,CYCLE,W
IND,208,6415,59486,30/09/2021,18:21:50,15,1,24.8,1.1,125.0,124.9,2,1,1.00,CYCLE,W
IND,208,6415,59485,30/09/2021,18:23:07,15,0,32.7,1.0,304.0,303.8,2,1,1.00,CYCLE,E
IND,208,6415,59485,30/09/2021,18:24:28,15,0,23.0,1.1,81.2,81.1,2,1,1.00,CYCLE,E
IND,208,6415,59485,30/09/2021,18:24:55,15,0,20.4,1.0,26.4,26.2,2,1,1.00,CYCLE,E
IND,208,6415,59485,30/09/2021,18:24:55,15,0,19.6,1.1,0.6,0.4,2,1,1.00,CYCLE,E
IND,208,6415,59485,30/09/2021,18:28:18,15,0,20.2,1.0,202.5,202.3,2,1,1.00,CYCLE,E
IND,208,6415,59486,30/09/2021,18:32:02,15,1,7.7,1.0,611.9,611.7,2,1,0.29,CYCLE,W
IND,208,6415,59486,30/09/2021,18:32:02,15,1,7.7,1.0,0.0,0.0,2,1,0.29,CYCLE,W
IND,208,6415,59486,30/09/2021,18:32:59,15,1,19.9,1.1,57.7,57.2,2,1,1.00,CYCLE,W
IND,208,6415,59486,30/09/2021,18:33:01,15,1,19.5,1.1,1.3,1.1,2,1,1.00,CYCLE,W
IND,208,6415,59485,30/09/2021,18:34:22,15,0,29.4,1.0,364.2,364.0,2,1,1.00,CYCLE,E
IND,208,6415,59486,30/09/2021,18:34:45,15,1,25.6,1.1,104.0,103.8,2,1,1.00,CYCLE,W
IND,208,6415,59486,30/09/2021,18:36:12,15,1,27.3,1.1,86.8,86.7,2,1,1.00,CYCLE,W
IND,208,6415,59485,30/09/2021,18:43:33,15,0,27.8,1.0,551.1,551.0,2,1,1.00,CYCLE,E
IND,208,6415,59485,30/09/2021,18:45:10,15,0,26.5,1.1,96.6,96.5,2,1,1.00,CYCLE,E
IND,208,6415,59485,30/09/2021,18:46:06,15,0,26.7,1.1,56.4,56.3,2,1,1.00,CYCLE,E
IND,208,6415,59485,30/09/2021,18:48:52,15,0,28.4,1.0,165.2,165.1,2,1,1.00,CYCLE,E
IND,208,6415,59485,30/09/2021,18:48:52,15,0,26.2,1.0,0.3,0.2,2,1,1.00,CYCLE,E
IND,208,6415,59485,30/09/2021,19:02:32,15,0,21.2,1.1,819.8,819.7,2,1,1.00,CYCLE,E
IND,208,6415,59486,30/09/2021,19:06:30,15,1,16.9,1.1,1193.6,1193.2,2,1,1.00,CYCLE,W
IND,208,6415,59485,30/09/2021,19:06:37,15,0,22.4,1.1,245.5,245.4,2,1,1.00,CYCLE,E
IND,208,6415,59485,30/09/2021,19:11:29,15,0,18.4,1.1,291.4,291.2,2,1,1.00,CYCLE,E
IND,208,6415,59485,30/09/2021,19:24:18,15,0,26.3,1.1,769.1,768.9,2,1,1.00,CYCLE,E
IND,208,6415,59485,30/09/2021,19:29:53,15,0,20.7,1.2,335.5,335.4,2,1,1.00,CYCLE,E
IND,208,6415,59485,30/09/2021,19:37:39,15,0,23.9,1.1,465.5,465.3,2,1,1.00,CYCLE,E
IND,208,6415,59485,30/09/2021,19:51:57,15,0,24.3,1.1,858.6,858.5,2,1,1.00,CYCLE,E
IND,208,6415,59485,30/09/2021,20:12:42,15,0,23.3,1.0,1245.0,1244.8,2,1,1.00,CYCLE,E
IND,208,6415,59486,30/09/2021,20:20:10,15,1,27.0,1.1,4419.9,4419.6,2,1,1.00,CYCLE,W
IND,208,6415,59486,30/09/2021,21:24:31,15,1,29.4,1.0,3860.8,3860.7,2,1,1.00,CYCLE,W
IND,208,6415,59485,30/09/2021,21:47:18,15,0,19.9,1.0,5675.9,5675.8,2,1,1.00,CYCLE,E
IND,208,6415,59485,30/09/2021,21:48:59,15,0,14.8,1.0,100.8,100.6,2,1,1.00,CYCLE,E
IND,208,6415,59486,01/10/2021,02:17:57,15,1,31.5,1.0,17605.8,17605.7,2,1,1.00,CYCLE,W
IND,208,6415,59485,01/10/2021,04:24:07,15,0,22.6,1.1,23707.5,23707.3,2,1,1.00,CYCLE,E
IND,208,6415,59486,01/10/2021,05:43:40,15,1,25.2,1.1,12343.5,12343.4,2,1,1.00,CYCLE,W
IND,208,6415,59486,01/10/2021,05:58:53,15,1,26.9,1.1,276.7,276.4,2,1,1.00,CYCLE,W
IND,208,6415,59485,01/10/2021,06:11:24,15,0,17.8,1.1,644.2,643.6,2,1,1.00,CYCLE,E
IND,208,6415,59486,01/10/2021,06:12:23,15,1,27.0,1.0,810.5,810.3,2,1,0.86,CYCLE,W
IND,208,6415,59486,01/10/2021,06:12:24,15,1,29.4,1.0,0.9,0.7,2,1,1.00,CYCLE,W
IND,208,6415,59485,01/10/2021,06:13:32,15,0,27.3,1.1,128.4,128.2,2,1,1.00,CYCLE,E
IND,208,6415,59485,01/10/2021,06:14:32,15,0,23.2,1.0,60.1,60.0,2,1,1.00,CYCLE,E
IND,208,6415,59485,01/10/2021,06:17:29,15,0,20.4,1.2,176.6,176.4,2,1,1.00,CYCLE,E
IND,208,6415,59485,01/10/2021,06:20:52,15,0,24.2,1.1,202.5,202.3,2,1,1.00,CYCLE,E
IND,208,6415,59486,01/10/2021,06:21:07,15,1,22.7,1.1,522.8,522.7,2,1,1.00,CYCLE,W
IND,208,6415,59485,01/10/2021,06:21:25,15,0,26.9,1.1,33.4,33.2,2,1,1.00,CYCLE,E
IND,208,6415,59485,01/10/2021,06:21:35,15,0,26.1,1.0,10.0,9.9,2,1,1.00,CYCLE,E
IND,208,6415,59485,01/10/2021,06:21:35,15,0,24.5,1.0,0.3,0.2,2,1,1.00,CYCLE,E
IND,208,6415,59486,01/10/2021,06:23:04,15,1,29.5,1.0,117.0,116.8,2,1,1.00,CYCLE,W
IND,208,6415,59486,01/10/2021,06:27:19,15,1,30.5,1.0,254.8,254.7,2,1,1.00,CYCLE,W
IND,208,6415,59486,01/10/2021,06:32:02,15,1,19.1,1.0,283.6,283.5,2,1,1.00,CYCLE,W
IND,208,6415,59486,01/10/2021,06:32:04,15,1,23.9,1.0,1.7,1.5,2,1,1.00,CYCLE,W
IND,208,6415,59485,01/10/2021,06:32:27,15,0,25.3,1.0,651.5,651.3,2,1,1.00,CYCLE,E
IND,208,6415,59486,01/10/2021,06:38:25,15,1,23.7,1.1,380.9,380.7,2,1,1.00,CYCLE,W
IND,208,6415,59486,01/10/2021,06:39:36,15,1,33.0,1.0,71.1,71.0,2,1,1.00,CYCLE,W
IND,208,6415,59485,01/10/2021,06:42:10,15,0,23.2,1.1,583.0,582.8,2,1,1.00,CYCLE,E
IND,208,6415,59485,01/10/2021,06:45:17,15,0,20.8,1.0,187.2,187.0,2,1,1.00,CYCLE,E
IND,208,6415,59485,01/10/2021,06:46:22,15,0,26.8,1.1,65.6,65.4,2,1,1.00,CYCLE,E
IND,208,6415,59486,01/10/2021,06:47:57,15,1,31.6,1.1,501.3,501.2,2,1,1.00,CYCLE,W
IND,208,6415,59486,01/10/2021,06:50:44,15,1,30.9,1.0,166.3,166.1,2,1,1.00,CYCLE,W
IND,208,6415,59485,01/10/2021,06:51:04,15,0,27.8,1.1,281.5,281.4,2,1,1.00,CYCLE,E
IND,208,6415,59486,01/10/2021,06:51:12,15,1,38.0,1.1,28.6,28.5,2,1,1.00,CYCLE,W
IND,208,6415,59485,01/10/2021,06:51:54,15,0,20.7,1.1,50.4,50.2,2,1,1.00,CYCLE,E
IND,208,6415,59485,01/10/2021,06:52:10,15,0,20.0,1.1,16.1,15.9,2,1,1.00,CYCLE,E
IND,208,6415,59485,01/10/2021,06:52:28,15,0,18.7,1.1,18.0,17.8,2,1,1.00,CYCLE,E
IND,208,6415,59486,01/10/2021,06:52:42,15,1,26.1,1.1,89.7,89.6,2,1,1.00,CYCLE,W
IND,208,6415,59486,01/10/2021,06:52:43,15,1,27.2,1.0,0.6,0.4,2,1,1.00,CYCLE,W
IND,208,6415,59485,01/10/2021,06:54:07,15,0,26.6,1.0,74.2,0.0,2,1,1.00,CYCLE,E
IND,208,6415,59486,01/10/2021,06:54:10,15,1,26.1,1.0,87.6,87.4,2,1,1.00,CYCLE,W
IND,208,6415,59485,01/10/2021,06:54:39,15,0,24.7,1.0,10.9,10.1,2,1,1.00,CYCLE,E
IND,208,6415,59486,01/10/2021,06:58:36,15,1,29.2,0.9,265.7,265.6,2,1,1.00,CYCLE,W
IND,208,6415,59486,01/10/2021,07:00:48,15,1,30.8,1.1,132.4,132.3,2,1,1.00,CYCLE,W
IND,208,6415,59486,01/10/2021,07:01:19,15,1,26.0,1.1,30.5,30.3,2,1,1.00,CYCLE,W
IND,208,6415,59485,01/10/2021,07:01:54,15,0,21.6,1.1,434.3,434.2,2,1,1.00,CYCLE,E
IND,208,6415,59485,01/10/2021,07:04:30,15,0,25.9,1.0,156.6,156.5,2,1,1.00,CYCLE,E
IND,208,6415,59485,01/10/2021,07:04:49,15,0,19.8,1.1,18.9,18.8,2,1,1.00,CYCLE,E
IND,208,6415,59486,01/10/2021,07:06:49,15,1,29.4,1.1,330.4,330.3,2,1,1.00,CYCLE,W
IND,208,6415,59486,01/10/2021,07:08:40,15,1,27.8,1.0,110.3,110.2,2,1,1.00,CYCLE,W
IND,208,6415,59486,01/10/2021,07:08:40,15,1,28.4,1.0,0.4,0.2,2,1,1.00,CYCLE,W
IND,208,6415,59486,01/10/2021,07:08:55,15,1,31.6,1.0,15.1,15.0,2,1,1.00,CYCLE,W
IND,208,6415,59485,01/10/2021,07:09:59,15,0,24.0,1.1,310.0,309.8,2,1,1.00,CYCLE,E
IND,208,6415,59486,01/10/2021,07:11:31,15,1,28.6,1.0,11.8,11.6,2,1,1.00,CYCLE,W
IND,208,6415,59486,01/10/2021,07:12:36,15,1,28.9,1.0,65.0,64.8,2,1,1.00,CYCLE,W
IND,208,6415,59486,01/10/2021,07:13:30,15,1,29.3,1.0,54.0,53.8,2,1,1.00,CYCLE,W
IND,208,6415,59486,01/10/2021,07:14:12,15,1,28.4,1.0,41.9,41.8,2,1,1.00,CYCLE,W
IND,208,6415,59486,01/10/2021,07:14:59,15,1,28.8,1.0,47.5,47.4,2,1,1.00,CYCLE,W
IND,208,6415,59486,01/10/2021,07:16:44,15,1,25.5,1.1,105.0,104.9,2,1,1.00,CYCLE,W
IND,208,6415,59486,01/10/2021,07:19:02,15,1,31.5,1.0,137.3,137.1,2,1,1.00,CYCLE,W
IND,208,6415,59485,01/10/2021,07:20:20,15,0,22.5,1.0,621.0,620.8,2,1,1.00,CYCLE,E
IND,208,6415,59485,01/10/2021,07:21:57,15,0,19.2,1.1,97.2,97.1,2,1,1.00,CYCLE,E
IND,208,6415,59486,01/10/2021,07:22:05,15,1,28.0,1.0,183.7,183.6,2,1,1.00,CYCLE,W
IND,208,6415,59486,01/10/2021,07:23:56,15,1,33.9,1.1,110.4,110.3,2,1,1.00,CYCLE,W
IND,208,6415,59486,01/10/2021,07:24:01,15,1,33.9,1.0,4.9,4.8,2,1,1.00,CYCLE,W
IND,208,6415,59486,01/10/2021,07:27:18,15,1,25.2,1.1,197.5,197.4,2,1,1.00,CYCLE,W
IND,208,6415,59486,01/10/2021,07:27:38,15,1,25.8,1.0,19.8,19.7,2,1,1.00,CYCLE,W
IND,208,6415,59486,01/10/2021,07:29:22,15,1,23.9,1.0,103.9,103.7,2,1,1.00,CYCLE,W
IND,208,6415,59486,01/10/2021,07:30:41,15,1,26.8,1.0,78.8,78.7,2,1,1.00,CYCLE,W
IND,208,6415,59486,01/10/2021,07:31:19,15,1,26.0,1.0,38.4,38.3,2,1,0.50,CYCLE,W
IND,208,6415,59485,01/10/2021,07:31:19,15,0,26.0,1.0,0.0,0.0,2,1,0.50,CYCLE,E
IND,208,6415,59486,01/10/2021,07:32:19,15,1,25.5,1.0,60.4,60.2,2,1,1.00,CYCLE,W
IND,208,6415,59486,01/10/2021,07:33:08,15,1,25.0,1.0,49.0,48.9,2,1,1.00,CYCLE,W
IND,208,6415,59486,01/10/2021,07:33:09,15,1,25.2,1.0,0.8,0.7,2,1,1.00,CYCLE,W
IND,208,6415,59486,01/10/2021,07:33:10,15,1,25.9,1.0,0.7,0.5,2,1,1.00,CYCLE,W
IND,208,6415,59486,01/10/2021,07:33:26,15,1,25.5,1.0,16.1,16.0,2,1,1.00,CYCLE,W
IND,208,6415,59486,01/10/2021,07:33:29,15,1,18.3,1.0,2.6,2.5,2,1,0.80,CYCLE,W
IND,208,6415,59486,01/10/2021,07:33:32,15,1,25.9,1.0,3.5,3.3,2,1,1.00,CYCLE,W
IND,208,6415,59486,01/10/2021,07:33:33,15,1,26.3,1.0,0.5,0.3,2,1,1.00,CYCLE,W
IND,208,6415,59486,01/10/2021,07:34:16,15,1,30.2,1.0,43.1,43.0,2,1,1.00,CYCLE,W
IND,208,6415,59486,01/10/2021,07:34:59,15,1,25.8,1.0,43.2,43.1,2,1,1.00,CYCLE,W
IND,208,6415,59486,01/10/2021,07:35:09,15,1,27.0,1.0,10.5,10.3,2,1,1.00,CYCLE,W
IND,208,6415,59486,01/10/2021,07:35:59,15,1,24.1,1.0,49.1,49.0,2,1,1.00,CYCLE,W
IND,208,6415,59486,01/10/2021,07:37:32,15,1,24.5,1.1,93.3,93.2,2,1,1.00,CYCLE,W
IND,208,6415,59486,01/10/2021,07:38:39,15,1,27.7,1.1,66.8,66.7,2,1,1.00,CYCLE,W
IND,208,6415,59486,01/10/2021,07:39:23,15,1,29.5,1.0,44.1,44.0,2,1,1.00,CYCLE,W
IND,208,6415,59485,01/10/2021,07:39:26,15,0,27.6,1.0,1048.4,1048.2,2,1,1.00,CYCLE,E
IND,208,6415,59486,01/10/2021,07:39:36,15,1,30.2,1.1,13.1,12.9,2,1,1.00,CYCLE,W
IND,208,6415,59486,01/10/2021,07:39:39,15,1,24.9,1.1,3.3,3.2,2,1,1.00,CYCLE,W
IND,208,6415,59486,01/10/2021,07:41:04,15,1,26.5,1.1,84.7,84.5,2,1,1.00,CYCLE,W
IND,208,6415,59485,01/10/2021,07:42:15,15,0,32.9,1.0,169.4,169.2,2,1,1.00,CYCLE,E
IND,208,6415,59486,01/10/2021,07:42:22,15,1,29.3,1.1,78.2,78.0,2,1,1.00,CYCLE,W
IND,208,6415,59486,01/10/2021,07:42:28,15,1,34.3,1.0,6.4,6.2,2,1,1.00,CYCLE,W
IND,208,6415,59486,01/10/2021,07:42:30,15,1,24.0,1.1,1.2,1.1,2,1,1.00,CYCLE,W
IND,208,6415,59485,01/10/2021,07:43:50,15,0,20.5,1.0,94.5,94.4,2,1,1.00,CYCLE,E
IND,208,6415,59485,01/10/2021,07:46:31,15,0,30.4,1.0,161.5,161.3,2,1,1.00,CYCLE,E
IND,208,6415,59485,01/10/2021,07:46:43,15,0,18.4,1.0,11.4,11.3,2,1,1.00,CYCLE,E
IND,208,6415,59485,01/10/2021,07:47:08,15,0,17.1,1.0,25.0,24.8,2,1,1.00,CYCLE,E
IND,208,6415,59486,01/10/2021,07:47:38,15,1,26.2,1.1,308.4,308.2,2,1,1.00,CYCLE,W
IND,208,6415,59486,01/10/2021,07:48:01,15,1,26.9,1.0,22.7,22.6,2,1,1.00,CYCLE,W
IND,208,6415,59485,01/10/2021,07:48:02,15,0,26.7,1.0,54.6,54.4,2,1,1.00,CYCLE,E
IND,208,6415,59485,01/10/2021,07:48:51,15,0,20.5,1.1,48.9,48.7,2,1,1.00,CYCLE,E
IND,208,6415,59486,01/10/2021,07:48:57,15,1,27.0,1.0,56.4,56.3,2,1,1.00,CYCLE,W
IND,208,6415,59485,01/10/2021,07:49:09,15,0,21.5,1.1,18.3,18.1,2,1,1.00,CYCLE,E
IND,208,6415,59486,01/10/2021,07:49:15,15,1,30.9,1.0,18.2,18.0,2,1,1.00,CYCLE,W
IND,208,6415,59486,01/10/2021,07:50:56,15,1,32.5,1.1,100.6,100.5,2,1,1.00,CYCLE,W
IND,208,6415,59485,01/10/2021,07:51:27,15,0,15.3,1.1,137.2,137.1,2,1,1.00,CYCLE,E
IND,208,6415,59485,01/10/2021,07:52:23,15,0,24.3,1.0,56.5,56.2,2,1,1.00,CYCLE,E
IND,208,6415,59486,01/10/2021,07:53:10,15,1,27.4,1.0,134.2,134.1,2,1,1.00,CYCLE,W
IND,208,6415,59486,01/10/2021,07:53:17,15,1,34.3,1.0,7.1,7.0,2,1,1.00,CYCLE,W
IND,208,6415,59486,01/10/2021,07:53:21,15,1,32.5,1.0,3.6,3.5,2,1,1.00,CYCLE,W
IND,208,6415,59486,01/10/2021,07:54:01,15,1,22.7,1.0,40.3,40.2,2,1,1.00,CYCLE,W
IND,208,6415,59486,01/10/2021,07:56:52,15,1,26.7,1.0,171.2,171.0,2,1,1.00,CYCLE,W
IND,208,6415,59486,01/10/2021,07:57:39,15,1,23.9,1.0,47.0,46.9,2,1,1.00,CYCLE,W
IND,208,6415,59486,01/10/2021,07:57:52,15,1,23.6,1.0,12.5,12.3,2,1,1.00,CYCLE,W
IND,208,6415,59486,01/10/2021,08:00:16,15,1,27.0,1.0,144.2,144.1,2,1,1.00,CYCLE,W
IND,208,6415,59485,01/10/2021,08:00:19,15,0,28.7,1.1,379.8,379.0,2,1,1.00,CYCLE,E
IND,208,6415,59486,01/10/2021,08:00:24,15,1,28.6,1.0,7.5,7.4,2,1,1.00,CYCLE,W
IND,208,6415,59485,01/10/2021,08:01:31,15,0,27.5,0.8,71.8,71.7,2,1,1.00,CYCLE,E
IND,208,6415,59485,01/10/2021,08:03:34,15,0,22.5,1.0,122.8,122.7,2,1,1.00,CYCLE,E
IND,208,6415,59486,01/10/2021,08:04:13,15,1,25.4,1.1,229.7,229.6,2,1,1.00,CYCLE,W
IND,208,6415,59486,01/10/2021,08:04:44,15,1,27.7,1.0,31.0,30.8,2,1,1.00,CYCLE,W
IND,208,6415,59486,01/10/2021,08:06:21,15,1,31.2,1.0,96.5,96.4,2,1,1.00,CYCLE,W
IND,208,6415,59486,01/10/2021,08:09:43,15,1,29.2,1.0,202.4,202.3,2,1,1.00,CYCLE,W
IND,208,6415,59485,01/10/2021,08:11:01,15,0,20.5,1.0,446.9,446.7,2,1,1.00,CYCLE,E
IND,208,6415,59486,01/10/2021,08:11:11,15,1,23.0,1.0,88.1,88.0,2,1,1.00,CYCLE,W
IND,208,6415,59485,01/10/2021,08:11:32,15,0,19.9,1.0,31.5,31.3,2,1,1.00,CYCLE,E
IND,208,6415,59486,01/10/2021,08:14:29,15,1,29.6,1.0,197.5,197.3,2,1,1.00,CYCLE,W
IND,208,6415,59486,01/10/2021,08:14:37,15,1,30.1,1.0,8.7,8.6,2,1,1.00,CYCLE,W
IND,208,6415,59486,01/10/2021,08:14:40,15,1,31.5,1.1,2.5,2.4,2,1,1.00,CYCLE,W
IND,208,6415,59486,01/10/2021,08:15:03,15,1,28.7,1.0,23.3,23.1,2,1,1.00,CYCLE,W
IND,208,6415,59486,01/10/2021,08:18:49,15,1,25.2,1.0,226.1,225.9,2,1,1.00,CYCLE,W
IND,208,6415,59486,01/10/2021,08:19:47,15,1,29.8,1.0,57.7,57.5,2,1,1.00,CYCLE,W
IND,208,6415,59485,01/10/2021,08:19:52,15,0,21.8,1.1,204.4,204.2,2,1,1.00,CYCLE,E
IND,208,6415,59486,01/10/2021,08:21:14,15,1,29.0,1.0,86.6,86.5,2,1,1.00,CYCLE,W
IND,208,6415,59486,01/10/2021,08:22:33,15,1,31.5,1.1,79.6,79.5,2,1,1.00,CYCLE,W
IND,208,6415,59486,01/10/2021,08:23:04,15,1,28.2,1.0,30.9,30.8,2,1,1.00,CYCLE,W
IND,208,6415,59486,01/10/2021,08:23:52,15,1,27.1,1.1,47.6,47.5,2,1,1.00,CYCLE,W
IND,208,6415,59486,01/10/2021,08:23:52,15,1,27.4,1.2,0.4,0.3,2,1,1.00,CYCLE,W
IND,208,6415,59486,01/10/2021,08:23:55,15,1,30.9,1.0,3.3,3.1,2,1,1.00,CYCLE,W
IND,208,6415,59486,01/10/2021,08:23:59,15,1,28.5,1.1,3.8,3.7,2,1,1.00,CYCLE,W
IND,208,6415,59485,01/10/2021,08:24:05,15,0,24.7,1.0,252.1,251.9,2,1,1.00,CYCLE,E
IND,208,6415,59486,01/10/2021,08:24:07,15,1,22.2,1.0,7.3,7.1,2,1,1.00,CYCLE,W
IND,208,6415,59486,01/10/2021,08:24:07,15,1,22.9,1.1,0.9,0.8,2,1,1.00,CYCLE,W
IND,208,6415,59486,01/10/2021,08:24:38,15,1,21.1,1.1,30.4,30.3,2,1,1.00,CYCLE,W
IND,208,6415,59485,01/10/2021,08:25:31,15,0,22.6,1.0,86.1,85.9,2,1,1.00,CYCLE,E
IND,208,6415,59486,01/10/2021,08:25:56,15,1,32.2,1.0,77.9,77.7,2,1,1.00,CYCLE,W
IND,208,6415,59486,01/10/2021,08:26:01,15,1,33.6,1.0,4.8,4.7,2,1,1.00,CYCLE,W
IND,208,6415,59486,01/10/2021,08:27:32,15,1,35.1,1.0,91.0,90.9,2,1,1.00,CYCLE,W
IND,208,6415,59486,01/10/2021,08:27:33,15,1,26.3,1.0,1.3,1.2,2,1,1.00,CYCLE,W
IND,208,6415,59485,01/10/2021,08:27:33,15,0,5.4,1.0,122.6,122.4,2,1,0.25,CYCLE,E
IND,208,6415,59485,01/10/2021,08:27:33,15,0,5.4,1.0,0.0,0.0,2,1,0.25,CYCLE,E
IND,208,6415,59486,01/10/2021,08:28:04,15,1,29.4,1.0,31.4,31.2,2,1,1.00,CYCLE,W
IND,208,6415,59486,01/10/2021,08:31:17,15,1,22.7,1.0,192.8,192.7,2,1,1.00,CYCLE,W
IND,208,6415,59486,01/10/2021,08:31:46,15,1,26.5,1.1,29.1,28.9,2,1,1.00,CYCLE,W
IND,208,6415,59486,01/10/2021,08:31:47,15,1,25.4,1.0,0.6,0.5,2,1,1.00,CYCLE,W
IND,208,6415,59485,01/10/2021,08:31:54,15,0,35.4,1.0,260.5,259.4,2,1,1.00,CYCLE,E
IND,208,6415,59485,01/10/2021,08:33:15,15,0,19.1,1.1,81.4,81.3,2,1,1.00,CYCLE,E
IND,208,6415,59485,01/10/2021,08:33:41,15,0,18.8,1.0,26.3,26.1,2,1,1.00,CYCLE,E
IND,208,6415,59486,01/10/2021,08:38:09,15,1,25.8,1.0,381.8,381.7,2,1,1.00,CYCLE,W
IND,208,6415,59486,01/10/2021,08:38:45,15,1,41.3,0.9,36.7,36.6,2,1,1.00,CYCLE,W
IND,208,6415,59486,01/10/2021,08:39:55,15,1,24.8,1.0,69.8,69.8,2,1,1.00,CYCLE,W
IND,208,6415,59486,01/10/2021,08:39:55,15,1,24.8,1.0,0.0,0.0,2,1,1.00,CYCLE,W
IND,208,6415,59486,01/10/2021,08:41:22,15,1,28.3,1.0,86.7,86.4,2,1,1.00,CYCLE,W
IND,208,6415,59486,01/10/2021,08:42:33,15,1,24.4,1.0,71.2,71.1,2,1,1.00,CYCLE,W
IND,208,6415,59486,01/10/2021,08:44:20,15,1,27.7,1.0,106.7,106.6,2,1,1.00,CYCLE,W
IND,208,6415,59486,01/10/2021,08:47:10,15,1,23.7,1.1,170.7,170.6,2,1,1.00,CYCLE,W
IND,208,6415,59485,01/10/2021,08:48:19,15,0,22.3,1.1,75.9,74.4,2,1,1.00,CYCLE,E
IND,208,6415,59485,01/10/2021,08:49:32,15,0,22.1,1.0,72.5,72.3,2,1,1.00,CYCLE,E
IND,208,6415,59485,01/10/2021,08:51:49,15,0,24.5,1.0,136.7,136.5,2,1,1.00,CYCLE,E
IND,208,6415,59486,01/10/2021,08:53:30,15,1,25.2,1.1,379.4,379.3,2,1,1.00,CYCLE,W
IND,208,6415,59486,01/10/2021,08:54:34,15,1,29.3,1.1,64.3,64.2,2,1,1.00,CYCLE,W
IND,208,6415,59485,01/10/2021,08:54:51,15,0,23.3,0.9,182.1,182.0,2,1,1.00,CYCLE,E
IND,208,6415,59486,01/10/2021,08:55:05,15,1,27.0,1.0,30.4,30.2,2,1,1.00,CYCLE,W
IND,208,6415,59485,01/10/2021,08:56:24,15,0,35.5,1.1,93.8,93.7,2,1,1.00,CYCLE,E
IND,208,6415,59486,01/10/2021,08:57:45,15,1,25.2,1.1,160.6,160.4,2,1,1.00,CYCLE,W
IND,208,6415,59486,01/10/2021,08:59:42,15,1,23.5,1.1,116.5,116.3,2,1,1.00,CYCLE,W
IND,208,6415,59486,01/10/2021,09:00:04,15,1,29.6,1.0,21.9,21.7,2,1,1.00,CYCLE,W
IND,208,6415,59486,01/10/2021,09:00:41,15,1,30.8,1.0,37.6,37.5,2,1,1.00,CYCLE,W
IND,208,6415,59486,01/10/2021,09:01:15,15,1,24.9,1.0,34.1,34.0,2,1,1.00,CYCLE,W
IND,208,6415,59486,01/10/2021,09:01:21,15,1,26.3,1.0,6.2,6.0,2,1,1.00,CYCLE,W
IND,208,6415,59486,01/10/2021,09:01:23,15,1,27.6,1.0,1.2,1.1,2,1,1.00,CYCLE,W
IND,208,6415,59486,01/10/2021,09:01:24,15,1,27.7,1.0,1.4,1.3,2,1,1.00,CYCLE,W
IND,208,6415,59485,01/10/2021,09:02:39,15,0,20.2,1.0,374.1,374.0,2,1,1.00,CYCLE,E
IND,208,6415,59485,01/10/2021,09:02:39,15,0,20.2,1.0,0.0,0.0,2,1,1.00,CYCLE,E
IND,208,6415,59486,01/10/2021,09:03:44,15,1,30.0,1.0,140.3,140.1,2,1,1.00,CYCLE,W
IND,208,6415,59486,01/10/2021,09:05:20,15,1,22.1,1.0,96.0,95.9,2,1,1.00,CYCLE,W
IND,208,6415,59486,01/10/2021,09:06:54,15,1,25.8,1.0,93.3,93.4,2,1,0.80,CYCLE,W
IND,208,6415,59486,01/10/2021,09:08:13,15,1,31.6,1.1,79.7,79.1,2,1,1.00,CYCLE,W
IND,208,6415,59486,01/10/2021,09:09:11,15,1,23.9,1.1,57.9,57.7,2,1,1.00,CYCLE,W
IND,208,6415,59485,01/10/2021,09:09:40,15,0,26.4,1.0,421.9,421.6,2,1,1.00,CYCLE,E
IND,208,6415,59486,01/10/2021,09:10:44,15,1,20.8,1.0,92.8,92.6,2,1,1.00,CYCLE,W
IND,208,6415,59486,01/10/2021,09:11:54,15,1,27.5,1.0,70.3,70.1,2,1,1.00,CYCLE,W
IND,208,6415,59486,01/10/2021,09:14:17,15,1,39.4,1.1,143.3,143.1,2,1,1.00,CYCLE,W
IND,208,6415,59485,01/10/2021,09:15:02,15,0,25.7,1.0,254.2,253.3,2,1,1.00,CYCLE,E
IND,208,6415,59486,01/10/2021,09:15:45,15,1,29.8,1.0,87.4,87.3,2,1,1.00,CYCLE,W
IND,208,6415,59486,01/10/2021,09:16:24,15,1,25.0,1.0,39.5,39.4,2,1,1.00,CYCLE,W
IND,208,6415,59486,01/10/2021,09:17:49,15,1,26.3,1.0,84.9,84.7,2,1,1.00,CYCLE,W
IND,208,6415,59486,01/10/2021,09:17:55,15,1,30.2,1.0,5.9,5.8,2,1,1.00,CYCLE,W
IND,208,6415,59486,01/10/2021,09:18:46,15,1,28.7,1.1,50.5,50.3,2,1,1.00,CYCLE,W
IND,208,6415,59485,01/10/2021,09:20:04,15,0,18.8,1.0,301.6,301.5,2,1,1.00,CYCLE,E
IND,208,6415,59485,01/10/2021,09:20:04,15,0,18.8,1.0,0.0,0.0,2,1,1.00,CYCLE,E
IND,208,6415,59485,01/10/2021,09:20:04,15,0,18.8,1.0,0.0,0.0,2,1,1.00,CYCLE,E
IND,208,6415,59485,01/10/2021,09:20:29,15,0,15.5,1.1,25.6,25.0,2,1,1.00,CYCLE,E
IND,208,6415,59485,01/10/2021,09:20:31,15,0,14.6,1.1,1.4,1.1,2,1,1.00,CYCLE,E
IND,208,6415,59485,01/10/2021,09:20:31,15,0,14.7,1.0,0.7,0.5,2,1,1.00,CYCLE,E
IND,208,6415,59485,01/10/2021,09:20:32,15,0,18.7,1.1,0.4,0.1,2,1,1.00,CYCLE,E
IND,208,6415,59485,01/10/2021,09:20:33,15,0,17.2,1.1,1.0,0.8,2,1,1.00,CYCLE,E
IND,208,6415,59486,01/10/2021,09:22:27,15,1,23.0,1.1,221.1,221.0,2,1,1.00,CYCLE,W
IND,208,6415,59486,01/10/2021,09:22:46,15,1,20.8,1.0,19.0,18.8,2,1,1.00,CYCLE,W
IND,208,6415,59486,01/10/2021,09:22:47,15,1,20.6,1.1,1.3,1.1,2,1,1.00,CYCLE,W
IND,208,6415,59486,01/10/2021,09:23:01,15,1,24.0,0.9,13.8,13.6,2,1,1.00,CYCLE,W
IND,208,6415,59486,01/10/2021,09:24:50,15,1,18.3,1.1,109.3,109.2,2,1,1.00,CYCLE,W
IND,208,6415,59486,01/10/2021,09:25:02,15,1,20.5,1.1,12.1,11.9,2,1,1.00,CYCLE,W
IND,208,6415,59486,01/10/2021,09:25:09,15,1,23.0,1.0,6.4,6.2,2,1,1.00,CYCLE,W
IND,208,6415,59486,01/10/2021,09:25:10,15,1,18.8,1.0,1.0,0.8,2,1,1.00,CYCLE,W
IND,208,6415,59485,01/10/2021,09:25:25,15,0,12.4,1.0,291.8,291.6,2,1,1.00,CYCLE,E
IND,208,6415,59485,01/10/2021,09:25:35,15,0,9.9,1.1,10.6,10.3,2,1,1.00,CYCLE,E
IND,208,6415,59486,01/10/2021,09:26:27,15,1,27.6,1.0,77.8,77.6,2,1,1.00,CYCLE,W
IND,208,6415,59485,01/10/2021,09:26:35,15,0,21.5,1.0,59.8,59.4,2,1,1.00,CYCLE,E
IND,208,6415,59485,01/10/2021,09:28:22,15,0,26.6,1.1,107.0,106.9,2,1,1.00,CYCLE,E
IND,208,6415,59485,01/10/2021,09:28:23,15,0,27.5,1.0,0.8,0.7,2,1,1.00,CYCLE,E
IND,208,6415,59485,01/10/2021,09:32:56,15,0,28.7,1.0,273.0,272.9,2,1,1.00,CYCLE,E
IND,208,6415,59486,01/10/2021,09:34:18,15,1,32.3,1.0,470.5,470.4,2,1,1.00,CYCLE,W
IND,208,6415,59486,01/10/2021,09:34:35,15,1,28.5,1.0,16.7,16.6,2,1,1.00,CYCLE,W
IND,208,6415,59485,01/10/2021,09:36:01,15,0,18.8,1.0,185.4,185.2,2,1,1.00,CYCLE,E
IND,208,6415,59485,01/10/2021,09:36:02,15,0,18.0,1.0,0.7,0.5,2,1,1.00,CYCLE,E
IND,208,6415,59486,01/10/2021,09:37:16,15,1,22.2,1.0,15.7,14.9,2,1,1.00,CYCLE,W
IND,208,6415,59486,01/10/2021,09:37:26,15,1,29.2,1.0,9.5,9.3,2,1,1.00,CYCLE,W
IND,208,6415,59485,01/10/2021,09:38:53,15,0,27.6,1.0,171.0,170.8,2,1,1.00,CYCLE,E
IND,208,6415,59486,01/10/2021,09:39:11,15,1,30.6,1.0,104.7,104.6,2,1,1.00,CYCLE,W
IND,208,6415,59486,01/10/2021,09:39:20,15,1,26.0,1.1,9.4,9.3,2,1,1.00,CYCLE,W
IND,208,6415,59486,01/10/2021,09:41:22,15,1,26.7,1.0,121.9,121.7,2,1,1.00,CYCLE,W
IND,208,6415,59486,01/10/2021,09:41:26,15,1,28.6,1.0,4.4,4.2,2,1,1.00,CYCLE,W
IND,208,6415,59486,01/10/2021,09:43:02,15,1,28.9,1.0,95.5,95.4,2,1,1.00,CYCLE,W
IND,208,6415,59485,01/10/2021,09:43:19,15,0,14.5,1.0,265.8,265.6,2,1,1.00,CYCLE,E
IND,208,6415,59485,01/10/2021,09:43:19,15,0,14.4,1.0,0.5,0.3,2,1,1.00,CYCLE,E
IND,208,6415,59486,01/10/2021,09:43:54,15,1,26.9,1.1,51.6,51.5,2,1,1.00,CYCLE,W
IND,208,6415,59485,01/10/2021,09:46:16,15,0,22.9,1.0,176.5,176.2,2,1,1.00,CYCLE,E
IND,208,6415,59485,01/10/2021,09:46:41,15,0,19.2,1.0,25.8,25.6,2,1,1.00,CYCLE,E
IND,208,6415,59485,01/10/2021,09:46:57,15,0,25.2,1.0,15.8,15.7,2,1,1.00,CYCLE,E
IND,208,6415,59485,01/10/2021,09:47:29,15,0,29.4,1.0,31.4,31.3,2,1,1.00,CYCLE,E
IND,208,6415,59485,01/10/2021,09:47:33,15,0,13.7,1.0,4.4,4.3,2,1,1.00,CYCLE,E
IND,208,6415,59485,01/10/2021,09:47:34,15,0,13.8,1.1,0.9,0.6,2,1,1.00,CYCLE,E
IND,208,6415,59485,01/10/2021,09:47:40,15,0,26.0,1.0,5.8,5.5,2,1,1.00,CYCLE,E
IND,208,6415,59485,01/10/2021,09:49:59,15,0,21.7,1.0,138.9,138.8,2,1,1.00,CYCLE,E
IND,208,6415,59485,01/10/2021,09:49:59,15,0,22.1,1.0,0.4,0.2,2,1,1.00,CYCLE,E
IND,208,6415,59486,01/10/2021,09:50:21,15,1,27.2,1.0,387.4,387.3,2,1,1.00,CYCLE,W
IND,208,6415,59486,01/10/2021,09:52:02,15,1,24.6,1.0,101.2,101.0,2,1,1.00,CYCLE,W
IND,208,6415,59486,01/10/2021,09:52:06,15,1,24.8,1.1,4.0,3.8,2,1,1.00,CYCLE,W
IND,208,6415,59486,01/10/2021,09:52:07,15,1,20.3,1.1,1.2,1.1,2,1,1.00,CYCLE,W
IND,208,6415,59486,01/10/2021,09:53:00,15,1,19.2,1.1,52.5,52.3,2,1,1.00,CYCLE,W
IND,208,6415,59485,01/10/2021,09:53:08,15,0,27.3,1.1,189.3,189.2,2,1,1.00,CYCLE,E
IND,208,6415,59485,01/10/2021,09:55:34,15,0,25.0,1.1,145.7,145.6,2,1,1.00,CYCLE,E
IND,208,6415,59485,01/10/2021,09:55:37,15,0,15.1,1.0,2.8,2.7,2,1,1.00,CYCLE,E
IND,208,6415,59485,01/10/2021,09:55:39,15,0,15.6,1.0,1.6,1.4,2,1,1.00,CYCLE,E
IND,208,6415,59486,01/10/2021,09:56:24,15,1,22.6,1.1,204.4,204.2,2,1,1.00,CYCLE,W
IND,208,6415,59485,01/10/2021,09:56:37,15,0,19.3,1.1,58.4,58.2,2,1,1.00,CYCLE,E
IND,208,6415,59486,01/10/2021,09:57:28,15,1,24.9,1.1,63.3,63.2,2,1,1.00,CYCLE,W
IND,208,6415,59486,01/10/2021,09:57:49,15,1,28.7,1.0,21.6,21.4,2,1,1.00,CYCLE,W
IND,208,6415,59486,01/10/2021,09:58:09,15,1,24.4,1.1,20.2,20.0,2,1,1.00,CYCLE,W
IND,208,6415,59486,01/10/2021,09:58:12,15,1,22.3,1.1,2.9,2.7,2,1,1.00,CYCLE,W
IND,208,6415,59486,01/10/2021,09:58:13,15,1,21.2,1.0,0.8,0.7,2,1,1.00,CYCLE,W
IND,208,6415,59486,01/10/2021,09:59:18,15,1,21.7,1.0,65.4,65.2,2,1,1.00,CYCLE,W
IND,208,6415,59486,01/10/2021,09:59:56,15,1,20.9,1.0,37.6,37.4,2,1,1.00,CYCLE,W
IND,208,6415,59486,01/10/2021,10:01:12,15,1,27.9,1.1,75.6,75.4,2,1,1.00,CYCLE,W
IND,208,6415,59486,01/10/2021,10:01:38,15,1,22.4,1.0,26.6,26.5,2,1,1.00,CYCLE,W
IND,208,6415,59486,01/10/2021,10:01:44,15,1,25.6,1.1,5.8,5.6,2,1,1.00,CYCLE,W
IND,208,6415,59486,01/10/2021,10:01:44,15,1,25.9,1.0,0.3,0.1,2,1,1.00,CYCLE,W
IND,208,6415,59486,01/10/2021,10:02:04,15,1,29.5,1.0,20.2,20.0,2,1,1.00,CYCLE,W
IND,208,6415,59486,01/10/2021,10:03:26,15,1,15.8,1.0,81.3,81.2,2,1,0.86,CYCLE,W
IND,208,6415,59486,01/10/2021,10:04:03,15,1,29.1,1.1,37.6,37.3,2,1,1.00,CYCLE,W
IND,208,6415,59486,01/10/2021,10:04:37,15,1,26.9,1.0,33.6,33.5,2,1,1.00,CYCLE,W
IND,208,6415,59486,01/10/2021,10:06:27,15,1,24.0,1.1,109.9,109.8,2,1,1.00,CYCLE,W
IND,208,6415,59486,01/10/2021,10:07:17,15,1,27.1,1.0,50.6,50.4,2,1,1.00,CYCLE,W
IND,208,6415,59486,01/10/2021,10:08:05,15,1,29.0,1.0,47.8,47.7,2,1,1.00,CYCLE,W
IND,208,6415,59486,01/10/2021,10:08:10,15,1,25.7,1.1,4.6,4.5,2,1,1.00,CYCLE,W
IND,208,6415,59486,01/10/2021,10:11:07,15,1,26.3,1.0,177.1,177.0,2,1,1.00,CYCLE,W
IND,208,6415,59485,01/10/2021,10:12:32,15,0,22.0,1.1,955.1,954.9,2,1,1.00,CYCLE,E
IND,208,6415,59486,01/10/2021,10:13:23,15,1,30.7,1.0,135.7,135.5,2,1,1.00,CYCLE,W
IND,208,6415,59485,01/10/2021,10:13:45,15,0,18.6,1.1,72.5,72.3,2,1,1.00,CYCLE,E
IND,208,6415,59485,01/10/2021,10:13:45,15,0,17.7,1.0,0.5,0.2,2,1,1.00,CYCLE,E
IND,208,6415,59486,01/10/2021,10:13:47,15,1,21.4,1.0,24.8,24.7,2,1,1.00,CYCLE,W
IND,208,6415,59486,01/10/2021,10:13:49,15,1,22.3,1.0,1.0,0.9,2,1,1.00,CYCLE,W
IND,208,6415,59486,01/10/2021,10:14:33,15,1,25.6,1.0,44.5,44.4,2,1,1.00,CYCLE,W
IND,208,6415,59486,01/10/2021,10:15:06,15,1,23.8,1.1,33.1,33.0,2,1,1.00,CYCLE,W
IND,208,6415,59486,01/10/2021,10:15:07,15,1,24.5,1.1,0.6,0.4,2,1,1.00,CYCLE,W
IND,208,6415,59485,01/10/2021,10:15:33,15,0,17.5,1.0,108.3,108.1,2,1,1.00,CYCLE,E
IND,208,6415,59486,01/10/2021,10:15:52,15,1,20.2,1.0,45.1,45.0,2,1,1.00,CYCLE,W
IND,208,6415,59485,01/10/2021,10:15:57,15,0,21.9,1.1,23.8,23.5,2,1,1.00,CYCLE,E
IND,208,6415,59486,01/10/2021,10:16:23,15,1,25.3,1.0,31.5,31.3,2,1,1.00,CYCLE,W
IND,208,6415,59485,01/10/2021,10:17:43,15,0,25.9,1.0,105.4,105.2,2,1,1.00,CYCLE,E
IND,208,6415,59486,01/10/2021,10:17:55,15,1,27.6,1.0,92.0,91.9,2,1,1.00,CYCLE,W
IND,208,6415,59486,01/10/2021,10:17:56,15,1,27.6,1.0,0.9,0.8,2,1,1.00,CYCLE,W
IND,208,6415,59485,01/10/2021,10:17:57,15,0,28.0,1.0,14.2,14.1,2,1,1.00,CYCLE,E
IND,208,6415,59485,01/10/2021,10:17:58,15,0,27.0,0.9,0.8,0.7,2,1,1.00,CYCLE,E
IND,208,6415,59485,01/10/2021,10:19:20,15,0,25.3,1.0,82.2,82.0,2,1,1.00,CYCLE,E
IND,208,6415,59485,01/10/2021,10:19:22,15,0,25.8,1.1,2.2,2.1,2,1,1.00,CYCLE,E
IND,208,6415,59486,01/10/2021,10:19:51,15,1,17.8,1.1,115.1,115.0,2,1,1.00,CYCLE,W
IND,208,6415,59486,01/10/2021,10:19:52,15,1,17.3,1.0,0.7,0.5,2,1,1.00,CYCLE,W
IND,208,6415,59485,01/10/2021,10:20:14,15,0,18.7,1.1,51.7,51.6,2,1,1.00,CYCLE,E
IND,208,6415,59486,01/10/2021,10:21:02,15,1,23.1,1.0,69.8,69.6,2,1,1.00,CYCLE,W
IND,208,6415,59486,01/10/2021,10:21:19,15,1,27.6,1.0,17.3,17.2,2,1,1.00,CYCLE,W
IND,208,6415,59485,01/10/2021,10:22:59,15,0,20.5,1.1,165.1,164.9,2,1,1.00,CYCLE,E
IND,208,6415,59485,01/10/2021,10:23:59,15,0,16.0,1.0,60.6,60.4,2,1,1.00,CYCLE,E
IND,208,6415,59485,01/10/2021,10:24:02,15,0,16.7,1.1,3.0,2.8,2,1,1.00,CYCLE,E
IND,208,6415,59485,01/10/2021,10:24:18,15,0,14.7,1.1,15.2,15.0,2,1,1.00,CYCLE,E
IND,208,6415,59486,01/10/2021,10:24:40,15,1,28.3,1.1,200.3,200.1,2,1,1.00,CYCLE,W
IND,208,6415,59485,01/10/2021,10:25:07,15,0,26.3,1.0,49.4,49.1,2,1,1.00,CYCLE,E
IND,208,6415,59485,01/10/2021,10:25:39,15,0,18.1,1.2,32.2,32.1,2,1,1.00,CYCLE,E
IND,208,6415,59485,01/10/2021,10:26:25,15,0,21.5,1.0,45.9,45.7,2,1,1.00,CYCLE,E
IND,208,6415,59486,01/10/2021,10:27:38,15,1,26.0,1.0,178.0,177.9,2,1,1.00,CYCLE,W
IND,208,6415,59486,01/10/2021,10:28:14,15,1,12.9,1.0,36.5,36.4,2,1,1.00,CYCLE,W
IND,208,6415,59486,01/10/2021,10:28:29,15,1,28.6,1.0,14.9,14.5,2,1,1.00,CYCLE,W
IND,208,6415,59485,01/10/2021,10:28:47,15,0,20.4,1.0,142.0,141.9,2,1,1.00,CYCLE,E
IND,208,6415,59486,01/10/2021,10:29:19,15,1,26.8,1.0,50.5,50.4,2,1,1.00,CYCLE,W
IND,208,6415,59486,01/10/2021,10:29:36,15,1,24.9,1.0,16.4,16.3,2,1,1.00,CYCLE,W
IND,208,6415,59486,01/10/2021,10:29:41,15,1,23.2,1.0,5.6,5.5,2,1,1.00,CYCLE,W
IND,208,6415,59486,01/10/2021,10:30:54,15,1,23.6,1.1,72.8,72.6,2,1,1.00,CYCLE,W
IND,208,6415,59485,01/10/2021,10:31:42,15,0,24.1,1.0,175.3,175.1,2,1,1.00,CYCLE,E
IND,208,6415,59486,01/10/2021,10:32:16,15,1,28.3,1.0,81.4,81.2,2,1,1.00,CYCLE,W
IND,208,6415,59485,01/10/2021,10:32:37,15,0,18.3,1.0,54.8,54.7,2,1,1.00,CYCLE,E
IND,208,6415,59486,01/10/2021,10:33:03,15,1,20.0,1.1,47.3,47.2,2,1,1.00,CYCLE,W
IND,208,6415,59486,01/10/2021,10:33:32,15,1,23.9,1.0,29.0,28.8,2,1,1.00,CYCLE,W
IND,208,6415,59485,01/10/2021,10:34:31,15,0,19.8,1.1,113.4,113.1,2,1,1.00,CYCLE,E
IND,208,6415,59485,01/10/2021,10:34:31,15,0,18.2,1.0,0.8,0.6,2,1,1.00,CYCLE,E
IND,208,6415,59485,01/10/2021,10:35:24,15,0,19.9,1.0,52.3,52.1,2,1,1.00,CYCLE,E
IND,208,6415,59485,01/10/2021,10:36:34,15,0,29.5,1.0,70.2,70.1,2,1,1.00,CYCLE,E
IND,208,6415,59486,01/10/2021,10:37:04,15,1,30.2,1.0,212.4,212.2,2,1,1.00,CYCLE,W
IND,208,6415,59486,01/10/2021,10:37:34,15,1,22.3,1.0,30.0,29.9,2,1,1.00,CYCLE,W
IND,208,6415,59486,01/10/2021,10:37:51,15,1,19.5,1.1,17.1,16.9,2,1,1.00,CYCLE,W
IND,208,6415,59485,01/10/2021,10:39:55,15,0,15.0,1.1,200.7,200.5,2,1,1.00,CYCLE,E
IND,208,6415,59485,01/10/2021,10:40:41,15,0,29.9,1.0,46.5,46.2,2,1,1.00,CYCLE,E
IND,208,6415,59485,01/10/2021,10:41:04,15,0,20.1,1.0,23.4,23.2,2,1,1.00,CYCLE,E
IND,208,6415,59486,01/10/2021,10:41:30,15,1,30.1,1.0,219.1,218.9,2,1,1.00,CYCLE,W
IND,208,6415,59486,01/10/2021,10:42:07,15,1,14.3,1.0,36.7,36.6,2,1,1.00,CYCLE,W
IND,208,6415,59486,01/10/2021,10:42:08,15,1,14.7,1.0,0.8,0.5,2,1,1.00,CYCLE,W
IND,208,6415,59486,01/10/2021,10:42:53,15,1,27.1,1.0,45.2,44.9,2,1,1.00,CYCLE,W
IND,208,6415,59486,01/10/2021,10:45:08,15,1,23.6,1.0,135.1,135.0,2,1,1.00,CYCLE,W
IND,208,6415,59486,01/10/2021,10:45:25,15,1,24.3,1.1,17.4,17.2,2,1,1.00,CYCLE,W
IND,208,6415,59486,01/10/2021,10:48:27,15,1,27.8,1.1,182.1,181.9,2,1,1.00,CYCLE,W
IND,208,6415,59486,01/10/2021,10:49:36,15,1,28.2,1.0,68.1,67.9,2,1,1.00,CYCLE,W
IND,208,6415,59485,01/10/2021,10:49:45,15,0,19.7,1.1,520.1,520.0,2,1,1.00,CYCLE,E
IND,208,6415,59485,01/10/2021,10:50:04,15,0,18.7,1.0,19.2,19.0,2,1,1.00,CYCLE,E
IND,208,6415,59486,01/10/2021,10:51:28,15,1,23.1,1.1,112.4,112.3,2,1,1.00,CYCLE,W
IND,208,6415,59486,01/10/2021,10:53:30,15,1,26.4,1.0,122.0,121.8,2,1,1.00,CYCLE,W
IND,208,6415,59486,01/10/2021,10:53:38,15,1,25.5,1.0,8.5,8.3,2,1,1.00,CYCLE,W
IND,208,6415,59485,01/10/2021,10:53:48,15,0,17.2,1.0,2.8,2.4,2,1,1.00,CYCLE,E
IND,208,6415,59485,01/10/2021,10:53:48,15,0,14.7,1.0,0.6,1.0,2,1,0.80,CYCLE,E
IND,208,6415,59485,01/10/2021,10:53:56,15,0,18.5,1.0,7.1,6.3,2,1,1.00,CYCLE,E
IND,208,6415,59485,01/10/2021,10:53:56,15,0,17.6,1.0,0.6,0.4,2,1,0.75,CYCLE,E
IND,208,6415,59485,01/10/2021,10:53:58,15,0,21.0,1.0,1.5,1.3,2,1,1.00,CYCLE,E
IND,208,6415,59485,01/10/2021,10:53:58,15,0,21.8,1.0,0.3,0.1,2,1,1.00,CYCLE,E
IND,208,6415,59486,01/10/2021,10:55:20,15,1,27.7,1.0,101.6,101.5,2,1,1.00,CYCLE,W
IND,208,6415,59485,01/10/2021,10:56:39,15,0,24.3,1.0,161.2,161.0,2,1,1.00,CYCLE,E
IND,208,6415,59486,01/10/2021,10:57:02,15,1,30.0,1.1,102.1,102.0,2,1,1.00,CYCLE,W
IND,208,6415,59486,01/10/2021,10:58:09,15,1,16.7,1.1,66.9,66.8,2,1,1.00,CYCLE,W
IND,208,6415,59485,01/10/2021,10:59:14,15,0,15.9,1.1,155.0,154.8,2,1,1.00,CYCLE,E
IND,208,6415,59486,01/10/2021,11:00:08,15,1,9.5,1.1,118.4,118.2,2,1,0.80,CYCLE,W
IND,208,6415,59485,01/10/2021,11:00:30,15,0,15.9,1.2,76.4,76.1,2,1,1.00,CYCLE,E
IND,208,6415,59485,01/10/2021,11:01:52,15,0,5.6,1.0,82.0,81.7,2,1,0.33,CYCLE,E
IND,208,6415,59485,01/10/2021,11:01:57,15,0,5.7,1.0,4.2,2.3,2,1,0.67,CYCLE,E
IND,208,6415,59485,01/10/2021,11:01:57,15,0,5.7,1.0,0.0,0.0,2,1,0.67,CYCLE,E
IND,208,6415,59485,01/10/2021,11:02:35,15,0,22.9,1.0,38.8,37.5,2,1,1.00,CYCLE,E
IND,208,6415,59485,01/10/2021,11:03:27,15,0,23.2,1.0,51.2,51.0,2,1,1.00,CYCLE,E
IND,208,6415,59486,01/10/2021,11:04:15,15,1,30.2,1.0,247.3,246.9,2,1,1.00,CYCLE,W
IND,208,6415,59486,01/10/2021,11:04:26,15,1,24.6,1.1,10.9,10.8,2,1,1.00,CYCLE,W
IND,208,6415,59486,01/10/2021,11:05:48,15,1,27.2,1.0,82.4,82.2,2,1,1.00,CYCLE,W
IND,208,6415,59486,01/10/2021,11:05:51,15,1,26.5,1.0,2.9,2.8,2,1,1.00,CYCLE,W
IND,208,6415,59486,01/10/2021,11:05:58,15,1,21.4,1.0,7.2,7.0,2,1,1.00,CYCLE,W
IND,208,6415,59485,01/10/2021,11:08:18,15,0,23.0,1.1,291.1,291.0,2,1,1.00,CYCLE,E
IND,208,6415,59485,01/10/2021,11:08:45,15,0,15.7,1.1,27.1,26.9,2,1,1.00,CYCLE,E
IND,208,6415,59486,01/10/2021,11:08:57,15,1,34.1,1.0,178.9,178.7,2,1,1.00,CYCLE,W
IND,208,6415,59486,01/10/2021,11:09:03,15,1,30.8,1.0,5.8,5.6,2,1,1.00,CYCLE,W
IND,208,6415,59485,01/10/2021,11:09:03,15,0,24.3,1.1,18.4,18.2,2,1,1.00,CYCLE,E
IND,208,6415,59485,01/10/2021,11:09:26,15,0,5.8,1.0,22.6,22.7,2,1,0.50,CYCLE,E
IND,208,6415,59485,01/10/2021,11:09:37,15,0,14.2,1.0,10.7,8.5,2,1,1.00,CYCLE,E
IND,208,6415,59486,01/10/2021,11:09:50,15,1,21.3,1.0,47.3,47.2,2,1,1.00,CYCLE,W
IND,208,6415,59485,01/10/2021,11:10:57,15,0,30.5,1.0,80.0,79.7,2,1,1.00,CYCLE,E
IND,208,6415,59486,01/10/2021,11:11:55,15,1,4.8,1.0,124.4,124.4,2,1,0.67,CYCLE,W
IND,208,6415,59486,01/10/2021,11:11:55,15,1,4.8,1.0,0.0,0.0,2,1,0.67,CYCLE,W
IND,208,6415,59485,01/10/2021,11:12:12,15,0,22.9,1.0,75.3,75.2,2,1,1.00,CYCLE,E
IND,208,6415,59485,01/10/2021,11:12:23,15,0,23.3,1.0,10.7,10.5,2,1,1.00,CYCLE,E
IND,208,6415,59486,01/10/2021,11:14:10,15,1,26.8,1.0,135.1,133.6,2,1,1.00,CYCLE,W
IND,208,6415,59486,01/10/2021,11:15:29,15,1,22.5,1.1,79.8,79.7,2,1,1.00,CYCLE,W
IND,208,6415,59486,01/10/2021,11:16:34,15,1,23.1,0.9,64.6,64.4,2,1,1.00,CYCLE,W
IND,208,6415,59486,01/10/2021,11:16:55,15,1,26.0,1.0,21.5,21.3,2,1,1.00,CYCLE,W
IND,208,6415,59486,01/10/2021,11:17:15,15,1,28.0,1.0,19.7,19.5,2,1,1.00,CYCLE,W
IND,208,6415,59486,01/10/2021,11:18:23,15,1,24.9,1.0,68.0,67.9,2,1,1.00,CYCLE,W
IND,208,6415,59486,01/10/2021,11:18:41,15,1,35.8,1.0,18.2,18.0,2,1,1.00,CYCLE,W
IND,208,6415,59486,01/10/2021,11:18:59,15,1,21.4,1.0,17.5,17.4,2,1,1.00,CYCLE,W
IND,208,6415,59486,01/10/2021,11:19:03,15,1,18.8,0.9,4.0,3.8,2,1,1.00,CYCLE,W
IND,208,6415,59486,01/10/2021,11:19:05,15,1,21.8,1.0,2.0,1.8,2,1,1.00,CYCLE,W
IND,208,6415,59485,01/10/2021,11:19:05,15,0,22.5,1.1,402.4,402.3,2,1,1.00,CYCLE,E
IND,208,6415,59486,01/10/2021,11:19:10,15,1,21.0,1.0,5.5,5.4,2,1,1.00,CYCLE,W
IND,208,6415,59486,01/10/2021,11:20:04,15,1,29.1,1.0,53.5,53.3,2,1,1.00,CYCLE,W
IND,208,6415,59485,01/10/2021,11:20:50,15,0,21.5,1.1,104.9,104.8,2,1,1.00,CYCLE,E
IND,208,6415,59486,01/10/2021,11:21:06,15,1,25.0,1.0,62.4,62.3,2,1,1.00,CYCLE,W
IND,208,6415,59485,01/10/2021,11:22:04,15,0,18.6,1.1,73.6,73.4,2,1,1.00,CYCLE,E
IND,208,6415,59485,01/10/2021,11:22:40,15,0,18.3,1.1,36.0,35.8,2,1,1.00,CYCLE,E
IND,208,6415,59485,01/10/2021,11:23:35,15,0,23.9,1.0,55.4,55.2,2,1,1.00,CYCLE,E
IND,208,6415,59485,01/10/2021,11:23:38,15,0,29.1,1.0,2.9,2.8,2,1,1.00,CYCLE,E
IND,208,6415,59486,01/10/2021,11:23:59,15,1,19.8,1.0,173.1,173.0,2,1,1.00,CYCLE,W
IND,208,6415,59485,01/10/2021,11:24:02,15,0,11.3,0.9,24.5,24.3,2,1,1.00,CYCLE,E
IND,208,6415,59485,01/10/2021,11:24:03,15,0,12.6,1.2,1.0,0.7,2,1,1.00,CYCLE,E
IND,208,6415,59486,01/10/2021,11:24:05,15,1,19.5,0.9,6.0,5.8,2,1,1.00,CYCLE,W
IND,208,6415,59486,01/10/2021,11:24:07,15,1,19.7,1.1,1.5,1.4,2,1,1.00,CYCLE,W
IND,208,6415,59486,01/10/2021,11:24:37,15,1,29.1,1.0,30.4,30.2,2,1,1.00,CYCLE,W
IND,208,6415,59486,01/10/2021,11:25:42,15,1,28.6,1.0,65.1,65.0,2,1,1.00,CYCLE,W
IND,208,6415,59485,01/10/2021,11:26:08,15,0,20.8,1.1,124.5,124.1,2,1,1.00,CYCLE,E
IND,208,6415,59486,01/10/2021,11:26:51,15,1,3.9,0.6,16.8,16.6,2,1,1.00,CYCLE,W
IND,208,6415,59486,01/10/2021,11:28:06,15,1,22.5,1.0,2.4,2.2,2,1,1.00,CYCLE,W
IND,208,6415,59486,01/10/2021,11:28:29,15,1,22.1,1.0,23.4,23.2,2,1,1.00,CYCLE,W
IND,208,6415,59485,01/10/2021,11:30:13,15,0,23.0,1.1,245.0,244.8,2,1,1.00,CYCLE,E
IND,208,6415,59486,01/10/2021,11:31:53,15,1,26.6,1.0,204.3,204.2,2,1,1.00,CYCLE,W
IND,208,6415,59486,01/10/2021,11:31:54,15,1,29.7,1.0,0.8,0.7,2,1,1.00,CYCLE,W
IND,208,6415,59486,01/10/2021,11:32:02,15,1,26.2,1.1,8.1,8.0,2,1,1.00,CYCLE,W
IND,208,6415,59486,01/10/2021,11:32:30,15,1,26.3,1.1,27.3,27.1,2,1,1.00,CYCLE,W
IND,208,6415,59485,01/10/2021,11:32:45,15,0,18.2,1.1,151.9,151.7,2,1,1.00,CYCLE,E
IND,208,6415,59485,01/10/2021,11:32:47,15,0,19.5,1.1,2.1,1.9,2,1,1.00,CYCLE,E
IND,208,6415,59486,01/10/2021,11:33:51,15,1,24.4,1.1,80.8,80.7,2,1,1.00,CYCLE,W
IND,208,6415,59485,01/10/2021,11:34:06,15,0,19.3,1.1,71.9,71.7,2,1,1.00,CYCLE,E
IND,208,6415,59485,01/10/2021,11:35:32,15,0,18.7,1.0,78.7,78.2,2,1,1.00,CYCLE,E
IND,208,6415,59485,01/10/2021,11:35:32,15,0,19.1,1.0,0.4,0.2,2,1,0.86,CYCLE,E
IND,208,6415,59485,01/10/2021,11:35:33,15,0,16.6,1.1,1.5,0.9,2,1,1.00,CYCLE,E
IND,208,6415,59486,01/10/2021,11:36:02,15,1,31.6,1.0,131.3,131.1,2,1,1.00,CYCLE,W
IND,208,6415,59486,01/10/2021,11:37:06,15,1,24.1,1.0,63.7,63.6,2,1,1.00,CYCLE,W
IND,208,6415,59485,01/10/2021,11:37:10,15,0,16.3,1.1,85.8,85.5,2,1,1.00,CYCLE,E
IND,208,6415,59486,01/10/2021,11:37:31,15,1,26.8,1.0,25.3,25.2,2,1,1.00,CYCLE,W
IND,208,6415,59486,01/10/2021,11:38:33,15,1,21.5,1.0,62.4,62.3,2,1,1.00,CYCLE,W
IND,208,6415,59486,01/10/2021,11:38:34,15,1,21.8,1.0,0.5,0.3,2,1,1.00,CYCLE,W
IND,208,6415,59486,01/10/2021,11:38:36,15,1,22.1,1.0,2.0,1.9,2,1,1.00,CYCLE,W
IND,208,6415,59485,01/10/2021,11:38:38,15,0,20.6,1.0,88.2,88.0,2,1,1.00,CYCLE,E
IND,208,6415,59486,01/10/2021,11:39:01,15,1,20.8,1.1,25.5,25.3,2,1,1.00,CYCLE,W
IND,208,6415,59486,01/10/2021,11:39:02,15,1,20.2,1.0,0.5,0.4,2,1,1.00,CYCLE,W
IND,208,6415,59486,01/10/2021,11:39:35,15,1,26.0,1.1,33.4,33.2,2,1,1.00,CYCLE,W
IND,208,6415,59486,01/10/2021,11:39:55,15,1,26.3,1.0,19.8,19.6,2,1,0.57,CYCLE,W
IND,208,6415,59486,01/10/2021,11:40:16,15,1,10.0,1.0,20.8,20.5,2,1,1.00,CYCLE,W
IND,208,6415,59486,01/10/2021,11:40:47,15,1,24.9,1.1,31.2,30.8,2,1,1.00,CYCLE,W
IND,208,6415,59486,01/10/2021,11:40:49,15,1,24.4,1.0,2.0,1.9,2,1,1.00,CYCLE,W
IND,208,6415,59486,01/10/2021,11:40:51,15,1,24.2,1.0,2.4,2.2,2,1,0.50,CYCLE,W
IND,208,6415,59485,01/10/2021,11:40:51,15,0,24.2,1.0,0.0,0.0,2,1,0.50,CYCLE,E
IND,208,6415,59486,01/10/2021,11:40:53,15,1,28.3,1.0,1.4,1.3,2,1,1.00,CYCLE,W
IND,208,6415,59486,01/10/2021,11:41:32,15,1,24.9,1.1,38.8,38.7,2,1,1.00,CYCLE,W
IND,208,6415,59485,01/10/2021,11:42:23,15,0,19.7,1.1,224.7,224.6,2,1,1.00,CYCLE,E
IND,208,6415,59486,01/10/2021,11:42:50,15,1,28.0,1.1,78.8,78.7,2,1,1.00,CYCLE,W
IND,208,6415,59485,01/10/2021,11:43:30,15,0,24.7,1.0,66.8,66.6,2,1,1.00,CYCLE,E
IND,208,6415,59485,01/10/2021,11:44:14,15,0,14.0,1.0,44.3,44.2,2,1,1.00,CYCLE,E
IND,208,6415,59485,01/10/2021,11:44:17,15,0,16.7,1.1,2.6,2.3,2,1,1.00,CYCLE,E
IND,208,6415,59485,01/10/2021,11:45:21,15,0,14.7,1.1,64.4,64.2,2,1,1.00,CYCLE,E
IND,208,6415,59485,01/10/2021,11:45:31,15,0,17.1,1.1,10.0,9.8,2,1,1.00,CYCLE,E
IND,208,6415,59486,01/10/2021,11:45:42,15,1,32.5,1.0,171.6,171.5,2,1,1.00,CYCLE,W
IND,208,6415,59486,01/10/2021,11:47:16,15,1,23.6,1.0,93.4,93.3,2,1,1.00,CYCLE,W
IND,208,6415,59486,01/10/2021,11:47:18,15,1,22.9,1.0,2.2,2.1,2,1,1.00,CYCLE,W
IND,208,6415,59486,01/10/2021,11:47:18,15,1,23.2,1.1,0.5,0.4,2,1,1.00,CYCLE,W
IND,208,6415,59485,01/10/2021,11:48:02,15,0,13.2,1.1,150.9,150.7,2,1,1.00,CYCLE,E
IND,208,6415,59485,01/10/2021,11:48:32,15,0,3.1,1.0,29.8,29.6,2,1,0.40,CYCLE,E
IND,208,6415,59485,01/10/2021,11:48:32,15,0,3.1,1.0,0.0,0.0,2,1,0.40,CYCLE,E
IND,208,6415,59486,01/10/2021,11:49:07,15,1,16.3,1.1,109.0,108.9,2,1,1.00,CYCLE,W
IND,208,6415,59486,01/10/2021,11:49:22,15,1,22.3,1.0,14.4,14.1,2,1,1.00,CYCLE,W
IND,208,6415,59485,01/10/2021,11:49:28,15,0,18.2,1.0,55.7,54.4,2,1,1.00,CYCLE,E
IND,208,6415,59485,01/10/2021,11:49:41,15,0,37.3,1.1,13.8,13.6,2,1,1.00,CYCLE,E
IND,208,6415,59486,01/10/2021,11:50:31,15,1,25.2,1.2,69.7,69.5,2,1,1.00,CYCLE,W
IND,208,6415,59485,01/10/2021,11:50:56,15,0,17.1,1.1,74.4,74.3,2,1,1.00,CYCLE,E
IND,208,6415,59485,01/10/2021,11:51:17,15,0,9.1,1.0,21.0,20.8,2,1,1.00,CYCLE,E
IND,208,6415,59485,01/10/2021,11:51:30,15,0,15.2,1.1,13.0,12.6,2,1,1.00,CYCLE,E
IND,208,6415,59486,01/10/2021,11:51:34,15,1,27.8,1.1,62.5,62.3,2,1,1.00,CYCLE,W
IND,208,6415,59485,01/10/2021,11:51:47,15,0,29.2,1.0,16.9,16.6,2,1,1.00,CYCLE,E
IND,208,6415,59485,01/10/2021,11:51:54,15,0,23.0,1.2,7.6,7.4,2,1,1.00,CYCLE,E
IND,208,6415,59486,01/10/2021,11:53:04,15,1,23.1,1.1,90.6,90.5,2,1,1.00,CYCLE,W
IND,208,6415,59486,01/10/2021,11:53:05,15,1,22.7,1.1,0.6,0.5,2,1,1.00,CYCLE,W
IND,208,6415,59485,01/10/2021,11:53:26,15,0,29.6,1.1,90.4,90.2,2,1,1.00,CYCLE,E
IND,208,6415,59486,01/10/2021,11:53:41,15,1,17.5,1.0,35.8,35.7,2,1,1.00,CYCLE,W
IND,208,6415,59485,01/10/2021,11:53:45,15,0,22.7,1.0,19.1,19.0,2,1,1.00,CYCLE,E
IND,208,6415,59486,01/10/2021,11:53:46,15,1,14.7,1.0,4.9,4.7,2,1,1.00,CYCLE,W
IND,208,6415,59486,01/10/2021,11:53:56,15,1,29.6,1.1,10.5,10.2,2,1,1.00,CYCLE,W
IND,208,6415,59485,01/10/2021,11:54:08,15,0,19.3,1.0,23.3,23.1,2,1,1.00,CYCLE,E
IND,208,6415,59486,01/10/2021,11:54:19,15,1,22.1,1.1,22.5,22.4,2,1,1.00,CYCLE,W
IND,208,6415,59486,01/10/2021,11:54:20,15,1,22.1,1.1,1.1,0.9,2,1,1.00,CYCLE,W
IND,208,6415,59486,01/10/2021,11:54:22,15,1,22.3,1.0,1.8,1.6,2,1,1.00,CYCLE,W
IND,208,6415,59486,01/10/2021,11:55:38,15,1,26.6,1.0,75.3,75.1,2,1,1.00,CYCLE,W
IND,208,6415,59486,01/10/2021,11:56:21,15,1,26.4,1.0,43.6,43.5,2,1,1.00,CYCLE,W
IND,208,6415,59485,01/10/2021,11:56:35,15,0,26.2,1.0,146.9,146.7,2,1,1.00,CYCLE,E
IND,208,6415,59485,01/10/2021,11:57:15,15,0,15.5,0.9,40.1,39.9,2,1,1.00,CYCLE,E
IND,208,6415,59485,01/10/2021,11:57:20,15,0,14.3,0.9,5.0,4.8,2,1,1.00,CYCLE,E
IND,208,6415,59486,01/10/2021,11:57:25,15,1,25.9,1.0,64.3,64.2,2,1,1.00,CYCLE,W
IND,208,6415,59485,01/10/2021,11:57:41,15,0,17.5,1.0,20.3,20.1,2,1,1.00,CYCLE,E
IND,208,6415,59485,01/10/2021,11:57:41,15,0,17.5,1.0,0.0,0.0,2,1,1.00,CYCLE,E
IND,208,6415,59486,01/10/2021,12:00:51,15,1,28.8,1.0,205.0,204.9,2,1,1.00,CYCLE,W
IND,208,6415,59485,01/10/2021,12:01:36,15,0,20.7,1.0,235.2,234.9,2,1,1.00,CYCLE,E
IND,208,6415,59486,01/10/2021,12:02:32,15,1,25.2,1.1,101.9,101.8,2,1,1.00,CYCLE,W
IND,208,6415,59486,01/10/2021,12:04:12,15,1,27.1,1.0,99.7,99.6,2,1,1.00,CYCLE,W
IND,208,6415,59486,01/10/2021,12:04:55,15,1,30.9,1.0,43.3,43.1,2,1,1.00,CYCLE,W
IND,208,6415,59486,01/10/2021,12:05:48,15,1,24.5,1.2,52.3,52.2,2,1,1.00,CYCLE,W
IND,208,6415,59485,01/10/2021,12:07:11,15,0,19.2,1.0,128.0,127.3,2,1,1.00,CYCLE,E
IND,208,6415,59485,01/10/2021,12:07:27,15,0,23.1,1.1,16.0,15.8,2,1,1.00,CYCLE,E
IND,208,6415,59485,01/10/2021,12:07:43,15,0,21.3,1.1,15.7,15.5,2,1,1.00,CYCLE,E
IND,208,6415,59486,01/10/2021,12:07:50,15,1,22.0,1.1,122.4,122.3,2,1,1.00,CYCLE,W
IND,208,6415,59485,01/10/2021,12:08:40,15,0,11.6,1.1,56.7,56.5,2,1,1.00,CYCLE,E
IND,208,6415,59485,01/10/2021,12:09:53,15,0,21.5,1.1,73.3,73.0,2,1,1.00,CYCLE,E
IND,208,6415,59486,01/10/2021,12:10:37,15,1,23.5,1.0,167.3,167.1,2,1,1.00,CYCLE,W
IND,208,6415,59486,01/10/2021,12:10:44,15,1,23.9,1.1,6.3,6.1,2,1,1.00,CYCLE,W
IND,208,6415,59485,01/10/2021,12:10:52,15,0,20.6,1.0,58.5,58.3,2,1,1.00,CYCLE,E
IND,208,6415,59485,01/10/2021,12:11:54,15,0,20.1,1.1,62.5,62.4,2,1,1.00,CYCLE,E
IND,208,6415,59485,01/10/2021,12:11:55,15,0,21.1,1.1,1.0,0.8,2,1,1.00,CYCLE,E
IND,208,6415,59486,01/10/2021,12:12:19,15,1,23.9,1.0,61.9,61.8,2,1,1.00,CYCLE,W
IND,208,6415,59485,01/10/2021,12:13:25,15,0,24.1,1.1,89.8,89.6,2,1,1.00,CYCLE,E
IND,208,6415,59485,01/10/2021,12:14:08,15,0,22.3,1.0,43.3,43.1,2,1,1.00,CYCLE,E
IND,208,6415,59485,01/10/2021,12:15:10,15,0,20.8,1.1,61.9,61.7,2,1,1.00,CYCLE,E
IND,208,6415,59486,01/10/2021,12:15:31,15,1,27.1,1.0,191.2,191.0,2,1,1.00,CYCLE,W
IND,208,6415,59486,01/10/2021,12:16:05,15,1,28.2,1.1,34.6,34.5,2,1,1.00,CYCLE,W
IND,208,6415,59486,01/10/2021,12:16:25,15,1,33.5,1.0,19.9,19.8,2,1,1.00,CYCLE,W
IND,208,6415,59486,01/10/2021,12:18:52,15,1,26.0,1.1,146.6,146.5,2,1,1.00,CYCLE,W
IND,208,6415,59486,01/10/2021,12:20:48,15,1,23.7,1.0,115.8,115.6,2,1,1.00,CYCLE,W
IND,208,6415,59486,01/10/2021,12:20:48,15,1,22.8,1.0,0.6,0.5,2,1,1.00,CYCLE,W
IND,208,6415,59486,01/10/2021,12:21:18,15,1,29.8,1.0,29.9,29.8,2,1,1.00,CYCLE,W
IND,208,6415,59486,01/10/2021,12:23:17,15,1,24.1,1.0,118.9,118.9,2,1,0.80,CYCLE,W
IND,208,6415,59486,01/10/2021,12:23:19,15,1,19.5,1.0,1.9,1.7,2,1,1.00,CYCLE,W
IND,208,6415,59486,01/10/2021,12:23:20,15,1,24.1,1.0,1.5,1.3,2,1,1.00,CYCLE,W
IND,208,6415,59485,01/10/2021,12:24:30,15,0,5.6,1.0,246.0,245.0,2,1,0.50,CYCLE,E
IND,208,6415,59486,01/10/2021,12:24:30,15,1,5.6,1.0,0.0,0.0,2,1,0.50,CYCLE,W
IND,208,6415,59486,01/10/2021,12:24:52,15,1,28.6,1.0,91.6,91.4,2,1,1.00,CYCLE,W
IND,208,6415,59486,01/10/2021,12:24:53,15,1,29.1,1.1,0.9,0.7,2,1,1.00,CYCLE,W
IND,208,6415,59485,01/10/2021,12:25:15,15,0,21.3,1.0,45.3,44.5,2,1,1.00,CYCLE,E
IND,208,6415,59485,01/10/2021,12:25:39,15,0,22.5,1.1,23.7,23.5,2,1,1.00,CYCLE,E
IND,208,6415,59486,01/10/2021,12:26:34,15,1,27.8,1.0,101.3,101.2,2,1,1.00,CYCLE,W
IND,208,6415,59485,01/10/2021,12:29:17,15,0,29.3,1.0,218.1,218.0,2,1,1.00,CYCLE,E
IND,208,6415,59486,01/10/2021,12:30:14,15,1,24.4,1.0,220.2,220.1,2,1,0.80,CYCLE,W
IND,208,6415,59486,01/10/2021,12:30:57,15,1,20.8,1.0,42.3,42.2,2,1,1.00,CYCLE,W
IND,208,6415,59486,01/10/2021,12:30:58,15,1,19.7,1.0,1.5,1.4,2,1,1.00,CYCLE,W
IND,208,6415,59485,01/10/2021,12:31:41,15,0,16.6,1.1,144.1,144.0,2,1,1.00,CYCLE,E
IND,208,6415,59486,01/10/2021,12:32:40,15,1,25.9,1.1,102.2,102.0,2,1,1.00,CYCLE,W
IND,208,6415,59486,01/10/2021,12:33:40,15,1,25.4,1.0,59.8,59.6,2,1,1.00,CYCLE,W
IND,208,6415,59486,01/10/2021,12:35:54,15,1,22.2,1.0,133.6,133.5,2,1,1.00,CYCLE,W
IND,208,6415,59486,01/10/2021,12:35:56,15,1,23.3,1.0,2.2,2.0,2,1,1.00,CYCLE,W
IND,208,6415,59486,01/10/2021,12:37:06,15,1,17.9,1.0,69.5,69.3,2,1,1.00,CYCLE,W
IND,208,6415,59486,01/10/2021,12:37:07,15,1,19.9,1.0,1.3,1.1,2,1,1.00,CYCLE,W
IND,208,6415,59486,01/10/2021,12:37:12,15,1,21.5,1.0,5.0,4.9,2,1,1.00,CYCLE,W
IND,208,6415,59485,01/10/2021,12:37:45,15,0,21.6,1.1,356.1,355.9,2,1,1.00,CYCLE,E
IND,208,6415,59485,01/10/2021,12:37:57,15,0,9.6,0.8,11.9,11.8,2,1,1.00,CYCLE,E
IND,208,6415,59485,01/10/2021,12:37:59,15,0,9.5,1.0,2.3,2.0,2,1,1.00,CYCLE,E
IND,208,6415,59485,01/10/2021,12:38:01,15,0,9.9,1.1,2.0,1.6,2,1,1.00,CYCLE,E
IND,208,6415,59485,01/10/2021,12:38:05,15,0,8.5,1.0,3.6,3.2,2,1,1.00,CYCLE,E
IND,208,6415,59485,01/10/2021,12:39:05,15,0,17.3,1.0,60.3,59.8,2,1,1.00,CYCLE,E
IND,208,6415,59486,01/10/2021,12:39:08,15,1,24.7,1.0,116.5,116.3,2,1,1.00,CYCLE,W
IND,208,6415,59486,01/10/2021,12:40:07,15,1,34.0,1.0,58.4,58.2,2,1,1.00,CYCLE,W
IND,208,6415,59485,01/10/2021,12:40:49,15,0,14.9,1.0,103.7,103.5,2,1,1.00,CYCLE,E
IND,208,6415,59486,01/10/2021,12:44:01,15,1,26.0,1.0,234.5,234.4,2,1,1.00,CYCLE,W
IND,208,6415,59486,01/10/2021,12:44:41,15,1,13.0,0.8,39.5,39.5,2,1,1.00,CYCLE,W
IND,208,6415,59486,01/10/2021,12:44:46,15,1,15.9,1.0,5.3,5.1,2,1,1.00,CYCLE,W
IND,208,6415,59486,01/10/2021,12:44:48,15,1,26.9,1.0,1.7,1.5,2,1,1.00,CYCLE,W
IND,208,6415,59486,01/10/2021,12:45:01,15,1,32.7,1.0,12.7,12.5,2,1,1.00,CYCLE,W
IND,208,6415,59486,01/10/2021,12:45:02,15,1,28.7,1.1,1.7,1.6,2,1,1.00,CYCLE,W
IND,208,6415,59485,01/10/2021,12:45:21,15,0,16.0,1.0,272.4,272.2,2,1,1.00,CYCLE,E
IND,208,6415,59485,01/10/2021,12:45:38,15,0,17.0,1.1,17.1,16.9,2,1,1.00,CYCLE,E
IND,208,6415,59485,01/10/2021,12:45:41,15,0,16.1,1.0,3.2,2.9,2,1,1.00,CYCLE,E
IND,208,6415,59485,01/10/2021,12:45:59,15,0,22.7,1.0,17.4,17.1,2,1,1.00,CYCLE,E
IND,208,6415,59485,01/10/2021,12:46:07,15,0,21.0,1.0,8.4,8.2,2,1,1.00,CYCLE,E
IND,208,6415,59485,01/10/2021,12:46:16,15,0,23.7,1.0,9.4,9.2,2,1,1.00,CYCLE,E
IND,208,6415,59485,01/10/2021,12:46:58,15,0,17.9,1.1,41.9,41.7,2,1,1.00,CYCLE,E
IND,208,6415,59485,01/10/2021,12:46:59,15,0,17.6,1.1,0.7,0.5,2,1,1.00,CYCLE,E
IND,208,6415,59486,01/10/2021,12:47:25,15,1,28.8,1.0,142.3,142.2,2,1,1.00,CYCLE,W
IND,208,6415,59485,01/10/2021,12:47:36,15,0,16.8,1.1,36.7,36.4,2,1,1.00,CYCLE,E
IND,208,6415,59486,01/10/2021,12:48:26,15,1,27.5,1.0,61.8,61.6,2,1,1.00,CYCLE,W
IND,208,6415,59486,01/10/2021,12:48:26,15,1,27.5,1.0,0.0,0.0,2,1,1.00,CYCLE,W
IND,208,6415,59485,01/10/2021,12:49:41,15,0,23.3,0.9,125.0,124.8,2,1,1.00,CYCLE,E
IND,208,6415,59486,01/10/2021,12:50:18,15,1,25.8,1.0,111.5,111.3,2,1,1.00,CYCLE,W
IND,208,6415,59485,01/10/2021,12:50:58,15,0,15.4,1.1,77.2,77.0,2,1,1.00,CYCLE,E
IND,208,6415,59485,01/10/2021,12:51:24,15,0,28.9,1.0,26.0,25.8,2,1,1.00,CYCLE,E
IND,208,6415,59485,01/10/2021,12:52:56,15,0,16.3,1.1,91.6,91.5,2,1,1.00,CYCLE,E
IND,208,6415,59485,01/10/2021,12:52:56,15,0,16.4,1.1,0.4,0.2,2,1,1.00,CYCLE,E
IND,208,6415,59486,01/10/2021,12:54:01,15,1,28.1,1.0,223.2,223.0,2,1,1.00,CYCLE,W
IND,208,6415,59485,01/10/2021,12:54:08,15,0,19.6,1.0,72.1,71.8,2,1,1.00,CYCLE,E
IND,208,6415,59486,01/10/2021,12:58:06,15,1,22.2,1.0,244.8,244.7,2,1,1.00,CYCLE,W
IND,208,6415,59486,01/10/2021,12:58:47,15,1,25.5,1.1,41.6,41.4,2,1,1.00,CYCLE,W
IND,208,6415,59485,01/10/2021,12:59:32,15,0,7.8,1.0,323.4,323.2,2,1,0.22,CYCLE,E
IND,208,6415,59485,01/10/2021,12:59:55,15,0,18.3,1.1,23.4,22.0,2,1,1.00,CYCLE,E
IND,208,6415,59485,01/10/2021,13:00:07,15,0,25.1,1.0,12.3,12.1,2,1,1.00,CYCLE,E
IND,208,6415,59485,01/10/2021,13:01:38,15,0,17.7,1.0,90.7,90.6,2,1,1.00,CYCLE,E
IND,208,6415,59485,01/10/2021,13:01:46,15,0,23.5,1.0,7.7,7.5,2,1,1.00,CYCLE,E
IND,208,6415,59486,01/10/2021,13:02:37,15,1,16.1,1.0,229.7,229.6,2,1,1.00,CYCLE,W
IND,208,6415,59485,01/10/2021,13:02:52,15,0,13.7,1.0,66.1,66.0,2,1,1.00,CYCLE,E
IND,208,6415,59486,01/10/2021,13:05:01,15,1,14.2,1.0,143.8,143.6,2,1,1.00,CYCLE,W
IND,208,6415,59486,01/10/2021,13:05:27,15,1,27.1,1.0,26.5,26.2,2,1,1.00,CYCLE,W
IND,208,6415,59485,01/10/2021,13:05:40,15,0,11.6,1.0,168.1,167.8,2,1,1.00,CYCLE,E
IND,208,6415,59485,01/10/2021,13:05:40,15,0,11.6,1.0,0.0,0.0,2,1,1.00,CYCLE,E
IND,208,6415,59486,01/10/2021,13:07:39,15,1,22.0,1.1,132.0,131.8,2,1,1.00,CYCLE,W
IND,208,6415,59486,01/10/2021,13:07:41,15,1,23.7,1.1,1.1,1.0,2,1,1.00,CYCLE,W
IND,208,6415,59486,01/10/2021,13:07:43,15,1,23.8,1.1,2.0,1.8,2,1,1.00,CYCLE,W
IND,208,6415,59486,01/10/2021,13:08:01,15,1,21.0,1.1,18.1,18.0,2,1,1.00,CYCLE,W
IND,208,6415,59486,01/10/2021,13:08:02,15,1,20.2,1.1,1.8,1.6,2,1,1.00,CYCLE,W
IND,208,6415,59485,01/10/2021,13:08:16,15,0,16.4,1.1,155.8,155.4,2,1,1.00,CYCLE,E
IND,208,6415,59485,01/10/2021,13:08:26,15,0,18.4,1.0,10.8,10.6,2,1,1.00,CYCLE,E
IND,208,6415,59486,01/10/2021,13:09:20,15,1,32.2,1.0,77.6,77.9,2,1,0.80,CYCLE,W
IND,208,6415,59486,01/10/2021,13:09:27,15,1,18.4,1.0,7.3,6.7,2,1,1.00,CYCLE,W
IND,208,6415,59486,01/10/2021,13:09:29,15,1,23.3,1.0,1.7,1.5,2,1,1.00,CYCLE,W
IND,208,6415,59485,01/10/2021,13:10:47,15,0,27.2,1.0,140.6,140.4,2,1,1.00,CYCLE,E
IND,208,6415,59485,01/10/2021,13:11:13,15,0,11.2,1.4,25.8,25.6,2,1,0.80,CYCLE,E
IND,208,6415,59485,01/10/2021,13:11:15,15,0,14.3,1.1,2.2,2.0,2,1,1.00,CYCLE,E
IND,208,6415,59485,01/10/2021,13:14:40,15,0,31.6,1.0,205.5,205.2,2,1,1.00,CYCLE,E
IND,208,6415,59486,01/10/2021,13:16:38,15,1,32.0,1.0,428.9,428.7,2,1,1.00,CYCLE,W
IND,208,6415,59485,01/10/2021,13:17:27,15,0,24.1,1.1,166.8,166.6,2,1,1.00,CYCLE,E
IND,208,6415,59485,01/10/2021,13:17:30,15,0,29.3,1.0,3.1,3.0,2,1,1.00,CYCLE,E
IND,208,6415,59486,01/10/2021,13:17:46,15,1,22.2,1.1,67.7,67.6,2,1,1.00,CYCLE,W
IND,208,6415,59486,01/10/2021,13:20:04,15,1,25.2,1.1,138.4,138.2,2,1,1.00,CYCLE,W
IND,208,6415,59485,01/10/2021,13:21:56,15,0,17.4,1.0,265.3,265.2,2,1,1.00,CYCLE,E
IND,208,6415,59485,01/10/2021,13:22:06,15,0,26.1,1.0,10.1,9.9,2,1,1.00,CYCLE,E
IND,208,6415,59486,01/10/2021,13:22:39,15,1,23.9,1.0,154.8,154.6,2,1,1.00,CYCLE,W
IND,208,6415,59486,01/10/2021,13:23:12,15,1,28.2,1.1,33.3,33.1,2,1,1.00,CYCLE,W
IND,208,6415,59485,01/10/2021,13:23:14,15,0,27.1,1.0,68.2,68.0,2,1,1.00,CYCLE,E
IND,208,6415,59485,01/10/2021,13:23:26,15,0,18.1,1.0,11.8,11.7,2,1,1.00,CYCLE,E
IND,208,6415,59485,01/10/2021,13:24:13,15,0,19.8,1.0,47.0,46.8,2,1,1.00,CYCLE,E
IND,208,6415,59486,01/10/2021,13:25:20,15,1,33.2,1.0,127.8,127.6,2,1,1.00,CYCLE,W
IND,208,6415,59486,01/10/2021,13:27:15,15,1,24.8,1.0,115.2,115.1,2,1,1.00,CYCLE,W
IND,208,6415,59486,01/10/2021,13:27:16,15,1,24.3,1.0,0.6,0.4,2,1,1.00,CYCLE,W
IND,208,6415,59485,01/10/2021,13:28:10,15,0,19.3,1.0,236.7,236.5,2,1,1.00,CYCLE,E
IND,208,6415,59485,01/10/2021,13:28:12,15,0,22.4,1.0,2.1,1.9,2,1,1.00,CYCLE,E
IND,208,6415,59485,01/10/2021,13:28:30,15,0,21.6,1.2,18.0,17.8,2,1,1.00,CYCLE,E
IND,208,6415,59486,01/10/2021,13:31:15,15,1,26.8,1.0,239.8,239.6,2,1,1.00,CYCLE,W
IND,208,6415,59486,01/10/2021,13:32:05,15,1,24.4,1.1,49.4,49.3,2,1,1.00,CYCLE,W
IND,208,6415,59485,01/10/2021,13:32:28,15,0,29.5,1.1,199.3,199.3,2,1,1.00,CYCLE,E
IND,208,6415,59486,01/10/2021,13:32:30,15,1,23.4,1.0,24.8,24.7,2,1,1.00,CYCLE,W
IND,208,6415,59486,01/10/2021,13:32:31,15,1,21.7,1.0,1.3,1.1,2,1,1.00,CYCLE,W
IND,208,6415,59486,01/10/2021,13:33:55,15,1,25.4,1.1,84.2,84.0,2,1,1.00,CYCLE,W
IND,208,6415,59485,01/10/2021,13:34:01,15,0,17.6,1.1,0.8,0.5,2,1,1.00,CYCLE,E
IND,208,6415,59485,01/10/2021,13:37:05,15,0,20.6,1.1,183.3,183.1,2,1,1.00,CYCLE,E
IND,208,6415,59486,01/10/2021,13:37:22,15,1,31.9,1.0,207.2,207.0,2,1,1.00,CYCLE,W
IND,208,6415,59485,01/10/2021,13:40:16,15,0,28.4,1.0,191.8,191.6,2,1,1.00,CYCLE,E
IND,208,6415,59485,01/10/2021,13:42:18,15,0,25.1,1.0,121.5,121.4,2,1,1.00,CYCLE,E
IND,208,6415,59485,01/10/2021,13:42:59,15,0,20.9,1.0,40.7,40.6,2,1,1.00,CYCLE,E
IND,208,6415,59486,01/10/2021,13:44:52,15,1,20.7,1.0,289.2,289.0,2,1,1.00,CYCLE,W
IND,208,6415,59486,01/10/2021,13:45:23,15,1,25.6,1.1,30.9,30.7,2,1,1.00,CYCLE,W
IND,208,6415,59486,01/10/2021,13:45:28,15,1,22.3,1.0,4.9,4.7,2,1,1.00,CYCLE,W
IND,208,6415,59485,01/10/2021,13:48:50,15,0,28.3,1.0,351.3,351.2,2,1,1.00,CYCLE,E
IND,208,6415,59486,01/10/2021,13:48:54,15,1,27.6,1.0,74.4,74.1,2,1,1.00,CYCLE,W
IND,208,6415,59485,01/10/2021,13:49:45,15,0,25.9,1.0,55.1,55.0,2,1,1.00,CYCLE,E
IND,208,6415,59485,01/10/2021,13:50:24,15,0,19.8,1.1,38.6,38.4,2,1,1.00,CYCLE,E
IND,208,6415,59486,01/10/2021,13:50:58,15,1,22.4,1.0,117.9,117.8,2,1,1.00,CYCLE,W
IND,208,6415,59486,01/10/2021,13:53:28,15,1,33.7,1.0,150.1,149.9,2,1,1.00,CYCLE,W
IND,208,6415,59486,01/10/2021,13:54:50,15,1,29.2,1.0,82.2,82.1,2,1,1.00,CYCLE,W
IND,208,6415,59486,01/10/2021,13:54:56,15,1,28.8,1.0,6.3,6.2,2,1,1.00,CYCLE,W
IND,208,6415,59486,01/10/2021,13:56:16,15,1,24.1,1.0,79.9,79.8,2,1,1.00,CYCLE,W
IND,208,6415,59485,01/10/2021,13:56:25,15,0,21.0,1.1,361.7,361.5,2,1,1.00,CYCLE,E
IND,208,6415,59486,01/10/2021,13:56:33,15,1,24.7,1.0,16.3,16.1,2,1,1.00,CYCLE,W
IND,208,6415,59486,01/10/2021,13:58:14,15,1,24.7,1.1,101.1,101.0,2,1,1.00,CYCLE,W
IND,208,6415,59485,01/10/2021,13:59:19,15,0,26.5,1.0,173.8,173.6,2,1,1.00,CYCLE,E
IND,208,6415,59485,01/10/2021,14:01:12,15,0,22.8,1.0,112.3,112.2,2,1,1.00,CYCLE,E
IND,208,6415,59485,01/10/2021,14:01:29,15,0,26.8,1.1,17.4,17.3,2,1,1.00,CYCLE,E
IND,208,6415,59485,01/10/2021,14:01:50,15,0,21.8,1.1,21.0,20.9,2,1,1.00,CYCLE,E
IND,208,6415,59485,01/10/2021,14:02:30,15,0,23.8,1.0,39.9,39.7,2,1,1.00,CYCLE,E
IND,208,6415,59485,01/10/2021,14:02:53,15,0,24.7,1.0,23.4,23.2,2,1,1.00,CYCLE,E
IND,208,6415,59485,01/10/2021,14:02:56,15,0,23.4,0.9,2.6,2.4,2,1,1.00,CYCLE,E
IND,208,6415,59485,01/10/2021,14:03:10,15,0,23.0,1.2,14.5,14.3,2,1,1.00,CYCLE,E
IND,208,6415,59486,01/10/2021,14:03:19,15,1,8.9,0.5,305.6,305.6,2,1,0.80,CYCLE,W
IND,208,6415,59485,01/10/2021,14:03:29,15,0,18.4,1.1,18.2,18.0,2,1,1.00,CYCLE,E
IND,208,6415,59486,01/10/2021,14:03:48,15,1,12.0,0.5,28.5,28.3,2,1,1.00,CYCLE,W
IND,208,6415,59486,01/10/2021,14:03:58,15,1,6.0,1.0,10.0,10.6,2,1,1.00,CYCLE,W
IND,208,6415,59485,01/10/2021,14:04:08,15,0,19.1,1.1,39.5,39.2,2,1,1.00,CYCLE,E
IND,208,6415,59486,01/10/2021,14:04:18,15,1,25.9,1.0,20.4,19.6,2,1,1.00,CYCLE,W
IND,208,6415,59485,01/10/2021,14:05:49,15,0,16.4,1.1,101.1,100.9,2,1,1.00,CYCLE,E
IND,208,6415,59485,01/10/2021,14:06:41,15,0,24.0,1.0,51.7,51.5,2,1,1.00,CYCLE,E
IND,208,6415,59485,01/10/2021,14:08:14,15,0,18.0,1.0,92.8,92.6,2,1,1.00,CYCLE,E
IND,208,6415,59486,01/10/2021,14:11:57,15,1,26.7,1.1,458.2,458.1,2,1,1.00,CYCLE,W
IND,208,6415,59486,01/10/2021,14:13:00,15,1,24.6,1.1,63.5,63.4,2,1,1.00,CYCLE,W
IND,208,6415,59486,01/10/2021,14:14:54,15,1,23.9,1.1,114.1,114.0,2,1,1.00,CYCLE,W
IND,208,6415,59486,01/10/2021,14:14:55,15,1,23.1,1.1,0.6,0.4,2,1,1.00,CYCLE,W
IND,208,6415,59486,01/10/2021,14:15:42,15,1,20.5,0.9,47.4,47.2,2,1,1.00,CYCLE,W
IND,208,6415,59485,01/10/2021,14:16:49,15,0,16.1,1.0,515.4,515.2,2,1,1.00,CYCLE,E
IND,208,6415,59485,01/10/2021,14:16:49,15,0,16.4,1.0,0.3,0.1,2,1,1.00,CYCLE,E
IND,208,6415,59485,01/10/2021,14:17:18,15,0,20.3,1.1,28.4,28.2,2,1,1.00,CYCLE,E
IND,208,6415,59485,01/10/2021,14:17:18,15,0,19.1,1.0,0.5,0.3,2,1,1.00,CYCLE,E
IND,208,6415,59485,01/10/2021,14:17:20,15,0,20.8,1.0,2.0,1.8,2,1,1.00,CYCLE,E
IND,208,6415,59485,01/10/2021,14:17:21,15,0,14.0,1.1,1.1,0.9,2,1,1.00,CYCLE,E
IND,208,6415,59486,01/10/2021,14:17:40,15,1,34.2,1.1,117.7,117.5,2,1,1.00,CYCLE,W
IND,208,6415,59485,01/10/2021,14:17:54,15,0,18.2,1.0,32.9,32.7,2,1,1.00,CYCLE,E
IND,208,6415,59486,01/10/2021,14:17:57,15,1,33.5,1.0,17.4,17.3,2,1,1.00,CYCLE,W
IND,208,6415,59486,01/10/2021,14:18:51,15,1,24.2,1.2,0.5,0.3,2,1,1.00,CYCLE,W
IND,208,6415,59486,01/10/2021,14:18:52,15,1,24.9,1.1,0.9,0.7,2,1,1.00,CYCLE,W
IND,208,6415,59485,01/10/2021,14:19:03,15,0,16.4,1.0,68.5,68.3,2,1,1.00,CYCLE,E
IND,208,6415,59486,01/10/2021,14:19:45,15,1,20.6,1.1,53.2,53.0,2,1,1.00,CYCLE,W
IND,208,6415,59485,01/10/2021,14:21:26,15,0,20.2,1.0,142.9,143.2,2,1,0.86,CYCLE,E
IND,208,6415,59485,01/10/2021,14:21:26,15,0,20.2,1.0,0.0,0.0,2,1,0.86,CYCLE,E
IND,208,6415,59485,01/10/2021,14:21:26,15,0,20.2,1.0,0.0,0.0,2,1,0.86,CYCLE,E
IND,208,6415,59485,01/10/2021,14:21:40,15,0,16.7,1.1,14.3,12.7,2,1,1.00,CYCLE,E
IND,208,6415,59485,01/10/2021,14:21:41,15,0,17.5,1.0,1.2,1.0,2,1,1.00,CYCLE,E
IND,208,6415,59486,01/10/2021,14:22:50,15,1,25.7,1.0,185.2,185.0,2,1,1.00,CYCLE,W
IND,208,6415,59485,01/10/2021,14:23:25,15,0,19.2,1.1,104.2,104.0,2,1,1.00,CYCLE,E
IND,208,6415,59486,01/10/2021,14:25:03,15,1,24.1,1.1,37.8,37.6,2,1,1.00,CYCLE,W
IND,208,6415,59486,01/10/2021,14:25:04,15,1,23.2,1.2,0.6,0.4,2,1,1.00,CYCLE,W
IND,208,6415,59486,01/10/2021,14:25:32,15,1,21.7,1.1,28.4,28.3,2,1,1.00,CYCLE,W
IND,208,6415,59485,01/10/2021,14:26:16,15,0,19.9,1.1,171.0,170.8,2,1,1.00,CYCLE,E
IND,208,6415,59486,01/10/2021,14:26:32,15,1,27.6,1.1,59.7,59.5,2,1,1.00,CYCLE,W
IND,208,6415,59486,01/10/2021,14:29:50,15,1,27.8,1.0,198.0,197.9,2,1,1.00,CYCLE,W
IND,208,6415,59486,01/10/2021,14:30:53,15,1,25.4,1.1,63.3,63.2,2,1,1.00,CYCLE,W
IND,208,6415,59486,01/10/2021,14:30:55,15,1,24.1,1.1,2.1,2.0,2,1,1.00,CYCLE,W
IND,208,6415,59485,01/10/2021,14:31:13,15,0,17.2,1.1,271.5,271.5,2,1,1.00,CYCLE,E
IND,208,6415,59485,01/10/2021,14:31:24,15,0,17.6,1.0,11.5,11.4,2,1,0.80,CYCLE,E
IND,208,6415,59485,01/10/2021,14:31:38,15,0,30.4,1.1,13.7,13.4,2,1,1.00,CYCLE,E
IND,208,6415,59486,01/10/2021,14:32:21,15,1,29.2,1.0,85.1,84.9,2,1,1.00,CYCLE,W
IND,208,6415,59485,01/10/2021,14:32:49,15,0,16.7,1.1,71.5,71.3,2,1,1.00,CYCLE,E
IND,208,6415,59486,01/10/2021,14:33:13,15,1,28.8,1.0,52.8,52.7,2,1,1.00,CYCLE,W
IND,208,6415,59485,01/10/2021,14:35:01,15,0,20.5,1.1,131.2,131.0,2,1,1.00,CYCLE,E
IND,208,6415,59485,01/10/2021,14:38:13,15,0,25.1,1.1,191.8,191.6,2,1,1.00,CYCLE,E
IND,208,6415,59485,01/10/2021,14:38:13,15,0,24.3,1.0,0.6,0.5,2,1,1.00,CYCLE,E
IND,208,6415,59486,01/10/2021,14:40:30,15,1,25.7,1.1,0.7,0.5,2,1,1.00,CYCLE,W
IND,208,6415,59486,01/10/2021,14:42:01,15,1,28.3,1.0,91.1,91.0,2,1,1.00,CYCLE,W
IND,208,6415,59485,01/10/2021,14:42:18,15,0,18.0,1.1,245.3,245.2,2,1,1.00,CYCLE,E
IND,208,6415,59485,01/10/2021,14:46:00,15,0,12.9,1.1,221.0,220.8,2,1,1.00,CYCLE,E
IND,208,6415,59486,01/10/2021,14:46:08,15,1,32.0,1.1,246.5,246.4,2,1,1.00,CYCLE,W
IND,208,6415,59485,01/10/2021,14:47:17,15,0,20.2,1.1,77.2,76.9,2,1,1.00,CYCLE,E
IND,208,6415,59486,01/10/2021,14:47:18,15,1,25.2,1.0,70.3,70.2,2,1,1.00,CYCLE,W
IND,208,6415,59485,01/10/2021,14:47:25,15,0,25.0,1.0,8.5,8.3,2,1,1.00,CYCLE,E
IND,208,6415,59486,01/10/2021,14:48:17,15,1,22.7,1.0,59.3,59.2,2,1,1.00,CYCLE,W
IND,208,6415,59486,01/10/2021,14:48:23,15,1,23.3,1.0,6.3,6.1,2,1,1.00,CYCLE,W
IND,208,6415,59485,01/10/2021,14:48:44,15,0,20.2,1.0,79.2,79.0,2,1,1.00,CYCLE,E
IND,208,6415,59485,01/10/2021,14:48:45,15,0,12.7,1.1,0.5,0.3,2,1,1.00,CYCLE,E
IND,208,6415,59485,01/10/2021,14:48:46,15,0,12.6,1.1,0.8,0.5,2,1,1.00,CYCLE,E
IND,208,6415,59485,01/10/2021,14:50:44,15,0,25.0,1.1,105.9,105.7,2,1,1.00,CYCLE,E
IND,208,6415,59486,01/10/2021,14:50:45,15,1,24.6,1.1,141.5,141.3,2,1,1.00,CYCLE,W
IND,208,6415,59485,01/10/2021,14:51:25,15,0,26.3,1.1,41.3,41.1,2,1,1.00,CYCLE,E
IND,208,6415,59486,01/10/2021,14:52:31,15,1,29.3,1.1,106.2,106.0,2,1,1.00,CYCLE,W
IND,208,6415,59485,01/10/2021,14:52:59,15,0,12.7,0.9,94.2,94.1,2,1,1.00,CYCLE,E
IND,208,6415,59485,01/10/2021,14:53:00,15,0,13.4,1.0,0.5,0.3,2,1,1.00,CYCLE,E
IND,208,6415,59486,01/10/2021,14:53:17,15,1,25.7,1.0,46.4,46.2,2,1,1.00,CYCLE,W
IND,208,6415,59485,01/10/2021,14:55:09,15,0,22.1,1.0,47.5,47.1,2,1,1.00,CYCLE,E
IND,208,6415,59485,01/10/2021,14:55:11,15,0,23.1,1.0,1.4,1.2,2,1,1.00,CYCLE,E
IND,208,6415,59486,01/10/2021,14:55:23,15,1,28.3,1.1,125.4,125.2,2,1,1.00,CYCLE,W
IND,208,6415,59486,01/10/2021,14:57:15,15,1,12.3,0.4,112.3,112.2,2,1,1.00,CYCLE,W
IND,208,6415,59486,01/10/2021,14:57:29,15,1,26.1,1.1,13.7,13.5,2,1,1.00,CYCLE,W
IND,208,6415,59486,01/10/2021,14:57:30,15,1,29.3,1.0,1.5,1.4,2,1,1.00,CYCLE,W
IND,208,6415,59485,01/10/2021,14:57:37,15,0,5.8,1.0,146.0,145.8,2,1,0.80,CYCLE,E
IND,208,6415,59486,01/10/2021,14:58:39,15,1,24.7,1.1,68.8,68.7,2,1,1.00,CYCLE,W
IND,208,6415,59486,01/10/2021,14:59:16,15,1,20.0,1.0,37.1,36.9,2,1,1.00,CYCLE,W
IND,208,6415,59486,01/10/2021,14:59:16,15,1,20.0,1.0,0.0,0.0,2,1,1.00,CYCLE,W
IND,208,6415,59485,01/10/2021,15:00:03,15,0,23.9,1.0,146.7,146.0,2,1,1.00,CYCLE,E
IND,208,6415,59485,01/10/2021,15:01:28,15,0,22.0,1.1,85.1,85.0,2,1,1.00,CYCLE,E
IND,208,6415,59485,01/10/2021,15:02:22,15,0,11.3,1.0,53.9,53.7,2,1,1.00,CYCLE,E
IND,208,6415,59485,01/10/2021,15:04:55,15,0,21.3,1.0,152.2,151.9,2,1,1.00,CYCLE,E
IND,208,6415,59486,01/10/2021,15:05:18,15,1,22.4,1.0,362.2,361.7,2,1,1.00,CYCLE,W
IND,208,6415,59486,01/10/2021,15:05:28,15,1,29.5,1.0,9.8,9.6,2,1,1.00,CYCLE,W
IND,208,6415,59485,01/10/2021,15:05:40,15,0,26.3,1.0,45.5,45.4,2,1,1.00,CYCLE,E
IND,208,6415,59485,01/10/2021,15:05:56,15,0,3.9,1.0,15.6,15.9,2,1,0.50,CYCLE,E
IND,208,6415,59485,01/10/2021,15:05:56,15,0,3.9,1.0,0.0,0.0,2,1,0.50,CYCLE,E
IND,208,6415,59485,01/10/2021,15:07:33,15,0,21.7,1.0,97.5,95.9,2,1,1.00,CYCLE,E
IND,208,6415,59486,01/10/2021,15:07:53,15,1,24.0,1.1,144.7,144.6,2,1,1.00,CYCLE,W
IND,208,6415,59486,01/10/2021,15:08:08,15,1,19.7,1.0,15.3,15.2,2,1,1.00,CYCLE,W
IND,208,6415,59486,01/10/2021,15:08:09,15,1,24.3,1.0,0.7,0.5,2,1,1.00,CYCLE,W
IND,208,6415,59485,01/10/2021,15:08:22,15,0,23.6,1.2,48.7,48.6,2,1,1.00,CYCLE,E
IND,208,6415,59485,01/10/2021,15:09:32,15,0,25.6,0.9,70.4,70.2,2,1,1.00,CYCLE,E
IND,208,6415,59485,01/10/2021,15:10:01,15,0,20.9,1.1,29.0,28.9,2,1,1.00,CYCLE,E
IND,208,6415,59486,01/10/2021,15:10:03,15,1,24.0,1.0,113.9,113.8,2,1,1.00,CYCLE,W
IND,208,6415,59485,01/10/2021,15:10:28,15,0,20.5,1.1,26.9,26.7,2,1,1.00,CYCLE,E
IND,208,6415,59485,01/10/2021,15:12:44,15,0,20.6,1.1,135.2,135.0,2,1,1.00,CYCLE,E
IND,208,6415,59485,01/10/2021,15:12:44,15,0,21.1,1.1,0.8,0.6,2,1,1.00,CYCLE,E
IND,208,6415,59485,01/10/2021,15:13:21,15,0,18.9,1.0,36.8,36.7,2,1,1.00,CYCLE,E
IND,208,6415,59486,01/10/2021,15:13:56,15,1,23.2,1.0,233.3,233.2,2,1,1.00,CYCLE,W
IND,208,6415,59486,01/10/2021,15:14:26,15,1,27.7,1.0,29.8,29.6,2,1,1.00,CYCLE,W
IND,208,6415,59485,01/10/2021,15:15:13,15,0,4.1,1.0,111.6,111.4,2,1,0.25,CYCLE,E
IND,208,6415,59486,01/10/2021,15:18:21,15,1,23.3,1.1,234.7,234.6,2,1,1.00,CYCLE,W
IND,208,6415,59486,01/10/2021,15:19:18,15,1,26.6,1.0,57.2,57.0,2,1,1.00,CYCLE,W
IND,208,6415,59485,01/10/2021,15:19:46,15,0,20.7,1.1,273.0,271.8,2,1,1.00,CYCLE,E
IND,208,6415,59485,01/10/2021,15:20:45,15,0,26.0,1.0,59.7,59.5,2,1,1.00,CYCLE,E
IND,208,6415,59485,01/10/2021,15:24:41,15,0,28.9,1.0,235.8,235.7,2,1,1.00,CYCLE,E
IND,208,6415,59486,01/10/2021,15:25:40,15,1,26.4,1.1,382.6,382.5,2,1,1.00,CYCLE,W
IND,208,6415,59485,01/10/2021,15:25:57,15,0,31.4,1.1,76.2,76.1,2,1,1.00,CYCLE,E
IND,208,6415,59485,01/10/2021,15:28:54,15,0,19.7,1.0,176.2,176.0,2,1,1.00,CYCLE,E
IND,208,6415,59485,01/10/2021,15:28:55,15,0,18.2,1.1,1.7,1.5,2,1,1.00,CYCLE,E
IND,208,6415,59485,01/10/2021,15:29:11,15,0,23.8,1.1,15.7,15.5,2,1,1.00,CYCLE,E
IND,208,6415,59486,01/10/2021,15:29:52,15,1,24.4,1.1,251.4,251.3,2,1,1.00,CYCLE,W
IND,208,6415,59485,01/10/2021,15:31:32,15,0,27.8,1.0,140.8,140.6,2,1,1.00,CYCLE,E
IND,208,6415,59486,01/10/2021,15:32:30,15,1,23.3,1.1,158.6,158.4,2,1,1.00,CYCLE,W
IND,208,6415,59485,01/10/2021,15:33:40,15,0,23.3,1.0,127.9,127.7,2,1,1.00,CYCLE,E
IND,208,6415,59486,01/10/2021,15:34:53,15,1,23.8,1.0,142.7,142.6,2,1,1.00,CYCLE,W
IND,208,6415,59485,01/10/2021,15:36:00,15,0,19.6,1.1,140.1,140.0,2,1,1.00,CYCLE,E
IND,208,6415,59486,01/10/2021,15:36:50,15,1,30.1,1.0,116.5,116.3,2,1,1.00,CYCLE,W
IND,208,6415,59485,01/10/2021,15:37:50,15,0,15.0,1.1,110.6,110.4,2,1,1.00,CYCLE,E
IND,208,6415,59485,01/10/2021,15:37:51,15,0,13.4,1.1,0.7,0.5,2,1,1.00,CYCLE,E
IND,208,6415,59486,01/10/2021,15:38:05,15,1,19.9,1.1,75.7,75.6,2,1,1.00,CYCLE,W
IND,208,6415,59486,01/10/2021,15:38:24,15,1,20.8,1.0,18.6,18.4,2,1,1.00,CYCLE,W
IND,208,6415,59486,01/10/2021,15:38:24,15,1,23.9,1.0,0.3,0.2,2,1,1.00,CYCLE,W
IND,208,6415,59485,01/10/2021,15:39:15,15,0,15.6,1.0,72.8,71.8,2,1,1.00,CYCLE,E
IND,208,6415,59485,01/10/2021,15:41:32,15,0,19.6,1.0,137.3,137.1,2,1,1.00,CYCLE,E
IND,208,6415,59486,01/10/2021,15:41:59,15,1,24.1,1.1,215.1,214.9,2,1,1.00,CYCLE,W
IND,208,6415,59486,01/10/2021,15:42:04,15,1,27.4,1.1,4.5,4.3,2,1,1.00,CYCLE,W
IND,208,6415,59485,01/10/2021,15:43:00,15,0,25.2,1.0,88.1,87.9,2,1,1.00,CYCLE,E
IND,208,6415,59485,01/10/2021,15:43:03,15,0,28.5,1.0,2.8,2.7,2,1,1.00,CYCLE,E
IND,208,6415,59486,01/10/2021,15:46:59,15,1,27.4,1.1,295.6,295.5,2,1,1.00,CYCLE,W
IND,208,6415,59486,01/10/2021,15:47:26,15,1,28.8,1.1,26.6,26.4,2,1,1.00,CYCLE,W
IND,208,6415,59486,01/10/2021,15:48:18,15,1,31.5,1.0,51.8,51.6,2,1,1.00,CYCLE,W
IND,208,6415,59486,01/10/2021,15:48:23,15,1,27.9,1.0,5.5,5.4,2,1,1.00,CYCLE,W
IND,208,6415,59486,01/10/2021,15:49:53,15,1,23.6,1.0,90.1,90.0,2,1,1.00,CYCLE,W
IND,208,6415,59485,01/10/2021,15:50:06,15,0,5.6,1.4,422.9,422.8,2,1,0.80,CYCLE,E
IND,208,6415,59486,01/10/2021,15:50:54,15,1,37.3,1.0,60.5,60.3,2,1,1.00,CYCLE,W
IND,208,6415,59485,01/10/2021,15:51:48,15,0,25.0,1.0,101.8,101.5,2,1,1.00,CYCLE,E
IND,208,6415,59486,01/10/2021,15:53:25,15,1,22.3,1.1,151.6,151.5,2,1,1.00,CYCLE,W
IND,208,6415,59486,01/10/2021,15:53:27,15,1,23.7,1.1,1.6,1.4,2,1,1.00,CYCLE,W
IND,208,6415,59486,01/10/2021,15:53:55,15,1,27.5,1.0,28.3,28.1,2,1,1.00,CYCLE,W
IND,208,6415,59486,01/10/2021,15:55:30,15,1,30.7,1.1,94.9,94.7,2,1,1.00,CYCLE,W
IND,208,6415,59486,01/10/2021,15:55:32,15,1,30.1,1.0,1.7,1.6,2,1,1.00,CYCLE,W
IND,208,6415,59486,01/10/2021,15:55:49,15,1,30.0,1.0,17.3,17.2,2,1,1.00,CYCLE,W
IND,208,6415,59485,01/10/2021,15:56:27,15,0,24.6,1.1,279.4,279.3,2,1,1.00,CYCLE,E
IND,208,6415,59485,01/10/2021,15:56:37,15,0,22.6,1.1,9.6,9.5,2,1,1.00,CYCLE,E
IND,208,6415,59486,01/10/2021,15:58:15,15,1,29.7,1.1,146.0,145.8,2,1,1.00,CYCLE,W
IND,208,6415,59486,01/10/2021,15:59:58,15,1,23.8,1.1,103.3,103.2,2,1,1.00,CYCLE,W
IND,208,6415,59486,01/10/2021,16:00:05,15,1,25.9,1.1,6.4,6.2,2,1,1.00,CYCLE,W
IND,208,6415,59485,01/10/2021,16:00:18,15,0,29.7,1.0,220.9,220.7,2,1,1.00,CYCLE,E
IND,208,6415,59485,01/10/2021,16:01:17,15,0,16.8,1.1,59.5,59.4,2,1,1.00,CYCLE,E
IND,208,6415,59485,01/10/2021,16:01:18,15,0,18.2,0.9,0.5,0.3,2,1,1.00,CYCLE,E
IND,208,6415,59486,01/10/2021,16:02:44,15,1,23.9,1.0,159.3,159.1,2,1,1.00,CYCLE,W
IND,208,6415,59486,01/10/2021,16:03:17,15,1,28.2,1.1,32.6,32.5,2,1,1.00,CYCLE,W
IND,208,6415,59486,01/10/2021,16:04:00,15,1,17.8,1.0,43.0,42.9,2,1,1.00,CYCLE,W
IND,208,6415,59485,01/10/2021,16:04:45,15,0,24.1,1.1,206.9,206.7,2,1,1.00,CYCLE,E
IND,208,6415,59486,01/10/2021,16:07:17,15,1,24.3,1.1,196.8,196.5,2,1,1.00,CYCLE,W
IND,208,6415,59486,01/10/2021,16:07:28,15,1,27.2,0.9,11.0,10.9,2,1,1.00,CYCLE,W
IND,208,6415,59486,01/10/2021,16:08:03,15,1,30.0,1.0,35.6,35.4,2,1,1.00,CYCLE,W
IND,208,6415,59485,01/10/2021,16:08:48,15,0,39.7,1.1,243.0,242.8,2,1,1.00,CYCLE,E
IND,208,6415,59486,01/10/2021,16:09:07,15,1,22.6,1.0,63.4,63.3,2,1,1.00,CYCLE,W
IND,208,6415,59485,01/10/2021,16:09:47,15,0,10.6,0.5,59.5,59.4,2,1,1.00,CYCLE,E
IND,208,6415,59485,01/10/2021,16:09:57,15,0,9.4,0.5,9.2,9.0,2,1,1.00,CYCLE,E
IND,208,6415,59486,01/10/2021,16:10:35,15,1,27.9,1.0,88.4,88.2,2,1,1.00,CYCLE,W
IND,208,6415,59486,01/10/2021,16:11:23,15,1,21.5,1.0,48.2,48.1,2,1,1.00,CYCLE,W
IND,208,6415,59485,01/10/2021,16:14:11,15,0,21.7,1.0,254.3,254.2,2,1,1.00,CYCLE,E
IND,208,6415,59486,01/10/2021,16:14:42,15,1,28.2,1.1,198.5,198.3,2,1,1.00,CYCLE,W
IND,208,6415,59486,01/10/2021,16:15:08,15,1,28.2,1.0,26.0,25.9,2,1,1.00,CYCLE,W
IND,208,6415,59486,01/10/2021,16:16:23,15,1,19.6,1.1,75.1,75.0,2,1,1.00,CYCLE,W
IND,208,6415,59486,01/10/2021,16:16:29,15,1,19.6,1.1,6.9,6.7,2,1,1.00,CYCLE,W
IND,208,6415,59485,01/10/2021,16:17:06,15,0,13.8,1.0,175.2,175.1,2,1,1.00,CYCLE,E
IND,208,6415,59485,01/10/2021,16:18:18,15,0,22.2,1.0,71.4,71.1,2,1,1.00,CYCLE,E
IND,208,6415,59485,01/10/2021,16:19:08,15,0,28.9,1.0,50.5,50.4,2,1,1.00,CYCLE,E
IND,208,6415,59485,01/10/2021,16:19:24,15,0,21.5,1.1,16.0,15.9,2,1,1.00,CYCLE,E
IND,208,6415,59485,01/10/2021,16:19:37,15,0,27.9,1.0,12.5,12.3,2,1,1.00,CYCLE,E
IND,208,6415,59486,01/10/2021,16:23:38,15,1,33.8,1.0,428.3,428.1,2,1,1.00,CYCLE,W
IND,208,6415,59485,01/10/2021,16:23:56,15,0,17.1,1.1,259.7,259.6,2,1,1.00,CYCLE,E
IND,208,6415,59485,01/10/2021,16:24:51,15,0,22.4,1.0,54.6,54.4,2,1,1.00,CYCLE,E
IND,208,6415,59486,01/10/2021,16:26:00,15,1,31.8,1.1,141.7,141.6,2,1,1.00,CYCLE,W
IND,208,6415,59486,01/10/2021,16:28:03,15,1,28.2,1.1,123.0,122.9,2,1,1.00,CYCLE,W
IND,208,6415,59486,01/10/2021,16:30:33,15,1,27.1,1.1,150.4,150.2,2,1,1.00,CYCLE,W
IND,208,6415,59485,01/10/2021,16:31:04,15,0,36.5,0.9,372.7,372.6,2,1,1.00,CYCLE,E
IND,208,6415,59486,01/10/2021,16:33:12,15,1,31.5,1.0,158.7,158.6,2,1,1.00,CYCLE,W
IND,208,6415,59485,01/10/2021,16:34:11,15,0,22.0,1.0,187.3,187.2,2,1,1.00,CYCLE,E
IND,208,6415,59485,01/10/2021,16:35:55,15,0,33.3,1.0,104.2,104.1,2,1,1.00,CYCLE,E
IND,208,6415,59485,01/10/2021,16:36:06,15,0,27.5,1.1,10.7,10.6,2,1,1.00,CYCLE,E
IND,208,6415,59486,01/10/2021,16:37:08,15,1,25.3,1.0,236.6,236.5,2,1,1.00,CYCLE,W
IND,208,6415,59485,01/10/2021,16:38:36,15,0,21.3,1.1,149.9,149.8,2,1,1.00,CYCLE,E
IND,208,6415,59485,01/10/2021,16:38:39,15,0,19.9,1.1,3.2,3.0,2,1,1.00,CYCLE,E
IND,208,6415,59485,01/10/2021,16:42:05,15,0,22.1,1.0,206.1,205.9,2,1,1.00,CYCLE,E
IND,208,6415,59485,01/10/2021,16:42:29,15,0,22.4,1.1,23.4,23.3,2,1,1.00,CYCLE,E
IND,208,6415,59485,01/10/2021,16:42:43,15,0,12.1,1.0,14.1,14.0,2,1,0.57,CYCLE,E
IND,208,6415,59485,01/10/2021,16:42:43,15,0,12.1,1.0,0.0,0.0,2,1,0.57,CYCLE,E
IND,208,6415,59486,01/10/2021,16:42:48,15,1,28.0,1.0,339.4,339.2,2,1,1.00,CYCLE,W
IND,208,6415,59486,01/10/2021,16:44:19,15,1,27.8,1.0,91.3,91.1,2,1,1.00,CYCLE,W
IND,208,6415,59485,01/10/2021,16:46:14,15,0,24.2,1.0,211.7,211.2,2,1,1.00,CYCLE,E
IND,208,6415,59485,01/10/2021,16:46:47,15,0,18.6,1.1,32.3,32.2,2,1,1.00,CYCLE,E
IND,208,6415,59485,01/10/2021,16:47:54,15,0,18.1,1.0,66.8,66.6,2,1,1.00,CYCLE,E
IND,208,6415,59485,01/10/2021,16:47:58,15,0,25.4,1.1,4.3,4.1,2,1,1.00,CYCLE,E
IND,208,6415,59485,01/10/2021,16:48:43,15,0,21.3,1.1,45.2,45.0,2,1,1.00,CYCLE,E
IND,208,6415,59486,01/10/2021,16:48:50,15,1,24.1,1.0,271.5,271.4,2,1,1.00,CYCLE,W
IND,208,6415,59486,01/10/2021,16:49:00,15,1,35.4,0.8,9.9,9.7,2,1,1.00,CYCLE,W
IND,208,6415,59486,01/10/2021,16:50:43,15,1,19.5,1.1,102.3,102.2,2,1,1.00,CYCLE,W
IND,208,6415,59486,01/10/2021,16:51:44,15,1,23.2,1.0,61.3,61.1,2,1,1.00,CYCLE,W
IND,208,6415,59486,01/10/2021,16:52:30,15,1,27.3,1.1,46.6,46.4,2,1,1.00,CYCLE,W
IND,208,6415,59486,01/10/2021,16:52:42,15,1,22.4,1.0,11.1,10.9,2,1,1.00,CYCLE,W
IND,208,6415,59486,01/10/2021,16:52:48,15,1,25.9,1.1,6.3,6.1,2,1,1.00,CYCLE,W
IND,208,6415,59486,01/10/2021,16:53:19,15,1,28.5,1.1,31.3,31.2,2,1,1.00,CYCLE,W
IND,208,6415,59485,01/10/2021,16:53:26,15,0,22.8,1.1,283.1,282.9,2,1,1.00,CYCLE,E
IND,208,6415,59485,01/10/2021,16:53:29,15,0,21.4,1.0,2.9,2.7,2,1,1.00,CYCLE,E
IND,208,6415,59486,01/10/2021,16:54:29,15,1,27.6,1.0,39.5,39.5,2,1,1.00,CYCLE,W
IND,208,6415,59486,01/10/2021,16:54:44,15,1,23.4,1.1,14.5,14.4,2,1,1.00,CYCLE,W
IND,208,6415,59486,01/10/2021,16:54:55,15,1,21.6,1.1,11.4,11.2,2,1,1.00,CYCLE,W
IND,208,6415,59486,01/10/2021,16:54:56,15,1,23.9,1.1,0.5,0.3,2,1,1.00,CYCLE,W
IND,208,6415,59486,01/10/2021,16:57:31,15,1,21.9,1.0,104.8,104.5,2,1,1.00,CYCLE,W
IND,208,6415,59486,01/10/2021,16:57:32,15,1,20.5,1.0,1.1,1.0,2,1,1.00,CYCLE,W
IND,208,6415,59485,01/10/2021,17:00:02,15,0,25.9,1.0,392.7,392.6,2,1,1.00,CYCLE,E
IND,208,6415,59486,01/10/2021,17:00:14,15,1,21.9,1.1,162.3,162.1,2,1,1.00,CYCLE,W
IND,208,6415,59485,01/10/2021,17:02:15,15,0,30.8,1.0,133.1,132.9,2,1,1.00,CYCLE,E
IND,208,6415,59485,01/10/2021,17:03:55,15,0,21.7,1.1,100.5,100.4,2,1,1.00,CYCLE,E
IND,208,6415,59485,01/10/2021,17:04:23,15,0,21.0,1.1,27.7,27.5,2,1,1.00,CYCLE,E
IND,208,6415,59486,01/10/2021,17:09:10,15,1,28.3,1.1,535.9,535.7,2,1,1.00,CYCLE,W
IND,208,6415,59485,01/10/2021,17:11:25,15,0,32.6,1.0,422.3,422.1,2,1,1.00,CYCLE,E
IND,208,6415,59485,01/10/2021,17:11:32,15,0,22.1,1.1,6.3,6.2,2,1,1.00,CYCLE,E
IND,208,6415,59486,01/10/2021,17:16:40,15,1,29.5,1.0,449.8,449.7,2,1,1.00,CYCLE,W
IND,208,6415,59486,01/10/2021,17:17:41,15,1,23.0,1.0,60.9,60.8,2,1,1.00,CYCLE,W
IND,208,6415,59485,01/10/2021,17:18:29,15,0,25.0,1.1,417.5,417.3,2,1,1.00,CYCLE,E
IND,208,6415,59485,01/10/2021,17:18:48,15,0,19.4,1.0,18.7,18.6,2,1,1.00,CYCLE,E
IND,208,6415,59485,01/10/2021,17:19:10,15,0,17.1,1.1,22.0,21.8,2,1,1.00,CYCLE,E
IND,208,6415,59485,01/10/2021,17:19:10,15,0,16.7,1.0,0.5,0.3,2,1,1.00,CYCLE,E
IND,208,6415,59485,01/10/2021,17:19:12,15,0,19.1,0.8,1.3,1.1,2,1,1.00,CYCLE,E
IND,208,6415,59485,01/10/2021,17:23:08,15,0,24.5,1.0,236.6,236.4,2,1,1.00,CYCLE,E
IND,208,6415,59486,01/10/2021,17:23:54,15,1,24.7,1.0,372.9,372.7,2,1,1.00,CYCLE,W
IND,208,6415,59485,01/10/2021,17:23:58,15,0,20.5,1.0,50.1,49.9,2,1,1.00,CYCLE,E
IND,208,6415,59485,01/10/2021,17:25:12,15,0,22.3,1.0,73.4,73.2,2,1,1.00,CYCLE,E
IND,208,6415,59485,01/10/2021,17:28:16,15,0,26.0,1.0,184.8,184.6,2,1,1.00,CYCLE,E
IND,208,6415,59485,01/10/2021,17:32:14,15,0,21.7,1.0,237.9,237.8,2,1,1.00,CYCLE,E
IND,208,6415,59485,01/10/2021,17:32:15,15,0,21.5,1.1,0.7,0.5,2,1,1.00,CYCLE,E
IND,208,6415,59485,01/10/2021,17:32:15,15,0,21.6,1.1,0.6,0.4,2,1,1.00,CYCLE,E
IND,208,6415,59486,01/10/2021,17:32:28,15,1,21.4,1.0,514.3,514.2,2,1,1.00,CYCLE,W
IND,208,6415,59486,01/10/2021,17:32:55,15,1,22.2,1.0,26.6,26.4,2,1,1.00,CYCLE,W
IND,208,6415,59485,01/10/2021,17:34:01,15,0,26.6,1.1,105.3,105.2,2,1,1.00,CYCLE,E
IND,208,6415,59485,01/10/2021,17:34:56,15,0,15.3,1.1,54.8,54.7,2,1,1.00,CYCLE,E
IND,208,6415,59485,01/10/2021,17:36:26,15,0,23.1,1.0,90.2,89.9,2,1,1.00,CYCLE,E
IND,208,6415,59485,01/10/2021,17:36:56,15,0,27.0,1.0,29.8,29.6,2,1,1.00,CYCLE,E
IND,208,6415,59485,01/10/2021,17:37:15,15,0,22.6,1.0,19.9,19.7,2,1,1.00,CYCLE,E
IND,208,6415,59486,01/10/2021,17:37:32,15,1,29.1,1.0,277.2,277.0,2,1,1.00,CYCLE,W
IND,208,6415,59485,01/10/2021,17:37:53,15,0,26.6,1.0,37.6,37.4,2,1,1.00,CYCLE,E
IND,208,6415,59486,01/10/2021,17:39:18,15,1,27.7,1.0,106.6,106.5,2,1,1.00,CYCLE,W
IND,208,6415,59486,01/10/2021,17:40:40,15,1,28.6,1.0,82.0,81.9,2,1,1.00,CYCLE,W
IND,208,6415,59485,01/10/2021,17:41:04,15,0,24.2,1.0,190.6,190.4,2,1,1.00,CYCLE,E
IND,208,6415,59485,01/10/2021,17:41:26,15,0,23.0,0.9,22.7,22.5,2,1,1.00,CYCLE,E
IND,208,6415,59486,01/10/2021,17:42:22,15,1,29.6,1.0,101.9,101.7,2,1,1.00,CYCLE,W
IND,208,6415,59486,01/10/2021,17:42:28,15,1,28.4,1.1,6.0,5.8,2,1,1.00,CYCLE,W
IND,208,6415,59485,01/10/2021,17:42:39,15,0,18.8,1.0,72.5,72.4,2,1,1.00,CYCLE,E
IND,208,6415,59485,01/10/2021,17:43:29,15,0,22.5,1.1,50.5,50.3,2,1,1.00,CYCLE,E
IND,208,6415,59486,01/10/2021,17:44:12,15,1,23.1,1.0,104.0,103.9,2,1,1.00,CYCLE,W
IND,208,6415,59486,01/10/2021,17:44:14,15,1,26.4,1.0,2.1,2.0,2,1,1.00,CYCLE,W
IND,208,6415,59486,01/10/2021,17:44:36,15,1,22.0,1.0,21.8,21.7,2,1,1.00,CYCLE,W
IND,208,6415,59485,01/10/2021,17:44:46,15,0,25.0,1.1,77.1,76.9,2,1,1.00,CYCLE,E
IND,208,6415,59485,01/10/2021,17:45:47,15,0,17.3,1.0,60.2,60.0,2,1,1.00,CYCLE,E
IND,208,6415,59485,01/10/2021,17:46:42,15,0,16.3,1.0,55.4,55.2,2,1,1.00,CYCLE,E
IND,208,6415,59485,01/10/2021,17:47:25,15,0,25.0,1.0,42.8,42.6,2,1,1.00,CYCLE,E
IND,208,6415,59485,01/10/2021,17:49:41,15,0,21.8,1.1,136.6,136.4,2,1,1.00,CYCLE,E
IND,208,6415,59485,01/10/2021,17:50:59,15,0,23.7,1.0,77.3,77.1,2,1,1.00,CYCLE,E
IND,208,6415,59486,01/10/2021,17:51:51,15,1,33.5,1.0,434.5,434.3,2,1,1.00,CYCLE,W
IND,208,6415,59486,01/10/2021,17:54:02,15,1,21.8,1.1,131.6,131.5,2,1,1.00,CYCLE,W
IND,208,6415,59486,01/10/2021,17:54:03,15,1,19.4,1.1,0.6,0.4,2,1,1.00,CYCLE,W
IND,208,6415,59486,01/10/2021,17:54:41,15,1,23.9,1.1,38.4,38.2,2,1,1.00,CYCLE,W
IND,208,6415,59485,01/10/2021,17:54:54,15,0,23.0,1.0,234.9,234.8,2,1,1.00,CYCLE,E
IND,208,6415,59485,01/10/2021,17:56:52,15,0,20.7,1.1,118.3,118.2,2,1,1.00,CYCLE,E
IND,208,6415,59486,01/10/2021,17:59:39,15,1,22.4,1.1,298.1,297.9,2,1,1.00,CYCLE,W
IND,208,6415,59485,01/10/2021,18:00:11,15,0,22.5,1.1,199.4,199.2,2,1,1.00,CYCLE,E
IND,208,6415,59485,01/10/2021,18:01:00,15,0,30.4,1.1,48.3,48.1,2,1,1.00,CYCLE,E
IND,208,6415,59486,01/10/2021,18:01:59,15,1,28.5,1.0,139.3,139.1,2,1,1.00,CYCLE,W
IND,208,6415,59486,01/10/2021,18:02:07,15,1,30.7,1.0,8.0,7.8,2,1,1.00,CYCLE,W
IND,208,6415,59485,01/10/2021,18:02:34,15,0,17.9,1.0,94.6,94.4,2,1,1.00,CYCLE,E
IND,208,6415,59485,01/10/2021,18:04:04,15,0,31.3,1.0,90.0,89.8,2,1,1.00,CYCLE,E
IND,208,6415,59486,01/10/2021,18:05:15,15,1,23.5,1.1,187.9,187.8,2,1,1.00,CYCLE,W
IND,208,6415,59485,01/10/2021,18:05:45,15,0,27.8,1.1,101.1,101.0,2,1,1.00,CYCLE,E
IND,208,6415,59485,01/10/2021,18:11:10,15,0,22.5,1.0,325.0,324.9,2,1,1.00,CYCLE,E
IND,208,6415,59486,01/10/2021,18:14:52,15,1,7.0,1.0,577.6,577.6,2,1,0.57,CYCLE,W
IND,208,6415,59486,01/10/2021,18:15:37,15,1,18.3,1.0,45.2,44.2,2,1,1.00,CYCLE,W
IND,208,6415,59486,01/10/2021,18:16:29,15,1,16.3,1.0,52.0,51.9,2,1,1.00,CYCLE,W
IND,208,6415,59485,01/10/2021,18:18:11,15,0,17.9,1.0,420.5,420.4,2,1,1.00,CYCLE,E
IND,208,6415,59486,01/10/2021,18:21:22,15,1,20.9,1.0,293.0,292.8,2,1,1.00,CYCLE,W
IND,208,6415,59486,01/10/2021,18:21:22,15,1,20.9,1.0,0.0,0.0,2,1,1.00,CYCLE,W
IND,208,6415,59485,01/10/2021,18:22:08,15,0,23.1,1.1,237.6,237.4,2,1,1.00,CYCLE,E
IND,208,6415,59485,01/10/2021,18:22:47,15,0,34.5,1.0,38.8,38.6,2,1,1.00,CYCLE,E
IND,208,6415,59485,01/10/2021,18:24:31,15,0,16.7,1.1,104.3,104.2,2,1,1.00,CYCLE,E
IND,208,6415,59486,01/10/2021,18:26:21,15,1,26.3,1.1,298.4,298.1,2,1,1.00,CYCLE,W
IND,208,6415,59485,01/10/2021,18:27:39,15,0,19.9,1.0,187.7,187.5,2,1,1.00,CYCLE,E
IND,208,6415,59485,01/10/2021,18:28:05,15,0,16.2,1.0,26.2,26.0,2,1,1.00,CYCLE,E
IND,208,6415,59485,01/10/2021,18:28:06,15,0,15.5,1.0,0.5,0.2,2,1,1.00,CYCLE,E
IND,208,6415,59485,01/10/2021,18:28:56,15,0,17.9,1.1,50.6,50.4,2,1,1.00,CYCLE,E
IND,208,6415,59486,01/10/2021,18:29:05,15,1,26.9,1.0,164.1,164.0,2,1,1.00,CYCLE,W
IND,208,6415,59486,01/10/2021,18:30:17,15,1,37.2,1.0,72.4,72.3,2,1,0.40,CYCLE,W
IND,208,6415,59486,01/10/2021,18:30:44,15,1,26.0,1.0,26.8,26.7,2,1,1.00,CYCLE,W
IND,208,6415,59485,01/10/2021,18:31:00,15,0,20.5,1.1,123.6,123.4,2,1,1.00,CYCLE,E
IND,208,6415,59485,01/10/2021,18:31:10,15,0,26.5,1.1,10.0,9.8,2,1,1.00,CYCLE,E
IND,208,6415,59485,01/10/2021,18:31:35,15,0,26.9,1.1,25.2,25.1,2,1,1.00,CYCLE,E
IND,208,6415,59485,01/10/2021,18:35:27,15,0,26.2,1.0,231.7,231.5,2,1,1.00,CYCLE,E
IND,208,6415,59486,01/10/2021,18:40:59,15,1,28.1,1.0,479.9,479.1,2,1,1.00,CYCLE,W
IND,208,6415,59485,01/10/2021,18:41:28,15,0,21.2,1.1,360.7,360.6,2,1,1.00,CYCLE,E
IND,208,6415,59486,01/10/2021,18:43:47,15,1,22.5,1.2,167.7,167.6,2,1,1.00,CYCLE,W
IND,208,6415,59486,01/10/2021,18:50:44,15,1,28.6,1.0,417.6,417.4,2,1,1.00,CYCLE,W
IND,208,6415,59486,01/10/2021,18:51:20,15,1,28.6,1.0,35.3,35.2,2,1,1.00,CYCLE,W
IND,208,6415,59485,01/10/2021,18:51:52,15,0,24.2,1.0,624.0,623.8,2,1,1.00,CYCLE,E
IND,208,6415,59486,01/10/2021,18:56:15,15,1,22.0,1.0,295.3,295.2,2,1,1.00,CYCLE,W
IND,208,6415,59485,01/10/2021,19:08:58,15,0,21.6,1.1,1026.6,1026.4,2,1,1.00,CYCLE,E
IND,208,6415,59485,01/10/2021,19:09:49,15,0,28.7,1.1,50.9,50.8,2,1,1.00,CYCLE,E
IND,208,6415,59485,01/10/2021,19:11:15,15,0,4.6,0.4,86.1,86.0,2,1,1.00,CYCLE,E
IND,208,6415,59485,01/10/2021,19:15:13,15,0,23.9,1.1,237.9,237.6,2,1,1.00,CYCLE,E
IND,208,6415,59486,01/10/2021,19:18:43,15,1,5.2,1.0,1348.0,1348.0,2,1,0.33,CYCLE,W
IND,208,6415,59485,01/10/2021,19:23:57,15,0,25.6,1.0,523.9,523.7,2,1,1.00,CYCLE,E
IND,208,6415,59485,01/10/2021,19:28:21,15,0,21.3,1.0,263.5,263.3,2,1,1.00,CYCLE,E
IND,208,6415,59486,01/10/2021,19:34:06,15,1,18.5,1.0,922.8,921.8,2,1,1.00,CYCLE,W
IND,208,6415,59486,01/10/2021,19:34:09,15,1,20.7,1.0,3.5,3.3,2,1,1.00,CYCLE,W
IND,208,6415,59486,01/10/2021,19:34:10,15,1,20.4,1.0,0.9,0.7,2,1,1.00,CYCLE,W
IND,208,6415,59486,01/10/2021,19:34:11,15,1,20.8,1.0,0.3,0.1,2,1,1.00,CYCLE,W
IND,208,6415,59485,01/10/2021,19:38:13,15,0,19.9,1.1,592.1,592.0,2,1,1.00,CYCLE,E
IND,208,6415,59485,01/10/2021,19:38:47,15,0,18.3,1.1,33.9,33.7,2,1,1.00,CYCLE,E
IND,208,6415,59486,01/10/2021,19:39:27,15,1,29.6,1.1,316.3,316.1,2,1,1.00,CYCLE,W
IND,208,6415,59486,01/10/2021,19:46:54,15,1,28.3,1.0,446.8,446.7,2,1,1.00,CYCLE,W
IND,208,6415,59486,01/10/2021,19:49:51,15,1,20.2,1.1,177.7,177.6,2,1,1.00,CYCLE,W
IND,208,6415,59486,01/10/2021,19:49:55,15,1,19.1,1.1,3.4,3.2,2,1,1.00,CYCLE,W
IND,208,6415,59485,01/10/2021,19:51:13,15,0,21.1,1.0,746.3,746.1,2,1,1.00,CYCLE,E
IND,208,6415,59485,01/10/2021,20:05:15,15,0,21.9,1.0,841.8,841.7,2,1,1.00,CYCLE,E
IND,208,6415,59486,01/10/2021,20:10:55,15,1,23.2,1.0,1260.7,1260.5,2,1,1.00,CYCLE,W
IND,208,6415,59485,01/10/2021,20:14:41,15,0,22.4,1.0,565.9,565.7,2,1,1.00,CYCLE,E
IND,208,6415,59485,01/10/2021,20:23:04,15,0,13.8,1.1,503.4,503.3,2,1,1.00,CYCLE,E
IND,208,6415,59486,01/10/2021,20:28:27,15,1,29.9,1.1,1051.7,1051.5,2,1,1.00,CYCLE,W
IND,208,6415,59485,01/10/2021,20:34:13,15,0,28.7,1.1,668.8,668.5,2,1,1.00,CYCLE,E
IND,208,6415,59485,01/10/2021,20:47:04,15,0,20.1,1.0,771.2,771.1,2,1,1.00,CYCLE,E
IND,208,6415,59486,01/10/2021,20:50:46,15,1,22.7,1.0,1338.9,1338.8,2,1,1.00,CYCLE,W
IND,208,6415,59486,01/10/2021,20:50:46,15,1,22.7,1.0,0.0,0.0,2,1,1.00,CYCLE,W
IND,208,6415,59486,01/10/2021,20:56:47,15,1,28.8,1.1,361.5,361.3,2,1,1.00,CYCLE,W
IND,208,6415,59485,01/10/2021,22:52:33,15,0,20.2,1.0,7528.8,7528.6,2,1,1.00,CYCLE,E
IND,208,6415,59486,02/10/2021,02:04:40,15,1,28.6,1.0,18472.3,18472.2,2,1,1.00,CYCLE,W
IND,208,6415,59485,02/10/2021,04:11:18,15,0,23.9,1.1,19124.9,19124.8,2,1,1.00,CYCLE,E
IND,208,6415,59486,02/10/2021,06:21:35,15,1,26.9,1.0,15415.2,15415.1,2,1,1.00,CYCLE,W
IND,208,6415,59486,02/10/2021,06:39:11,15,1,31.3,1.0,1056.5,1056.3,2,1,1.00,CYCLE,W
IND,208,6415,59486,02/10/2021,06:55:46,15,1,27.8,0.9,994.5,994.4,2,1,1.00,CYCLE,W
IND,208,6415,59485,02/10/2021,06:58:53,15,0,28.2,1.0,10055.0,10054.8,2,1,1.00,CYCLE,E
IND,208,6415,59485,02/10/2021,07:10:23,15,0,19.2,1.0,690.5,690.3,2,1,1.00,CYCLE,E
IND,208,6415,59485,02/10/2021,07:12:33,15,0,23.1,0.9,129.5,129.3,2,1,1.00,CYCLE,E
IND,208,6415,59486,02/10/2021,07:17:34,15,1,21.4,1.1,1308.4,1308.3,2,1,1.00,CYCLE,W
IND,208,6415,59486,02/10/2021,07:18:40,15,1,20.6,1.0,65.8,65.6,2,1,1.00,CYCLE,W
IND,208,6415,59486,02/10/2021,07:18:41,15,1,19.9,1.0,0.9,0.8,2,1,0.80,CYCLE,W
IND,208,6415,59486,02/10/2021,07:21:10,15,1,23.8,1.0,148.5,148.3,2,1,1.00,CYCLE,W
IND,208,6415,59486,02/10/2021,07:22:32,15,1,21.5,1.0,82.1,82.0,2,1,1.00,CYCLE,W
IND,208,6415,59485,02/10/2021,07:32:54,15,0,21.0,1.0,1220.8,1220.7,2,1,1.00,CYCLE,E
IND,208,6415,59485,02/10/2021,07:35:10,15,0,18.7,1.1,136.4,136.2,2,1,1.00,CYCLE,E
IND,208,6415,59485,02/10/2021,07:35:12,15,0,17.6,1.1,2.3,2.1,2,1,1.00,CYCLE,E
IND,208,6415,59485,02/10/2021,07:35:16,15,0,15.5,1.1,3.9,3.7,2,1,1.00,CYCLE,E
IND,208,6415,59486,02/10/2021,07:36:46,15,1,22.6,1.1,854.4,854.2,2,1,1.00,CYCLE,W
IND,208,6415,59486,02/10/2021,07:38:43,15,1,27.5,1.0,116.4,116.3,2,1,1.00,CYCLE,W
IND,208,6415,59486,02/10/2021,07:39:14,15,1,26.5,1.2,31.3,31.2,2,1,1.00,CYCLE,W
IND,208,6415,59486,02/10/2021,07:43:26,15,1,29.0,1.0,252.1,251.9,2,1,1.00,CYCLE,W
IND,208,6415,59486,02/10/2021,07:45:44,15,1,28.2,1.0,138.1,137.9,2,1,1.00,CYCLE,W
IND,208,6415,59485,02/10/2021,07:46:34,15,0,22.7,1.0,678.0,677.7,2,1,1.00,CYCLE,E
IND,208,6415,59485,02/10/2021,07:50:11,15,0,22.9,1.0,216.6,216.4,2,1,1.00,CYCLE,E
IND,208,6415,59486,02/10/2021,07:51:07,15,1,29.5,1.0,323.0,322.9,2,1,1.00,CYCLE,W
IND,208,6415,59486,02/10/2021,07:51:08,15,1,30.7,1.0,0.9,0.7,2,1,1.00,CYCLE,W
IND,208,6415,59486,02/10/2021,07:51:09,15,1,28.1,1.0,1.0,0.9,2,1,1.00,CYCLE,W
IND,208,6415,59486,02/10/2021,07:51:27,15,1,22.7,1.1,18.4,18.2,2,1,1.00,CYCLE,W
IND,208,6415,59486,02/10/2021,07:51:51,15,1,30.9,1.0,24.2,24.0,2,1,1.00,CYCLE,W
IND,208,6415,59486,02/10/2021,07:52:47,15,1,31.5,1.0,55.3,55.1,2,1,1.00,CYCLE,W
IND,208,6415,59485,02/10/2021,07:52:53,15,0,26.7,1.0,162.2,162.1,2,1,1.00,CYCLE,E
IND,208,6415,59485,02/10/2021,07:52:53,15,0,25.8,1.0,0.4,0.2,2,1,1.00,CYCLE,E
IND,208,6415,59485,02/10/2021,08:00:26,15,0,30.5,1.1,129.3,129.3,2,1,1.00,CYCLE,E
IND,208,6415,59485,02/10/2021,08:00:43,15,0,29.2,1.1,16.9,16.8,2,1,1.00,CYCLE,E
IND,208,6415,59486,02/10/2021,08:00:49,15,1,23.8,1.0,482.8,482.7,2,1,1.00,CYCLE,W
IND,208,6415,59485,02/10/2021,08:02:50,15,0,25.0,1.1,126.6,126.5,2,1,1.00,CYCLE,E
IND,208,6415,59486,02/10/2021,08:05:42,15,1,27.7,1.0,293.0,292.8,2,1,1.00,CYCLE,W
IND,208,6415,59486,02/10/2021,08:06:05,15,1,25.2,1.0,22.8,22.7,2,1,1.00,CYCLE,W
IND,208,6415,59485,02/10/2021,08:06:13,15,0,24.9,1.0,203.9,203.7,2,1,1.00,CYCLE,E
IND,208,6415,59485,02/10/2021,08:06:13,15,0,24.9,1.0,0.0,0.0,2,1,1.00,CYCLE,E
IND,208,6415,59486,02/10/2021,08:07:34,15,1,9.7,1.0,88.7,88.5,2,1,0.50,CYCLE,W
IND,208,6415,59485,02/10/2021,08:12:10,15,0,20.0,1.1,356.7,356.4,2,1,1.00,CYCLE,E
IND,208,6415,59485,02/10/2021,08:16:59,15,0,15.4,1.0,288.4,288.2,2,1,1.00,CYCLE,E
IND,208,6415,59486,02/10/2021,08:17:27,15,1,26.3,1.1,592.7,591.2,2,1,1.00,CYCLE,W
IND,208,6415,59485,02/10/2021,08:23:01,15,0,26.0,1.0,362.2,362.0,2,1,1.00,CYCLE,E
IND,208,6415,59486,02/10/2021,08:28:02,15,1,27.1,1.0,635.0,634.8,2,1,1.00,CYCLE,W
IND,208,6415,59486,02/10/2021,08:28:06,15,1,23.0,1.1,3.9,3.8,2,1,1.00,CYCLE,W
IND,208,6415,59486,02/10/2021,08:28:07,15,1,21.8,1.1,1.0,0.8,2,1,1.00,CYCLE,W
IND,208,6415,59486,02/10/2021,08:28:34,15,1,34.2,1.1,27.9,27.7,2,1,1.00,CYCLE,W
IND,208,6415,59486,02/10/2021,08:29:41,15,1,25.7,1.1,66.3,66.2,2,1,1.00,CYCLE,W
IND,208,6415,59486,02/10/2021,08:34:13,15,1,26.3,1.0,271.9,271.7,2,1,1.00,CYCLE,W
IND,208,6415,59486,02/10/2021,08:34:14,15,1,26.4,1.1,1.5,1.3,2,1,1.00,CYCLE,W
IND,208,6415,59486,02/10/2021,08:35:36,15,1,9.3,1.0,81.4,81.4,2,1,0.40,CYCLE,W
IND,208,6415,59486,02/10/2021,08:37:45,15,1,27.3,1.2,129.6,129.1,2,1,1.00,CYCLE,W
IND,208,6415,59486,02/10/2021,08:38:46,15,1,25.8,1.0,61.2,61.0,2,1,1.00,CYCLE,W
IND,208,6415,59486,02/10/2021,08:41:31,15,1,23.1,1.1,164.8,164.7,2,1,1.00,CYCLE,W
IND,208,6415,59486,02/10/2021,08:41:32,15,1,24.4,1.1,0.4,0.3,2,1,1.00,CYCLE,W
IND,208,6415,59486,02/10/2021,08:42:08,15,1,25.7,1.1,36.7,36.6,2,1,1.00,CYCLE,W
IND,208,6415,59485,02/10/2021,08:42:30,15,0,23.9,1.1,1169.1,1168.9,2,1,1.00,CYCLE,E
IND,208,6415,59486,02/10/2021,08:48:55,15,1,22.2,1.1,406.5,406.4,2,1,1.00,CYCLE,W
IND,208,6415,59486,02/10/2021,08:48:55,15,1,22.3,1.0,0.4,0.2,2,1,1.00,CYCLE,W
IND,208,6415,59486,02/10/2021,08:48:56,15,1,21.5,1.1,0.3,0.1,2,1,1.00,CYCLE,W
IND,208,6415,59486,02/10/2021,08:49:03,15,1,26.4,1.0,7.9,7.7,2,1,1.00,CYCLE,W
IND,208,6415,59485,02/10/2021,08:50:24,15,0,8.6,0.6,474.1,473.9,2,1,0.80,CYCLE,E
IND,208,6415,59485,02/10/2021,08:50:37,15,0,25.8,1.0,13.5,13.3,2,1,1.00,CYCLE,E
IND,208,6415,59485,02/10/2021,08:53:20,15,0,25.4,1.0,162.1,161.9,2,1,0.86,CYCLE,E
IND,208,6415,59486,02/10/2021,08:57:00,15,1,32.3,1.0,119.6,119.2,2,1,1.00,CYCLE,W
IND,208,6415,59486,02/10/2021,08:59:05,15,1,24.8,1.0,125.1,125.0,2,1,1.00,CYCLE,W
IND,208,6415,59485,02/10/2021,09:03:30,15,0,6.1,0.2,610.0,609.9,2,1,0.80,CYCLE,E
IND,208,6415,59485,02/10/2021,09:07:00,15,0,28.1,1.0,210.1,210.0,2,1,1.00,CYCLE,E
IND,208,6415,59486,02/10/2021,09:07:13,15,1,26.5,1.0,346.9,346.3,2,1,1.00,CYCLE,W
IND,208,6415,59486,02/10/2021,09:07:36,15,1,27.3,1.0,22.3,22.2,2,1,1.00,CYCLE,W
IND,208,6415,59485,02/10/2021,09:08:46,15,0,19.2,1.1,106.3,106.2,2,1,1.00,CYCLE,E
IND,208,6415,59486,02/10/2021,09:09:55,15,1,19.1,1.0,139.6,139.5,2,1,1.00,CYCLE,W
IND,208,6415,59486,02/10/2021,09:11:53,15,1,17.0,1.0,117.2,117.0,2,1,1.00,CYCLE,W
IND,208,6415,59486,02/10/2021,09:11:53,15,1,17.5,1.0,0.9,0.7,2,1,1.00,CYCLE,W
IND,208,6415,59486,02/10/2021,09:11:55,15,1,20.6,1.0,1.7,1.5,2,1,1.00,CYCLE,W
IND,208,6415,59486,02/10/2021,09:12:28,15,1,26.9,1.0,33.0,32.8,2,1,1.00,CYCLE,W
IND,208,6415,59486,02/10/2021,09:12:28,15,1,24.9,1.0,0.3,0.2,2,1,1.00,CYCLE,W
IND,208,6415,59486,02/10/2021,09:15:06,15,1,25.4,1.0,157.6,157.4,2,1,1.00,CYCLE,W
IND,208,6415,59485,02/10/2021,09:19:24,15,0,17.0,1.0,498.3,498.3,2,1,1.00,CYCLE,E
IND,208,6415,59486,02/10/2021,09:21:43,15,1,25.8,1.0,397.1,397.0,2,1,1.00,CYCLE,W
IND,208,6415,59486,02/10/2021,09:21:44,15,1,25.8,1.0,1.2,1.1,2,1,1.00,CYCLE,W
IND,208,6415,59486,02/10/2021,09:22:29,15,1,23.3,1.0,44.2,44.1,2,1,1.00,CYCLE,W
IND,208,6415,59486,02/10/2021,09:22:37,15,1,24.6,1.0,8.1,7.9,2,1,1.00,CYCLE,W
IND,208,6415,59486,02/10/2021,09:22:42,15,1,21.7,1.0,5.1,5.0,2,1,1.00,CYCLE,W
IND,208,6415,59486,02/10/2021,09:24:42,15,1,25.4,1.0,120.2,120.0,2,1,1.00,CYCLE,W
IND,208,6415,59486,02/10/2021,09:24:42,15,1,25.4,1.0,0.0,0.0,2,1,1.00,CYCLE,W
IND,208,6415,59485,02/10/2021,09:25:56,15,0,26.4,1.0,392.7,392.5,2,1,1.00,CYCLE,E
IND,208,6415,59485,02/10/2021,09:26:43,15,0,18.3,1.0,46.9,46.7,2,1,1.00,CYCLE,E
IND,208,6415,59485,02/10/2021,09:26:48,15,0,18.7,1.1,4.3,4.1,2,1,1.00,CYCLE,E
IND,208,6415,59485,02/10/2021,09:30:05,15,0,20.4,1.1,197.4,197.2,2,1,1.00,CYCLE,E
IND,208,6415,59485,02/10/2021,09:30:08,15,0,22.5,1.0,2.7,2.5,2,1,1.00,CYCLE,E
IND,208,6415,59486,02/10/2021,09:30:10,15,1,30.5,1.0,106.9,106.3,2,1,1.00,CYCLE,W
IND,208,6415,59485,02/10/2021,09:31:17,15,0,31.6,1.0,69.4,69.2,2,1,1.00,CYCLE,E
IND,208,6415,59485,02/10/2021,09:33:27,15,0,12.0,1.0,129.7,129.6,2,1,1.00,CYCLE,E
IND,208,6415,59485,02/10/2021,09:33:27,15,0,12.0,1.0,0.0,0.0,2,1,1.00,CYCLE,E
IND,208,6415,59486,02/10/2021,09:34:50,15,1,25.8,1.0,279.4,279.3,2,1,1.00,CYCLE,W
IND,208,6415,59486,02/10/2021,09:35:40,15,1,30.4,1.1,50.1,49.9,2,1,1.00,CYCLE,W
IND,208,6415,59486,02/10/2021,09:36:27,15,1,24.6,1.1,47.2,47.1,2,1,1.00,CYCLE,W
IND,208,6415,59485,02/10/2021,09:36:40,15,0,26.0,1.0,193.3,192.8,2,1,1.00,CYCLE,E
IND,208,6415,59486,02/10/2021,09:36:44,15,1,22.3,1.1,16.6,16.5,2,1,1.00,CYCLE,W
IND,208,6415,59486,02/10/2021,09:36:45,15,1,21.2,1.1,0.8,0.7,2,1,1.00,CYCLE,W
IND,208,6415,59485,02/10/2021,09:38:28,15,0,5.1,1.0,107.8,107.7,2,1,0.67,CYCLE,E
IND,208,6415,59486,02/10/2021,09:43:58,15,1,23.7,1.0,212.6,212.6,2,1,1.00,CYCLE,W
IND,208,6415,59485,02/10/2021,09:46:17,15,0,17.7,1.1,116.9,115.7,2,1,1.00,CYCLE,E
IND,208,6415,59486,02/10/2021,09:46:43,15,1,23.2,1.1,164.8,164.6,2,1,1.00,CYCLE,W
IND,208,6415,59486,02/10/2021,09:47:07,15,1,23.1,1.0,24.0,23.8,2,1,1.00,CYCLE,W
IND,208,6415,59486,02/10/2021,09:50:06,15,1,15.2,1.0,1.8,1.5,2,1,1.00,CYCLE,W
IND,208,6415,59486,02/10/2021,09:50:13,15,1,23.3,1.0,7.4,7.2,2,1,1.00,CYCLE,W
IND,208,6415,59486,02/10/2021,09:52:01,15,1,2.1,0.2,107.5,108.0,2,1,0.80,CYCLE,W
IND,208,6415,59486,02/10/2021,09:52:39,15,1,21.8,1.0,37.8,37.0,2,1,1.00,CYCLE,W
IND,208,6415,59486,02/10/2021,09:52:39,15,1,21.8,1.0,0.0,0.0,2,1,1.00,CYCLE,W
IND,208,6415,59486,02/10/2021,09:53:01,15,1,23.0,1.1,22.5,22.3,2,1,1.00,CYCLE,W
IND,208,6415,59486,02/10/2021,09:53:02,15,1,21.6,1.1,0.7,0.6,2,1,1.00,CYCLE,W
IND,208,6415,59486,02/10/2021,09:54:18,15,1,29.2,1.0,75.9,75.7,2,1,1.00,CYCLE,W
IND,208,6415,59485,02/10/2021,09:54:47,15,0,20.1,1.0,509.5,509.3,2,1,1.00,CYCLE,E
IND,208,6415,59486,02/10/2021,09:56:07,15,1,26.4,1.0,109.1,108.9,2,1,1.00,CYCLE,W
IND,208,6415,59485,02/10/2021,09:59:04,15,0,12.3,1.0,256.9,256.7,2,1,1.00,CYCLE,E
IND,208,6415,59485,02/10/2021,09:59:04,15,0,12.3,1.0,0.0,0.0,2,1,1.00,CYCLE,E
IND,208,6415,59485,02/10/2021,10:04:08,15,0,18.5,1.1,304.4,304.0,2,1,1.00,CYCLE,E
IND,208,6415,59486,02/10/2021,10:05:07,15,1,26.6,1.0,539.5,539.4,2,1,1.00,CYCLE,W
IND,208,6415,59485,02/10/2021,10:05:40,15,0,28.0,1.0,92.0,91.8,2,1,1.00,CYCLE,E
IND,208,6415,59486,02/10/2021,10:05:47,15,1,28.3,1.0,41.0,40.8,2,1,1.00,CYCLE,W
IND,208,6415,59486,02/10/2021,10:07:00,15,1,31.0,1.1,72.8,72.7,2,1,1.00,CYCLE,W
IND,208,6415,59486,02/10/2021,10:08:24,15,1,23.7,1.0,84.0,83.9,2,1,1.00,CYCLE,W
IND,208,6415,59486,02/10/2021,10:09:11,15,1,12.1,1.0,46.8,46.7,2,1,0.33,CYCLE,W
IND,208,6415,59485,02/10/2021,10:09:34,15,0,18.9,1.2,230.4,230.4,2,1,1.00,CYCLE,E
IND,208,6415,59485,02/10/2021,10:09:34,15,0,19.3,1.1,0.4,0.2,2,1,1.00,CYCLE,E
IND,208,6415,59486,02/10/2021,10:10:00,15,1,20.2,1.0,49.3,48.9,2,1,1.00,CYCLE,W
IND,208,6415,59485,02/10/2021,10:12:36,15,0,19.1,1.0,182.0,181.8,2,1,1.00,CYCLE,E
IND,208,6415,59485,02/10/2021,10:16:18,15,0,20.4,1.1,221.4,221.2,2,1,1.00,CYCLE,E
IND,208,6415,59485,02/10/2021,10:16:20,15,0,25.7,1.0,2.1,1.9,2,1,1.00,CYCLE,E
IND,208,6415,59486,02/10/2021,10:16:39,15,1,8.2,1.1,398.7,398.6,2,1,1.00,CYCLE,W
IND,208,6415,59486,02/10/2021,10:17:00,15,1,27.6,1.0,21.1,20.5,2,1,1.00,CYCLE,W
IND,208,6415,59486,02/10/2021,10:17:02,15,1,25.4,1.0,1.9,1.8,2,1,1.00,CYCLE,W
IND,208,6415,59486,02/10/2021,10:18:43,15,1,27.7,1.0,100.7,100.6,2,1,1.00,CYCLE,W
IND,208,6415,59486,02/10/2021,10:19:58,15,1,19.9,1.0,74.8,74.7,2,1,1.00,CYCLE,W
IND,208,6415,59486,02/10/2021,10:19:59,15,1,18.4,1.0,1.6,1.4,2,1,1.00,CYCLE,W
IND,208,6415,59486,02/10/2021,10:20:02,15,1,19.5,1.0,2.5,2.3,2,1,1.00,CYCLE,W
IND,208,6415,59486,02/10/2021,10:21:19,15,1,27.4,1.0,77.1,76.9,2,1,1.00,CYCLE,W
IND,208,6415,59486,02/10/2021,10:21:38,15,1,6.1,1.0,19.0,19.1,2,1,1.00,CYCLE,W
IND,208,6415,59486,02/10/2021,10:21:39,15,1,6.6,1.1,1.0,0.4,2,1,1.00,CYCLE,W
IND,208,6415,59485,02/10/2021,10:25:20,15,0,21.0,1.1,523.4,522.4,2,1,1.00,CYCLE,E
IND,208,6415,59485,02/10/2021,10:36:15,15,0,23.0,1.0,654.8,654.7,2,1,1.00,CYCLE,E
IND,208,6415,59485,02/10/2021,10:36:15,15,0,23.0,1.0,0.0,0.0,2,1,1.00,CYCLE,E
IND,208,6415,59486,02/10/2021,10:38:09,15,1,33.1,1.0,990.5,989.7,2,1,1.00,CYCLE,W
IND,208,6415,59485,02/10/2021,10:42:33,15,0,28.5,1.1,251.4,251.4,2,1,1.00,CYCLE,E
IND,208,6415,59485,02/10/2021,10:42:49,15,0,21.1,1.0,15.6,15.5,2,1,1.00,CYCLE,E
IND,208,6415,59486,02/10/2021,10:45:01,15,1,28.0,1.0,412.2,412.0,2,1,1.00,CYCLE,W
IND,208,6415,59486,02/10/2021,10:45:04,15,1,29.1,1.0,3.1,3.0,2,1,1.00,CYCLE,W
IND,208,6415,59486,02/10/2021,10:45:06,15,1,28.3,1.0,1.1,1.0,2,1,1.00,CYCLE,W
IND,208,6415,59486,02/10/2021,10:45:09,15,1,21.4,1.0,3.8,3.6,2,1,1.00,CYCLE,W
IND,208,6415,59486,02/10/2021,10:45:10,15,1,21.0,1.0,0.6,0.4,2,1,1.00,CYCLE,W
IND,208,6415,59485,02/10/2021,10:45:42,15,0,20.9,1.0,173.8,173.7,2,1,1.00,CYCLE,E
IND,208,6415,59486,02/10/2021,10:46:56,15,1,27.4,1.1,106.1,105.9,2,1,1.00,CYCLE,W
IND,208,6415,59486,02/10/2021,10:47:41,15,1,23.5,1.0,44.7,44.6,2,1,1.00,CYCLE,W
IND,208,6415,59486,02/10/2021,10:47:51,15,1,14.3,0.4,10.1,10.0,2,1,1.00,CYCLE,W
IND,208,6415,59486,02/10/2021,10:47:59,15,1,12.1,0.4,8.1,8.0,2,1,1.00,CYCLE,W
IND,208,6415,59486,02/10/2021,10:48:06,15,1,24.3,1.0,7.3,7.1,2,1,1.00,CYCLE,W
IND,208,6415,59486,02/10/2021,10:48:23,15,1,5.3,1.0,16.8,16.6,2,1,0.67,CYCLE,W
IND,208,6415,59486,02/10/2021,10:50:44,15,1,26.9,1.0,141.0,140.2,2,1,1.00,CYCLE,W
IND,208,6415,59486,02/10/2021,10:50:45,15,1,28.6,1.0,0.5,0.4,2,1,1.00,CYCLE,W
IND,208,6415,59486,02/10/2021,10:51:20,15,1,25.1,1.1,3.5,3.1,2,1,1.00,CYCLE,W
IND,208,6415,59485,02/10/2021,10:52:25,15,0,8.3,0.5,402.6,402.4,2,1,1.00,CYCLE,E
IND,208,6415,59486,02/10/2021,10:52:27,15,1,17.0,1.1,67.5,67.4,2,1,1.00,CYCLE,W
IND,208,6415,59486,02/10/2021,10:52:32,15,1,17.0,1.1,4.6,4.4,2,1,1.00,CYCLE,W
IND,208,6415,59485,02/10/2021,10:52:54,15,0,10.2,0.4,3.7,3.7,2,1,1.00,CYCLE,E
IND,208,6415,59485,02/10/2021,10:53:29,15,0,5.0,1.2,34.9,34.7,2,1,0.80,CYCLE,E
IND,208,6415,59486,02/10/2021,10:57:08,15,1,8.2,1.0,276.0,275.7,2,1,0.40,CYCLE,W
IND,208,6415,59485,02/10/2021,10:57:56,15,0,5.6,0.0,67.4,67.4,2,1,1.00,CYCLE,E
IND,208,6415,59486,02/10/2021,10:58:20,15,1,27.0,1.0,72.1,71.4,2,1,1.00,CYCLE,W
IND,208,6415,59486,02/10/2021,11:01:09,15,1,21.0,1.1,169.4,169.3,2,1,1.00,CYCLE,W
IND,208,6415,59486,02/10/2021,11:01:10,15,1,21.6,1.1,0.5,0.3,2,1,1.00,CYCLE,W
IND,208,6415,59486,02/10/2021,11:02:19,15,1,20.7,1.0,69.5,69.3,2,1,1.00,CYCLE,W
IND,208,6415,59486,02/10/2021,11:03:43,15,1,24.2,1.0,83.9,83.7,2,1,1.00,CYCLE,W
IND,208,6415,59486,02/10/2021,11:06:09,15,1,24.6,1.0,145.8,145.7,2,1,1.00,CYCLE,W
IND,208,6415,59485,02/10/2021,11:06:23,15,0,20.8,1.1,506.3,506.3,2,1,1.00,CYCLE,E
IND,208,6415,59486,02/10/2021,11:06:40,15,1,22.6,1.1,30.8,30.7,2,1,1.00,CYCLE,W
IND,208,6415,59485,02/10/2021,11:06:47,15,0,28.6,1.0,23.9,23.7,2,1,1.00,CYCLE,E
IND,208,6415,59486,02/10/2021,11:07:22,15,1,27.9,1.0,42.3,42.1,2,1,1.00,CYCLE,W
IND,208,6415,59486,02/10/2021,11:08:03,15,1,28.1,1.1,41.5,41.4,2,1,1.00,CYCLE,W
IND,208,6415,59486,02/10/2021,11:08:05,15,1,27.5,1.1,1.5,1.4,2,1,1.00,CYCLE,W
IND,208,6415,59486,02/10/2021,11:08:10,15,1,20.8,1.0,5.1,5.0,2,1,1.00,CYCLE,W
IND,208,6415,59486,02/10/2021,11:08:11,15,1,20.6,1.1,1.1,0.9,2,1,1.00,CYCLE,W
IND,208,6415,59485,02/10/2021,11:08:23,15,0,18.1,1.0,56.9,56.4,2,1,1.00,CYCLE,E
IND,208,6415,59485,02/10/2021,11:08:30,15,0,20.0,1.0,6.3,6.1,2,1,1.00,CYCLE,E
IND,208,6415,59486,02/10/2021,11:10:10,15,1,22.3,1.1,32.4,32.2,2,1,1.00,CYCLE,W
IND,208,6415,59486,02/10/2021,11:10:23,15,1,20.8,1.0,12.4,12.2,2,1,1.00,CYCLE,W
IND,208,6415,59486,02/10/2021,11:10:39,15,1,15.6,1.0,16.8,16.7,2,1,0.33,CYCLE,W
IND,208,6415,59486,02/10/2021,11:11:45,15,1,25.0,1.0,65.2,65.0,2,1,1.00,CYCLE,W
IND,208,6415,59486,02/10/2021,11:12:28,15,1,5.1,1.0,43.0,43.1,2,1,0.67,CYCLE,W
IND,208,6415,59486,02/10/2021,11:12:50,15,1,25.6,1.0,22.8,21.3,2,1,1.00,CYCLE,W
IND,208,6415,59486,02/10/2021,11:13:25,15,1,24.1,1.1,34.8,34.7,2,1,1.00,CYCLE,W
IND,208,6415,59486,02/10/2021,11:14:16,15,1,20.7,1.1,50.3,50.1,2,1,1.00,CYCLE,W
IND,208,6415,59486,02/10/2021,11:15:11,15,1,21.3,1.0,55.8,55.6,2,1,1.00,CYCLE,W
IND,208,6415,59486,02/10/2021,11:15:12,15,1,27.3,1.1,0.8,0.6,2,1,1.00,CYCLE,W
IND,208,6415,59486,02/10/2021,11:15:13,15,1,27.1,1.1,1.1,0.9,2,1,1.00,CYCLE,W
IND,208,6415,59485,02/10/2021,11:17:21,15,0,14.7,1.1,531.7,531.5,2,1,1.00,CYCLE,E
IND,208,6415,59485,02/10/2021,11:17:22,15,0,12.6,0.9,0.7,0.4,2,1,1.00,CYCLE,E
IND,208,6415,59486,02/10/2021,11:17:53,15,1,21.7,1.0,159.4,159.2,2,1,1.00,CYCLE,W
IND,208,6415,59486,02/10/2021,11:17:53,15,1,22.3,1.0,0.4,0.2,2,1,1.00,CYCLE,W
IND,208,6415,59486,02/10/2021,11:18:00,15,1,21.9,1.0,7.0,6.8,2,1,1.00,CYCLE,W
IND,208,6415,59486,02/10/2021,11:18:54,15,1,24.4,1.1,53.7,53.5,2,1,1.00,CYCLE,W
IND,208,6415,59486,02/10/2021,11:18:54,15,1,24.2,1.0,0.6,0.7,2,1,0.80,CYCLE,W
IND,208,6415,59486,02/10/2021,11:21:22,15,1,32.4,1.0,147.9,147.4,2,1,1.00,CYCLE,W
IND,208,6415,59486,02/10/2021,11:22:28,15,1,20.3,1.0,65.9,65.8,2,1,1.00,CYCLE,W
IND,208,6415,59486,02/10/2021,11:22:29,15,1,21.9,1.1,0.7,0.5,2,1,1.00,CYCLE,W
IND,208,6415,59486,02/10/2021,11:22:37,15,1,18.7,1.0,8.3,8.1,2,1,1.00,CYCLE,W
IND,208,6415,59486,02/10/2021,11:23:10,15,1,18.7,1.0,32.6,32.4,2,1,1.00,CYCLE,W
IND,208,6415,59485,02/10/2021,11:23:29,15,0,13.5,1.1,366.6,366.3,2,1,1.00,CYCLE,E
IND,208,6415,59485,02/10/2021,11:23:30,15,0,13.9,1.0,1.3,1.0,2,1,1.00,CYCLE,E
IND,208,6415,59485,02/10/2021,11:25:44,15,0,20.1,1.1,134.4,134.1,2,1,1.00,CYCLE,E
IND,208,6415,59485,02/10/2021,11:25:47,15,0,20.7,1.1,2.4,2.2,2,1,1.00,CYCLE,E
IND,208,6415,59485,02/10/2021,11:26:07,15,0,23.4,1.1,19.9,19.7,2,1,1.00,CYCLE,E
IND,208,6415,59485,02/10/2021,11:26:37,15,0,20.8,1.0,30.3,30.1,2,1,1.00,CYCLE,E
IND,208,6415,59486,02/10/2021,11:26:39,15,1,22.3,1.0,209.9,209.7,2,1,1.00,CYCLE,W
IND,208,6415,59486,02/10/2021,11:27:28,15,1,18.0,1.0,48.4,48.3,2,1,1.00,CYCLE,W
IND,208,6415,59486,02/10/2021,11:27:28,15,1,17.7,1.0,0.5,0.3,2,1,1.00,CYCLE,W
IND,208,6415,59485,02/10/2021,11:27:42,15,0,20.5,1.2,64.8,64.6,2,1,1.00,CYCLE,E
IND,208,6415,59486,02/10/2021,11:28:03,15,1,4.9,0.0,34.2,34.3,2,1,1.00,CYCLE,W
IND,208,6415,59486,02/10/2021,11:29:03,15,1,28.7,1.1,60.2,59.9,2,1,1.00,CYCLE,W
IND,208,6415,59485,02/10/2021,11:29:34,15,0,19.4,1.0,112.0,111.8,2,1,1.00,CYCLE,E
IND,208,6415,59486,02/10/2021,11:30:33,15,1,23.3,1.1,90.3,90.2,2,1,1.00,CYCLE,W
IND,208,6415,59486,02/10/2021,11:32:35,15,1,25.5,1.1,121.6,121.5,2,1,1.00,CYCLE,W
IND,208,6415,59485,02/10/2021,11:33:05,15,0,2.3,0.0,211.6,211.5,2,1,1.00,CYCLE,E
IND,208,6415,59486,02/10/2021,11:35:15,15,1,24.7,1.1,89.9,89.6,2,1,1.00,CYCLE,W
IND,208,6415,59486,02/10/2021,11:37:09,15,1,25.1,1.0,114.7,114.5,2,1,1.00,CYCLE,W
IND,208,6415,59485,02/10/2021,11:37:18,15,0,13.1,1.0,192.4,192.4,2,1,1.00,CYCLE,E
IND,208,6415,59486,02/10/2021,11:39:21,15,1,19.2,1.1,131.1,131.0,2,1,1.00,CYCLE,W
IND,208,6415,59486,02/10/2021,11:39:22,15,1,20.1,1.1,1.6,1.4,2,1,1.00,CYCLE,W
IND,208,6415,59486,02/10/2021,11:39:30,15,1,20.8,1.0,7.6,7.4,2,1,1.00,CYCLE,W
IND,208,6415,59485,02/10/2021,11:39:39,15,0,17.5,1.1,141.8,141.5,2,1,1.00,CYCLE,E
IND,208,6415,59485,02/10/2021,11:40:03,15,0,23.0,1.1,23.0,22.8,2,1,1.00,CYCLE,E
IND,208,6415,59486,02/10/2021,11:40:16,15,1,15.6,1.0,46.1,45.9,2,1,1.00,CYCLE,W
IND,208,6415,59486,02/10/2021,11:40:39,15,1,26.3,1.0,22.8,22.5,2,1,1.00,CYCLE,W
IND,208,6415,59486,02/10/2021,11:41:00,15,1,21.9,1.0,21.5,21.4,2,1,1.00,CYCLE,W
IND,208,6415,59486,02/10/2021,11:41:09,15,1,22.0,1.0,8.9,8.8,2,1,1.00,CYCLE,W
IND,208,6415,59485,02/10/2021,11:41:28,15,0,19.1,1.0,85.5,85.3,2,1,1.00,CYCLE,E
IND,208,6415,59485,02/10/2021,11:41:29,15,0,21.1,1.0,1.4,1.2,2,1,1.00,CYCLE,E
IND,208,6415,59486,02/10/2021,11:43:02,15,1,28.9,1.0,112.5,112.4,2,1,1.00,CYCLE,W
IND,208,6415,59485,02/10/2021,11:44:01,15,0,31.4,1.0,152.0,151.8,2,1,1.00,CYCLE,E
IND,208,6415,59485,02/10/2021,11:46:54,15,0,23.9,1.1,172.2,172.1,2,1,1.00,CYCLE,E
IND,208,6415,59486,02/10/2021,11:47:27,15,1,9.5,1.0,265.6,265.6,2,1,1.00,CYCLE,W
IND,208,6415,59486,02/10/2021,11:47:41,15,1,6.6,0.5,13.3,12.6,2,1,0.80,CYCLE,W
IND,208,6415,59485,02/10/2021,11:47:44,15,0,13.2,1.1,50.5,50.4,2,1,1.00,CYCLE,E
IND,208,6415,59486,02/10/2021,11:48:34,15,1,3.2,0.9,27.0,27.1,2,1,0.80,CYCLE,W
IND,208,6415,59486,02/10/2021,11:49:05,15,1,23.6,1.1,31.3,30.4,2,1,1.00,CYCLE,W
IND,208,6415,59486,02/10/2021,11:49:20,15,1,13.4,1.0,14.4,14.3,2,1,1.00,CYCLE,W
IND,208,6415,59486,02/10/2021,11:49:29,15,1,24.8,1.0,8.8,8.5,2,1,1.00,CYCLE,W
IND,208,6415,59486,02/10/2021,11:49:56,15,1,22.7,1.1,27.4,27.2,2,1,1.00,CYCLE,W
IND,208,6415,59485,02/10/2021,11:51:04,15,0,12.2,1.1,199.4,199.1,2,1,1.00,CYCLE,E
IND,208,6415,59486,02/10/2021,11:51:25,15,1,25.4,1.0,88.6,88.4,2,1,1.00,CYCLE,W
IND,208,6415,59486,02/10/2021,11:51:25,15,1,26.2,1.0,0.5,0.4,2,1,1.00,CYCLE,W
IND,208,6415,59486,02/10/2021,11:52:12,15,1,24.9,1.0,47.1,47.0,2,1,1.00,CYCLE,W
IND,208,6415,59486,02/10/2021,11:52:19,15,1,25.9,1.0,7.0,6.8,2,1,1.00,CYCLE,W
IND,208,6415,59486,02/10/2021,11:53:05,15,1,11.5,1.0,45.6,45.5,2,1,0.80,CYCLE,W
IND,208,6415,59485,02/10/2021,11:53:08,15,0,22.1,1.1,124.2,123.9,2,1,1.00,CYCLE,E
IND,208,6415,59486,02/10/2021,11:53:20,15,1,22.9,1.0,15.4,15.0,2,1,1.00,CYCLE,W
IND,208,6415,59485,02/10/2021,11:54:20,15,0,15.8,1.1,72.6,72.4,2,1,1.00,CYCLE,E
IND,208,6415,59486,02/10/2021,11:54:35,15,1,15.3,0.9,74.8,74.7,2,1,1.00,CYCLE,W
IND,208,6415,59486,02/10/2021,11:54:36,15,1,15.3,1.1,0.7,0.5,2,1,1.00,CYCLE,W
IND,208,6415,59486,02/10/2021,11:56:28,15,1,27.3,1.0,112.4,112.1,2,1,1.00,CYCLE,W
IND,208,6415,59486,02/10/2021,11:56:29,15,1,27.3,0.9,0.8,0.7,2,1,1.00,CYCLE,W
IND,208,6415,59486,02/10/2021,11:56:36,15,1,24.0,1.0,7.1,7.0,2,1,1.00,CYCLE,W
IND,208,6415,59486,02/10/2021,11:56:37,15,1,21.0,1.0,0.8,0.7,2,1,1.00,CYCLE,W
IND,208,6415,59486,02/10/2021,11:56:40,15,1,24.2,1.0,2.7,2.5,2,1,1.00,CYCLE,W
IND,208,6415,59485,02/10/2021,11:56:58,15,0,22.2,1.0,135.3,134.2,2,1,1.00,CYCLE,E
IND,208,6415,59486,02/10/2021,11:57:13,15,1,29.3,1.0,33.6,33.4,2,1,1.00,CYCLE,W
IND,208,6415,59486,02/10/2021,11:57:19,15,1,19.0,1.0,5.5,5.4,2,1,1.00,CYCLE,W
IND,208,6415,59486,02/10/2021,11:57:19,15,1,19.3,1.0,0.6,0.4,2,1,1.00,CYCLE,W
IND,208,6415,59485,02/10/2021,11:58:27,15,0,21.1,1.1,89.1,88.9,2,1,1.00,CYCLE,E
IND,208,6415,59486,02/10/2021,11:58:39,15,1,13.1,0.9,80.1,80.0,2,1,1.00,CYCLE,W
IND,208,6415,59485,02/10/2021,11:59:41,15,0,22.2,1.0,73.3,73.1,2,1,1.00,CYCLE,E
IND,208,6415,59486,02/10/2021,12:01:41,15,1,24.6,1.0,181.4,181.0,2,1,1.00,CYCLE,W
IND,208,6415,59486,02/10/2021,12:01:42,15,1,27.1,1.0,1.1,0.9,2,1,1.00,CYCLE,W
IND,208,6415,59485,02/10/2021,12:02:02,15,0,16.2,1.1,141.0,140.9,2,1,1.00,CYCLE,E
IND,208,6415,59485,02/10/2021,12:02:47,15,0,24.5,1.0,45.5,45.3,2,1,1.00,CYCLE,E
IND,208,6415,59486,02/10/2021,12:03:00,15,1,22.5,1.1,0.6,0.4,2,1,1.00,CYCLE,W
IND,208,6415,59485,02/10/2021,12:03:51,15,0,22.3,1.0,63.8,63.6,2,1,1.00,CYCLE,E
IND,208,6415,59485,02/10/2021,12:03:54,15,0,22.5,1.0,3.0,2.8,2,1,1.00,CYCLE,E
IND,208,6415,59485,02/10/2021,12:03:55,15,0,23.6,1.0,0.5,0.3,2,1,1.00,CYCLE,E
IND,208,6415,59485,02/10/2021,12:03:58,15,0,22.9,1.0,3.2,3.0,2,1,1.00,CYCLE,E
IND,208,6415,59486,02/10/2021,12:04:35,15,1,20.1,1.0,95.3,95.2,2,1,1.00,CYCLE,W
IND,208,6415,59486,02/10/2021,12:04:35,15,1,20.2,1.0,0.6,0.4,2,1,1.00,CYCLE,W
IND,208,6415,59485,02/10/2021,12:04:54,15,0,15.2,1.0,56.7,56.6,2,1,1.00,CYCLE,E
IND,208,6415,59486,02/10/2021,12:05:34,15,1,21.4,1.0,58.5,58.3,2,1,1.00,CYCLE,W
IND,208,6415,59486,02/10/2021,12:06:24,15,1,14.7,1.0,50.4,50.9,2,1,0.80,CYCLE,W
IND,208,6415,59486,02/10/2021,12:07:26,15,1,25.0,1.0,61.3,60.4,2,1,1.00,CYCLE,W
IND,208,6415,59485,02/10/2021,12:07:29,15,0,22.0,1.0,34.9,34.0,2,1,1.00,CYCLE,E
IND,208,6415,59486,02/10/2021,12:08:34,15,1,25.9,1.0,68.7,68.5,2,1,1.00,CYCLE,W
IND,208,6415,59486,02/10/2021,12:09:09,15,1,23.1,1.0,34.5,34.3,2,1,1.00,CYCLE,W
IND,208,6415,59485,02/10/2021,12:11:04,15,0,19.0,1.0,156.8,156.6,2,1,1.00,CYCLE,E
IND,208,6415,59486,02/10/2021,12:11:14,15,1,15.4,1.1,125.4,125.3,2,1,1.00,CYCLE,W
IND,208,6415,59486,02/10/2021,12:11:16,15,1,16.4,1.1,1.5,1.2,2,1,1.00,CYCLE,W
IND,208,6415,59485,02/10/2021,12:11:52,15,0,23.3,1.0,47.8,47.6,2,1,1.00,CYCLE,E
IND,208,6415,59485,02/10/2021,12:11:52,15,0,23.3,1.0,0.0,0.0,2,1,1.00,CYCLE,E
IND,208,6415,59485,02/10/2021,12:12:30,15,0,23.3,1.1,38.2,38.0,2,1,1.00,CYCLE,E
IND,208,6415,59486,02/10/2021,12:14:30,15,1,23.9,1.1,193.9,193.6,2,1,1.00,CYCLE,W
IND,208,6415,59485,02/10/2021,12:14:35,15,0,12.1,1.0,125.0,124.9,2,1,1.00,CYCLE,E
IND,208,6415,59485,02/10/2021,12:14:38,15,0,21.0,1.1,3.1,2.8,2,1,1.00,CYCLE,E
IND,208,6415,59486,02/10/2021,12:15:40,15,1,21.4,1.0,70.2,70.0,2,1,1.00,CYCLE,W
IND,208,6415,59486,02/10/2021,12:15:41,15,1,22.1,1.0,1.4,1.2,2,1,1.00,CYCLE,W
IND,208,6415,59486,02/10/2021,12:16:15,15,1,23.2,1.1,34.0,33.8,2,1,1.00,CYCLE,W
IND,208,6415,59486,02/10/2021,12:16:57,15,1,25.7,1.0,42.4,42.2,2,1,1.00,CYCLE,W
IND,208,6415,59485,02/10/2021,12:17:17,15,0,15.3,1.1,158.7,158.5,2,1,1.00,CYCLE,E
IND,208,6415,59485,02/10/2021,12:17:21,15,0,17.4,1.0,3.8,3.6,2,1,1.00,CYCLE,E
IND,208,6415,59486,02/10/2021,12:18:26,15,1,17.4,1.1,88.5,88.4,2,1,1.00,CYCLE,W
IND,208,6415,59486,02/10/2021,12:20:09,15,1,24.1,1.0,103.0,102.8,2,1,1.00,CYCLE,W
IND,208,6415,59486,02/10/2021,12:21:37,15,1,17.4,1.1,87.8,87.7,2,1,1.00,CYCLE,W
IND,208,6415,59486,02/10/2021,12:21:37,15,1,18.3,1.1,0.5,0.3,2,1,1.00,CYCLE,W
IND,208,6415,59486,02/10/2021,12:22:39,15,1,21.0,1.1,61.9,61.7,2,1,1.00,CYCLE,W
IND,208,6415,59486,02/10/2021,12:22:40,15,1,22.3,1.0,0.3,0.1,2,1,1.00,CYCLE,W
IND,208,6415,59485,02/10/2021,12:22:55,15,0,16.9,1.0,275.2,275.2,2,1,1.00,CYCLE,E
IND,208,6415,59486,02/10/2021,12:23:25,15,1,25.9,1.1,45.1,44.9,2,1,1.00,CYCLE,W
IND,208,6415,59486,02/10/2021,12:23:57,15,1,26.1,1.0,32.4,32.2,2,1,1.00,CYCLE,W
IND,208,6415,59486,02/10/2021,12:23:59,15,1,30.1,0.9,1.9,1.8,2,1,1.00,CYCLE,W
IND,208,6415,59486,02/10/2021,12:24:00,15,1,30.3,1.0,0.9,0.7,2,1,1.00,CYCLE,W
IND,208,6415,59486,02/10/2021,12:24:12,15,1,23.1,1.0,12.3,12.2,2,1,1.00,CYCLE,W
IND,208,6415,59486,02/10/2021,12:24:13,15,1,23.4,1.1,0.4,0.3,2,1,1.00,CYCLE,W
IND,208,6415,59486,02/10/2021,12:24:29,15,1,24.1,1.1,16.4,16.2,2,1,1.00,CYCLE,W
IND,208,6415,59486,02/10/2021,12:25:24,15,1,29.1,1.1,55.3,55.2,2,1,1.00,CYCLE,W
IND,208,6415,59486,02/10/2021,12:25:51,15,1,14.4,1.0,26.8,26.7,2,1,0.57,CYCLE,W
IND,208,6415,59486,02/10/2021,12:25:53,15,1,20.8,1.0,2.2,1.7,2,1,1.00,CYCLE,W
IND,208,6415,59486,02/10/2021,12:25:56,15,1,19.6,1.1,2.4,2.2,2,1,1.00,CYCLE,W
IND,208,6415,59486,02/10/2021,12:25:56,15,1,17.8,1.1,0.7,0.4,2,1,1.00,CYCLE,W
IND,208,6415,59486,02/10/2021,12:25:57,15,1,18.3,1.1,1.2,0.9,2,1,1.00,CYCLE,W
IND,208,6415,59486,02/10/2021,12:26:08,15,1,23.1,1.1,10.6,10.3,2,1,1.00,CYCLE,W
IND,208,6415,59486,02/10/2021,12:26:09,15,1,21.7,1.0,0.5,0.3,2,1,1.00,CYCLE,W
IND,208,6415,59486,02/10/2021,12:26:51,15,1,31.4,1.0,42.9,42.7,2,1,1.00,CYCLE,W
IND,208,6415,59486,02/10/2021,12:26:52,15,1,32.5,1.0,0.4,0.3,2,1,1.00,CYCLE,W
IND,208,6415,59486,02/10/2021,12:27:07,15,1,32.8,1.0,15.3,15.2,2,1,1.00,CYCLE,W
IND,208,6415,59486,02/10/2021,12:27:20,15,1,30.5,1.0,12.8,12.7,2,1,1.00,CYCLE,W
IND,208,6415,59486,02/10/2021,12:28:03,15,1,25.7,0.9,43.3,43.2,2,1,1.00,CYCLE,W
IND,208,6415,59485,02/10/2021,12:28:38,15,0,19.6,1.1,343.2,343.0,2,1,1.00,CYCLE,E
IND,208,6415,59486,02/10/2021,12:28:46,15,1,29.3,1.2,42.5,42.4,2,1,1.00,CYCLE,W
IND,208,6415,59486,02/10/2021,12:28:52,15,1,24.2,1.0,6.7,6.5,2,1,1.00,CYCLE,W
IND,208,6415,59486,02/10/2021,12:28:52,15,1,24.2,1.0,0.0,0.0,2,1,1.00,CYCLE,W
IND,208,6415,59485,02/10/2021,12:30:39,15,0,22.7,1.0,120.9,120.7,2,1,1.00,CYCLE,E
IND,208,6415,59485,02/10/2021,12:32:04,15,0,11.2,1.1,84.5,84.3,2,1,1.00,CYCLE,E
IND,208,6415,59486,02/10/2021,12:33:13,15,1,22.5,1.0,260.8,260.6,2,1,1.00,CYCLE,W
IND,208,6415,59486,02/10/2021,12:33:14,15,1,22.7,1.0,0.5,0.3,2,1,1.00,CYCLE,W
IND,208,6415,59485,02/10/2021,12:33:49,15,0,22.0,1.0,105.7,105.4,2,1,1.00,CYCLE,E
IND,208,6415,59486,02/10/2021,12:34:10,15,1,23.0,1.0,8.3,8.4,2,1,1.00,CYCLE,W
IND,208,6415,59486,02/10/2021,12:34:13,15,1,24.8,1.1,4.0,3.8,2,1,1.00,CYCLE,W
IND,208,6415,59486,02/10/2021,12:34:16,15,1,24.7,1.0,2.3,2.1,2,1,1.00,CYCLE,W
IND,208,6415,59485,02/10/2021,12:35:20,15,0,22.8,1.0,90.2,90.0,2,1,1.00,CYCLE,E
IND,208,6415,59485,02/10/2021,12:35:50,15,0,21.9,1.0,30.1,29.9,2,1,1.00,CYCLE,E
IND,208,6415,59485,02/10/2021,12:35:51,15,0,23.1,1.1,1.0,0.8,2,1,1.00,CYCLE,E
IND,208,6415,59486,02/10/2021,12:36:05,15,1,27.8,1.0,109.7,109.6,2,1,1.00,CYCLE,W
IND,208,6415,59486,02/10/2021,12:36:28,15,1,24.4,1.0,22.5,22.4,2,1,1.00,CYCLE,W
IND,208,6415,59486,02/10/2021,12:36:41,15,1,21.2,1.0,13.1,13.0,2,1,1.00,CYCLE,W
IND,208,6415,59486,02/10/2021,12:37:29,15,1,27.1,1.0,48.3,48.1,2,1,1.00,CYCLE,W
IND,208,6415,59486,02/10/2021,12:40:02,15,1,22.4,1.0,153.1,152.9,2,1,1.00,CYCLE,W
IND,208,6415,59486,02/10/2021,12:40:15,15,1,22.7,1.1,12.2,12.0,2,1,1.00,CYCLE,W
IND,208,6415,59486,02/10/2021,12:40:22,15,1,33.5,1.0,7.1,6.9,2,1,1.00,CYCLE,W
IND,208,6415,59485,02/10/2021,12:40:36,15,0,19.8,1.0,285.3,285.2,2,1,1.00,CYCLE,E
IND,208,6415,59485,02/10/2021,12:40:36,15,0,21.1,1.0,0.4,0.3,2,1,1.00,CYCLE,E
IND,208,6415,59486,02/10/2021,12:40:38,15,1,23.5,1.0,15.9,15.8,2,1,1.00,CYCLE,W
IND,208,6415,59486,02/10/2021,12:40:40,15,1,27.3,1.0,2.5,2.3,2,1,1.00,CYCLE,W
IND,208,6415,59485,02/10/2021,12:42:58,15,0,15.7,1.2,142.1,142.0,2,1,1.00,CYCLE,E
IND,208,6415,59485,02/10/2021,12:42:59,15,0,17.0,1.2,0.7,0.4,2,1,1.00,CYCLE,E
IND,208,6415,59485,02/10/2021,12:43:31,15,0,21.3,1.1,31.7,31.5,2,1,1.00,CYCLE,E
IND,208,6415,59485,02/10/2021,12:44:02,15,0,24.6,1.1,31.0,30.8,2,1,1.00,CYCLE,E
IND,208,6415,59486,02/10/2021,12:44:32,15,1,24.3,0.9,232.2,232.1,2,1,1.00,CYCLE,W
IND,208,6415,59486,02/10/2021,12:44:34,15,1,23.9,0.9,1.2,1.1,2,1,1.00,CYCLE,W
IND,208,6415,59485,02/10/2021,12:44:46,15,0,18.8,1.1,44.3,44.2,2,1,1.00,CYCLE,E
IND,208,6415,59486,02/10/2021,12:44:57,15,1,24.2,1.0,23.6,23.4,2,1,1.00,CYCLE,W
IND,208,6415,59486,02/10/2021,12:46:00,15,1,27.8,1.1,62.7,62.5,2,1,1.00,CYCLE,W
IND,208,6415,59486,02/10/2021,12:46:05,15,1,14.0,1.1,4.7,4.6,2,1,1.00,CYCLE,W
IND,208,6415,59486,02/10/2021,12:46:06,15,1,13.8,0.9,1.6,1.3,2,1,1.00,CYCLE,W
IND,208,6415,59486,02/10/2021,12:46:07,15,1,13.9,1.1,0.6,0.4,2,1,1.00,CYCLE,W
IND,208,6415,59486,02/10/2021,12:46:12,15,1,19.2,1.1,5.6,5.3,2,1,1.00,CYCLE,W
IND,208,6415,59486,02/10/2021,12:46:13,15,1,19.7,1.0,0.6,0.4,2,1,1.00,CYCLE,W
IND,208,6415,59485,02/10/2021,12:46:38,15,0,21.8,1.1,111.3,111.1,2,1,1.00,CYCLE,E
IND,208,6415,59486,02/10/2021,12:50:12,15,1,16.2,1.0,238.7,238.5,2,1,1.00,CYCLE,W
IND,208,6415,59486,02/10/2021,12:50:16,15,1,25.4,1.0,4.8,4.5,2,1,1.00,CYCLE,W
IND,208,6415,59485,02/10/2021,12:50:19,15,0,23.7,1.0,222.0,221.8,2,1,1.00,CYCLE,E
IND,208,6415,59485,02/10/2021,12:51:49,15,0,23.3,1.0,89.0,88.9,2,1,1.00,CYCLE,E
IND,208,6415,59486,02/10/2021,12:51:54,15,1,29.7,1.1,97.6,97.4,2,1,1.00,CYCLE,W
IND,208,6415,59486,02/10/2021,12:54:26,15,1,21.5,1.0,151.9,151.8,2,1,1.00,CYCLE,W
IND,208,6415,59486,02/10/2021,12:54:38,15,1,27.9,1.0,12.4,12.3,2,1,1.00,CYCLE,W
IND,208,6415,59485,02/10/2021,12:55:46,15,0,21.5,1.1,237.0,236.8,2,1,1.00,CYCLE,E
IND,208,6415,59485,02/10/2021,12:56:04,15,0,23.1,1.1,18.5,18.3,2,1,1.00,CYCLE,E
IND,208,6415,59485,02/10/2021,12:56:42,15,0,16.5,1.1,27.1,26.9,2,1,1.00,CYCLE,E
IND,208,6415,59485,02/10/2021,12:57:09,15,0,19.5,1.0,27.1,26.9,2,1,1.00,CYCLE,E
IND,208,6415,59486,02/10/2021,12:58:13,15,1,29.3,0.9,214.4,214.3,2,1,1.00,CYCLE,W
IND,208,6415,59485,02/10/2021,12:59:02,15,0,5.5,1.0,21.2,20.2,2,1,0.67,CYCLE,E
IND,208,6415,59486,02/10/2021,12:59:13,15,1,20.8,1.1,60.5,60.4,2,1,1.00,CYCLE,W
IND,208,6415,59486,02/10/2021,12:59:14,15,1,20.5,1.0,0.9,0.8,2,1,1.00,CYCLE,W
IND,208,6415,59485,02/10/2021,12:59:36,15,0,22.7,1.1,34.1,33.1,2,1,1.00,CYCLE,E
IND,208,6415,59485,02/10/2021,13:00:16,15,0,24.4,1.0,39.8,39.6,2,1,1.00,CYCLE,E
IND,208,6415,59485,02/10/2021,13:00:17,15,0,24.3,1.0,1.1,0.9,2,1,1.00,CYCLE,E
IND,208,6415,59485,02/10/2021,13:00:20,15,0,27.0,1.0,3.7,3.6,2,1,1.00,CYCLE,E
IND,208,6415,59486,02/10/2021,13:00:43,15,1,23.6,1.1,50.2,50.0,2,1,1.00,CYCLE,W
IND,208,6415,59486,02/10/2021,13:02:42,15,1,17.6,1.0,119.2,119.1,2,1,1.00,CYCLE,W
IND,208,6415,59486,02/10/2021,13:02:49,15,1,17.5,1.0,6.8,6.5,2,1,1.00,CYCLE,W
IND,208,6415,59486,02/10/2021,13:02:57,15,1,19.4,1.0,8.0,7.8,2,1,1.00,CYCLE,W
IND,208,6415,59485,02/10/2021,13:03:24,15,0,15.7,1.0,183.9,183.8,2,1,1.00,CYCLE,E
IND,208,6415,59485,02/10/2021,13:04:33,15,0,24.9,1.0,69.0,68.8,2,1,1.00,CYCLE,E
IND,208,6415,59485,02/10/2021,13:05:02,15,0,13.0,1.0,29.0,28.9,2,1,1.00,CYCLE,E
IND,208,6415,59485,02/10/2021,13:05:02,15,0,13.0,1.0,0.0,0.0,2,1,1.00,CYCLE,E
IND,208,6415,59486,02/10/2021,13:05:57,15,1,18.6,1.0,179.5,179.4,2,1,1.00,CYCLE,W
IND,208,6415,59486,02/10/2021,13:05:59,15,1,17.6,1.0,2.1,1.9,2,1,1.00,CYCLE,W
IND,208,6415,59486,02/10/2021,13:06:21,15,1,19.8,1.1,22.0,21.8,2,1,1.00,CYCLE,W
IND,208,6415,59486,02/10/2021,13:06:23,15,1,25.0,1.1,2.3,2.1,2,1,1.00,CYCLE,W
IND,208,6415,59486,02/10/2021,13:06:24,15,1,16.5,1.1,0.4,0.3,2,1,1.00,CYCLE,W
IND,208,6415,59486,02/10/2021,13:06:31,15,1,20.4,1.0,7.2,6.9,2,1,1.00,CYCLE,W
IND,208,6415,59486,02/10/2021,13:06:31,15,1,20.4,1.0,0.0,0.0,2,1,1.00,CYCLE,W
IND,208,6415,59486,02/10/2021,13:06:48,15,1,27.3,1.0,17.3,17.0,2,1,1.00,CYCLE,W
IND,208,6415,59486,02/10/2021,13:07:07,15,1,20.9,1.0,18.4,18.3,2,1,1.00,CYCLE,W
IND,208,6415,59486,02/10/2021,13:08:23,15,1,26.5,1.1,76.7,76.5,2,1,1.00,CYCLE,W
IND,208,6415,59486,02/10/2021,13:08:24,15,1,18.9,1.1,0.7,0.6,2,1,1.00,CYCLE,W
IND,208,6415,59486,02/10/2021,13:08:25,15,1,17.8,1.1,1.0,0.8,2,1,1.00,CYCLE,W
IND,208,6415,59486,02/10/2021,13:08:55,15,1,2.0,0.5,30.2,30.6,2,1,1.00,CYCLE,W
IND,208,6415,59485,02/10/2021,13:09:11,15,0,18.0,1.1,248.7,248.2,2,1,1.00,CYCLE,E
IND,208,6415,59485,02/10/2021,13:09:23,15,0,19.6,1.1,12.4,12.2,2,1,1.00,CYCLE,E
IND,208,6415,59486,02/10/2021,13:09:24,15,1,23.5,1.1,9.3,9.2,2,1,1.00,CYCLE,W
IND,208,6415,59485,02/10/2021,13:10:24,15,0,18.1,1.0,60.8,60.6,2,1,1.00,CYCLE,E
IND,208,6415,59485,02/10/2021,13:10:25,15,0,18.0,1.0,0.6,1.0,2,1,0.80,CYCLE,E
IND,208,6415,59485,02/10/2021,13:10:29,15,0,23.9,1.0,4.0,3.2,2,1,1.00,CYCLE,E
IND,208,6415,59486,02/10/2021,13:10:55,15,1,23.9,1.0,91.4,91.2,2,1,1.00,CYCLE,W
IND,208,6415,59486,02/10/2021,13:11:03,15,1,25.6,1.0,7.3,7.1,2,1,1.00,CYCLE,W
IND,208,6415,59486,02/10/2021,13:11:05,15,1,24.8,1.0,2.1,2.0,2,1,1.00,CYCLE,W
IND,208,6415,59486,02/10/2021,13:12:28,15,1,21.7,1.1,83.2,83.1,2,1,1.00,CYCLE,W
IND,208,6415,59486,02/10/2021,13:12:43,15,1,27.4,1.0,15.3,15.2,2,1,1.00,CYCLE,W
IND,208,6415,59485,02/10/2021,13:12:47,15,0,13.6,1.1,10.1,10.1,2,1,1.00,CYCLE,E
IND,208,6415,59486,02/10/2021,13:13:43,15,1,23.3,1.0,59.7,59.5,2,1,1.00,CYCLE,W
IND,208,6415,59486,02/10/2021,13:13:53,15,1,25.0,1.1,9.6,9.4,2,1,1.00,CYCLE,W
IND,208,6415,59485,02/10/2021,13:16:02,15,0,14.9,1.0,195.5,195.2,2,1,0.75,CYCLE,E
IND,208,6415,59485,02/10/2021,13:16:04,15,0,15.2,1.1,1.7,1.4,2,1,1.00,CYCLE,E
IND,208,6415,59486,02/10/2021,13:16:37,15,1,20.9,1.0,164.4,164.3,2,1,1.00,CYCLE,W
IND,208,6415,59486,02/10/2021,13:16:38,15,1,21.4,1.0,0.8,0.6,2,1,1.00,CYCLE,W
IND,208,6415,59485,02/10/2021,13:19:15,15,0,18.6,1.1,191.2,190.9,2,1,1.00,CYCLE,E
IND,208,6415,59485,02/10/2021,13:19:19,15,0,13.5,1.0,4.0,3.7,2,1,1.00,CYCLE,E
IND,208,6415,59485,02/10/2021,13:19:21,15,0,15.1,1.1,2.1,1.8,2,1,1.00,CYCLE,E
IND,208,6415,59486,02/10/2021,13:19:23,15,1,21.1,1.1,165.4,165.3,2,1,1.00,CYCLE,W
IND,208,6415,59486,02/10/2021,13:19:32,15,1,23.0,1.0,8.7,8.5,2,1,1.00,CYCLE,W
IND,208,6415,59486,02/10/2021,13:20:39,15,1,17.6,1.0,66.7,66.5,2,1,1.00,CYCLE,W
IND,208,6415,59486,02/10/2021,13:20:39,15,1,17.6,1.0,0.0,0.0,2,1,1.00,CYCLE,W
IND,208,6415,59486,02/10/2021,13:21:42,15,1,20.2,1.1,63.8,63.4,2,1,1.00,CYCLE,W
IND,208,6415,59486,02/10/2021,13:21:43,15,1,19.6,1.1,0.7,0.6,2,1,1.00,CYCLE,W
IND,208,6415,59486,02/10/2021,13:22:40,15,1,25.0,1.0,56.5,56.3,2,1,1.00,CYCLE,W
IND,208,6415,59486,02/10/2021,13:22:40,15,1,23.3,1.1,0.7,0.5,2,1,1.00,CYCLE,W
IND,208,6415,59485,02/10/2021,13:24:15,15,0,19.6,0.9,294.0,293.8,2,1,1.00,CYCLE,E
IND,208,6415,59485,02/10/2021,13:24:59,15,0,19.4,1.2,43.3,43.2,2,1,1.00,CYCLE,E
IND,208,6415,59486,02/10/2021,13:25:20,15,1,24.2,1.1,159.9,159.7,2,1,1.00,CYCLE,W
IND,208,6415,59486,02/10/2021,13:25:22,15,1,23.4,1.0,1.8,1.7,2,1,1.00,CYCLE,W
IND,208,6415,59486,02/10/2021,13:25:25,15,1,22.1,1.0,3.2,3.0,2,1,0.73,CYCLE,W
IND,208,6415,59486,02/10/2021,13:25:25,15,1,22.1,1.0,0.0,0.0,2,1,0.73,CYCLE,W
IND,208,6415,59485,02/10/2021,13:26:51,15,0,20.5,1.2,112.0,111.7,2,1,1.00,CYCLE,E
IND,208,6415,59485,02/10/2021,13:26:51,15,0,19.5,1.1,0.6,0.4,2,1,1.00,CYCLE,E
IND,208,6415,59485,02/10/2021,13:26:52,15,0,19.0,1.0,0.9,0.7,2,1,1.00,CYCLE,E
IND,208,6415,59485,02/10/2021,13:26:53,15,0,20.6,1.0,1.0,0.8,2,1,1.00,CYCLE,E
IND,208,6415,59486,02/10/2021,13:26:58,15,1,23.8,1.0,92.8,92.0,2,1,1.00,CYCLE,W
IND,208,6415,59486,02/10/2021,13:27:11,15,1,26.6,1.1,12.7,12.5,2,1,1.00,CYCLE,W
IND,208,6415,59486,02/10/2021,13:27:12,15,1,25.7,1.1,1.8,1.7,2,1,1.00,CYCLE,W
IND,208,6415,59486,02/10/2021,13:28:09,15,1,28.4,1.0,56.7,56.6,2,1,1.00,CYCLE,W
IND,208,6415,59485,02/10/2021,13:28:38,15,0,19.1,1.1,104.6,104.4,2,1,1.00,CYCLE,E
IND,208,6415,59486,02/10/2021,13:28:51,15,1,22.4,1.0,41.7,41.6,2,1,1.00,CYCLE,W
IND,208,6415,59486,02/10/2021,13:28:53,15,1,20.7,1.1,2.4,2.2,2,1,1.00,CYCLE,W
IND,208,6415,59486,02/10/2021,13:29:35,15,1,21.7,1.0,41.2,41.0,2,1,1.00,CYCLE,W
IND,208,6415,59486,02/10/2021,13:29:50,15,1,15.0,1.0,15.3,15.1,2,1,1.00,CYCLE,W
IND,208,6415,59486,02/10/2021,13:29:54,15,1,15.9,1.1,4.0,3.7,2,1,1.00,CYCLE,W
IND,208,6415,59486,02/10/2021,13:30:22,15,1,22.0,1.0,28.3,28.0,2,1,1.00,CYCLE,W
IND,208,6415,59486,02/10/2021,13:30:22,15,1,22.0,1.0,0.0,0.0,2,1,1.00,CYCLE,W
IND,208,6415,59486,02/10/2021,13:30:26,15,1,21.2,1.0,4.1,3.8,2,1,1.00,CYCLE,W
IND,208,6415,59485,02/10/2021,13:30:35,15,0,11.8,1.1,117.6,117.4,2,1,1.00,CYCLE,E
IND,208,6415,59485,02/10/2021,13:30:49,15,0,17.4,1.1,13.4,13.1,2,1,1.00,CYCLE,E
IND,208,6415,59485,02/10/2021,13:31:25,15,0,22.8,1.0,36.1,35.9,2,1,1.00,CYCLE,E
IND,208,6415,59486,02/10/2021,13:31:52,15,1,19.8,1.0,86.3,86.1,2,1,0.86,CYCLE,W
IND,208,6415,59486,02/10/2021,13:31:56,15,1,22.9,1.0,3.6,3.3,2,1,1.00,CYCLE,W
IND,208,6415,59486,02/10/2021,13:31:58,15,1,23.0,0.9,1.5,1.4,2,1,1.00,CYCLE,W
IND,208,6415,59486,02/10/2021,13:32:38,15,1,31.5,1.0,40.8,40.6,2,1,1.00,CYCLE,W
IND,208,6415,59486,02/10/2021,13:32:54,15,1,16.3,1.1,15.7,15.6,2,1,1.00,CYCLE,W
IND,208,6415,59486,02/10/2021,13:32:55,15,1,19.1,1.1,1.2,1.0,2,1,1.00,CYCLE,W
IND,208,6415,59485,02/10/2021,13:33:03,15,0,29.6,1.0,98.2,98.1,2,1,1.00,CYCLE,E
IND,208,6415,59485,02/10/2021,13:33:07,15,0,18.4,1.0,4.2,4.1,2,1,1.00,CYCLE,E
IND,208,6415,59486,02/10/2021,13:33:39,15,1,26.7,1.1,43.9,43.6,2,1,1.00,CYCLE,W
IND,208,6415,59486,02/10/2021,13:33:41,15,1,25.3,1.0,1.6,1.4,2,1,1.00,CYCLE,W
IND,208,6415,59486,02/10/2021,13:35:28,15,1,29.4,1.0,107.5,107.3,2,1,1.00,CYCLE,W
IND,208,6415,59485,02/10/2021,13:36:14,15,0,19.1,1.0,186.3,186.1,2,1,1.00,CYCLE,E
IND,208,6415,59485,02/10/2021,13:36:15,15,0,16.5,1.1,1.8,1.6,2,1,1.00,CYCLE,E
IND,208,6415,59485,02/10/2021,13:36:16,15,0,17.3,1.0,1.1,0.8,2,1,1.00,CYCLE,E
IND,208,6415,59485,02/10/2021,13:36:26,15,0,15.2,0.8,10.0,9.8,2,1,1.00,CYCLE,E
IND,208,6415,59486,02/10/2021,13:36:38,15,1,21.7,1.1,69.8,69.7,2,1,1.00,CYCLE,W
IND,208,6415,59486,02/10/2021,13:36:49,15,1,20.5,1.1,10.7,10.5,2,1,1.00,CYCLE,W
IND,208,6415,59485,02/10/2021,13:37:08,15,0,24.8,1.0,41.5,41.3,2,1,1.00,CYCLE,E
IND,208,6415,59485,02/10/2021,13:37:10,15,0,23.3,1.1,2.1,2.0,2,1,1.00,CYCLE,E
IND,208,6415,59486,02/10/2021,13:38:02,15,1,4.4,1.0,73.2,72.9,2,1,0.57,CYCLE,W
IND,208,6415,59485,02/10/2021,13:39:04,15,0,24.5,1.0,113.6,113.5,2,1,1.00,CYCLE,E
IND,208,6415,59485,02/10/2021,13:39:23,15,0,24.0,1.0,19.7,19.6,2,1,1.00,CYCLE,E
IND,208,6415,59485,02/10/2021,13:39:25,15,0,23.8,1.0,1.2,1.0,2,1,1.00,CYCLE,E
IND,208,6415,59486,02/10/2021,13:40:23,15,1,21.7,1.0,141.5,140.0,2,1,1.00,CYCLE,W
IND,208,6415,59485,02/10/2021,13:40:29,15,0,10.0,0.6,64.1,64.0,2,1,1.00,CYCLE,E
IND,208,6415,59485,02/10/2021,13:40:50,15,0,21.3,1.1,20.9,20.7,2,1,1.00,CYCLE,E
IND,208,6415,59485,02/10/2021,13:40:52,15,0,18.2,1.1,2.4,2.2,2,1,1.00,CYCLE,E
IND,208,6415,59485,02/10/2021,13:41:31,15,0,13.8,1.0,39.0,38.7,2,1,1.00,CYCLE,E
IND,208,6415,59486,02/10/2021,13:43:16,15,1,28.0,1.0,172.4,172.2,2,1,1.00,CYCLE,W
IND,208,6415,59485,02/10/2021,13:43:21,15,0,17.8,1.0,109.9,109.6,2,1,1.00,CYCLE,E
IND,208,6415,59485,02/10/2021,13:43:22,15,0,18.7,1.1,0.7,0.5,2,1,1.00,CYCLE,E
IND,208,6415,59485,02/10/2021,13:44:24,15,0,13.7,0.8,62.2,62.0,2,1,1.00,CYCLE,E
IND,208,6415,59485,02/10/2021,13:44:29,15,0,11.1,0.8,5.2,5.0,2,1,1.00,CYCLE,E
IND,208,6415,59486,02/10/2021,13:45:10,15,1,23.1,1.0,114.3,114.2,2,1,1.00,CYCLE,W
IND,208,6415,59485,02/10/2021,13:45:49,15,0,22.3,1.0,80.4,80.1,2,1,1.00,CYCLE,E
IND,208,6415,59486,02/10/2021,13:46:18,15,1,17.4,1.0,68.2,68.0,2,1,1.00,CYCLE,W
IND,208,6415,59486,02/10/2021,13:46:54,15,1,19.6,1.0,36.0,35.8,2,1,1.00,CYCLE,W
IND,208,6415,59486,02/10/2021,13:46:54,15,1,19.6,1.0,0.0,0.0,2,1,1.00,CYCLE,W
IND,208,6415,59486,02/10/2021,13:48:49,15,1,17.9,1.1,114.3,114.0,2,1,1.00,CYCLE,W
IND,208,6415,59486,02/10/2021,13:49:51,15,1,21.2,1.1,60.9,60.6,2,1,1.00,CYCLE,W
IND,208,6415,59486,02/10/2021,13:49:52,15,1,22.3,1.1,1.2,1.0,2,1,1.00,CYCLE,W
IND,208,6415,59485,02/10/2021,13:51:57,15,0,19.2,1.0,367.1,367.0,2,1,1.00,CYCLE,E
IND,208,6415,59486,02/10/2021,13:52:36,15,1,26.0,1.0,164.5,164.3,2,1,1.00,CYCLE,W
IND,208,6415,59485,02/10/2021,13:53:24,15,0,9.7,1.0,87.2,87.0,2,1,1.00,CYCLE,E
IND,208,6415,59486,02/10/2021,13:54:03,15,1,20.6,1.1,86.1,86.0,2,1,1.00,CYCLE,W
IND,208,6415,59485,02/10/2021,13:55:14,15,0,21.3,1.0,110.5,110.1,2,1,1.00,CYCLE,E
IND,208,6415,59485,02/10/2021,13:55:30,15,0,13.0,1.0,16.2,16.0,2,1,1.00,CYCLE,E
IND,208,6415,59485,02/10/2021,13:55:32,15,0,13.3,1.1,1.5,1.2,2,1,1.00,CYCLE,E
IND,208,6415,59486,02/10/2021,13:55:39,15,1,18.2,1.1,96.1,96.0,2,1,1.00,CYCLE,W
IND,208,6415,59486,02/10/2021,13:55:53,15,1,23.5,1.0,14.4,14.2,2,1,1.00,CYCLE,W
IND,208,6415,59485,02/10/2021,13:55:57,15,0,13.6,1.1,25.5,25.2,2,1,1.00,CYCLE,E
IND,208,6415,59485,02/10/2021,13:55:58,15,0,14.8,1.1,0.8,0.5,2,1,1.00,CYCLE,E
IND,208,6415,59485,02/10/2021,13:55:59,15,0,17.5,1.1,0.4,0.1,2,1,1.00,CYCLE,E
IND,208,6415,59485,02/10/2021,13:56:05,15,0,14.1,1.1,6.3,6.1,2,1,1.00,CYCLE,E
IND,208,6415,59485,02/10/2021,13:56:36,15,0,18.6,1.1,31.5,31.2,2,1,1.00,CYCLE,E
IND,208,6415,59485,02/10/2021,13:57:58,15,0,14.9,1.1,81.8,81.6,2,1,1.00,CYCLE,E
IND,208,6415,59486,02/10/2021,13:59:09,15,1,21.5,1.1,52.6,51.7,2,1,1.00,CYCLE,W
IND,208,6415,59486,02/10/2021,13:59:14,15,1,20.2,1.1,4.8,4.6,2,1,1.00,CYCLE,W
IND,208,6415,59486,02/10/2021,13:59:16,15,1,19.4,1.0,2.0,1.8,2,1,1.00,CYCLE,W
IND,208,6415,59485,02/10/2021,13:59:45,15,0,13.2,1.0,97.0,97.0,2,1,1.00,CYCLE,E
IND,208,6415,59485,02/10/2021,13:59:47,15,0,13.8,1.0,1.3,1.0,2,1,1.00,CYCLE,E
IND,208,6415,59486,02/10/2021,13:59:50,15,1,21.3,1.0,34.6,34.4,2,1,1.00,CYCLE,W
IND,208,6415,59486,02/10/2021,14:00:12,15,1,17.2,1.2,22.1,21.9,2,1,1.00,CYCLE,W
IND,208,6415,59486,02/10/2021,14:00:14,15,1,18.1,1.0,1.6,1.3,2,1,1.00,CYCLE,W
IND,208,6415,59486,02/10/2021,14:00:17,15,1,22.1,1.0,2.9,2.7,2,1,1.00,CYCLE,W
IND,208,6415,59485,02/10/2021,14:00:23,15,0,17.0,1.0,31.8,31.2,2,1,1.00,CYCLE,E
IND,208,6415,59486,02/10/2021,14:00:25,15,1,24.3,1.0,7.8,7.6,2,1,1.00,CYCLE,W
IND,208,6415,59486,02/10/2021,14:01:10,15,1,3.2,1.0,45.1,44.9,2,1,0.44,CYCLE,W
IND,208,6415,59485,02/10/2021,14:01:28,15,0,18.4,1.1,65.2,65.0,2,1,1.00,CYCLE,E
IND,208,6415,59486,02/10/2021,14:01:45,15,1,25.2,1.1,35.2,33.6,2,1,1.00,CYCLE,W
IND,208,6415,59486,02/10/2021,14:01:45,15,1,16.6,1.1,0.3,0.2,2,1,1.00,CYCLE,W
IND,208,6415,59486,02/10/2021,14:01:46,15,1,18.0,1.0,0.5,0.2,2,1,1.00,CYCLE,W
IND,208,6415,59486,02/10/2021,14:01:47,15,1,11.0,1.1,1.5,1.4,2,1,1.00,CYCLE,W
IND,208,6415,59485,02/10/2021,14:02:26,15,0,20.7,1.0,58.2,58.0,2,1,1.00,CYCLE,E
IND,208,6415,59485,02/10/2021,14:02:37,15,0,5.1,1.0,10.9,11.0,2,1,0.33,CYCLE,E
IND,208,6415,59485,02/10/2021,14:02:37,15,0,5.1,1.0,0.0,0.0,2,1,0.33,CYCLE,E
IND,208,6415,59486,02/10/2021,14:02:59,15,1,12.5,1.0,72.1,71.8,2,1,1.00,CYCLE,W
IND,208,6415,59486,02/10/2021,14:03:00,15,1,12.5,1.0,0.4,0.2,2,1,1.00,CYCLE,W
IND,208,6415,59485,02/10/2021,14:03:16,15,0,9.6,1.0,39.1,36.1,2,1,0.50,CYCLE,E
IND,208,6415,59485,02/10/2021,14:04:31,15,0,20.7,1.0,74.1,72.0,2,1,1.00,CYCLE,E
IND,208,6415,59486,02/10/2021,14:05:00,15,1,24.0,1.1,108.8,108.8,2,1,1.00,CYCLE,W
IND,208,6415,59485,02/10/2021,14:05:03,15,0,12.9,1.0,32.1,32.0,2,1,1.00,CYCLE,E
IND,208,6415,59485,02/10/2021,14:05:03,15,0,11.7,0.9,0.8,0.5,2,1,1.00,CYCLE,E
IND,208,6415,59486,02/10/2021,14:05:05,15,1,18.7,1.0,5.1,4.9,2,1,1.00,CYCLE,W
IND,208,6415,59485,02/10/2021,14:05:06,15,0,10.9,0.9,2.8,2.5,2,1,1.00,CYCLE,E
IND,208,6415,59485,02/10/2021,14:05:07,15,0,11.2,1.1,0.8,0.6,2,1,1.00,CYCLE,E
IND,208,6415,59486,02/10/2021,14:05:08,15,1,16.6,1.1,3.2,3.0,2,1,1.00,CYCLE,W
IND,208,6415,59485,02/10/2021,14:05:13,15,0,19.9,1.1,5.8,5.4,2,1,1.00,CYCLE,E
IND,208,6415,59485,02/10/2021,14:05:13,15,0,26.7,1.0,0.4,0.1,2,1,1.00,CYCLE,E
IND,208,6415,59485,02/10/2021,14:05:17,15,0,19.2,1.1,3.6,3.5,2,1,1.00,CYCLE,E
IND,208,6415,59486,02/10/2021,14:05:57,15,1,14.0,1.1,48.9,48.7,2,1,1.00,CYCLE,W
IND,208,6415,59486,02/10/2021,14:05:59,15,1,14.9,1.1,1.9,1.6,2,1,1.00,CYCLE,W
IND,208,6415,59486,02/10/2021,14:06:04,15,1,16.0,1.1,5.4,5.1,2,1,1.00,CYCLE,W
IND,208,6415,59486,02/10/2021,14:06:05,15,1,15.5,1.1,0.6,0.3,2,1,1.00,CYCLE,W
IND,208,6415,59486,02/10/2021,14:06:06,15,1,17.1,1.0,1.0,0.8,2,1,1.00,CYCLE,W
IND,208,6415,59486,02/10/2021,14:06:09,15,1,15.5,0.9,3.2,3.0,2,1,1.00,CYCLE,W
IND,208,6415,59486,02/10/2021,14:06:20,15,1,17.1,1.0,10.8,10.6,2,1,1.00,CYCLE,W
IND,208,6415,59485,02/10/2021,14:06:41,15,0,17.8,1.0,27.9,27.3,2,1,1.00,CYCLE,E
IND,208,6415,59485,02/10/2021,14:06:43,15,0,18.0,1.1,1.6,1.4,2,1,1.00,CYCLE,E
IND,208,6415,59485,02/10/2021,14:06:52,15,0,16.9,1.2,8.8,8.6,2,1,1.00,CYCLE,E
IND,208,6415,59486,02/10/2021,14:07:37,15,1,16.4,1.0,77.4,77.2,2,1,1.00,CYCLE,W
IND,208,6415,59486,02/10/2021,14:07:40,15,1,16.3,1.1,3.2,3.0,2,1,1.00,CYCLE,W
IND,208,6415,59485,02/10/2021,14:07:49,15,0,13.4,1.1,57.2,56.9,2,1,1.00,CYCLE,E
IND,208,6415,59485,02/10/2021,14:07:50,15,0,15.4,1.0,1.0,0.7,2,1,1.00,CYCLE,E
IND,208,6415,59485,02/10/2021,14:09:01,15,0,24.4,1.1,71.1,70.9,2,1,1.00,CYCLE,E
IND,208,6415,59486,02/10/2021,14:09:15,15,1,21.0,1.0,94.8,94.5,2,1,1.00,CYCLE,W
IND,208,6415,59485,02/10/2021,14:09:25,15,0,10.4,1.1,24.3,24.2,2,1,1.00,CYCLE,E
IND,208,6415,59485,02/10/2021,14:09:39,15,0,20.5,1.0,13.7,13.3,2,1,1.00,CYCLE,E
IND,208,6415,59485,02/10/2021,14:09:42,15,0,16.7,0.9,3.0,2.8,2,1,1.00,CYCLE,E
IND,208,6415,59485,02/10/2021,14:09:45,15,0,11.6,1.1,3.4,3.2,2,1,1.00,CYCLE,E
IND,208,6415,59485,02/10/2021,14:09:50,15,0,5.5,1.0,4.2,3.8,2,1,1.00,CYCLE,E
IND,208,6415,59485,02/10/2021,14:09:51,15,0,5.8,1.0,1.6,0.9,2,1,1.00,CYCLE,E
IND,208,6415,59486,02/10/2021,14:10:33,15,1,15.5,1.0,77.5,77.4,2,1,1.00,CYCLE,W
IND,208,6415,59486,02/10/2021,14:10:34,15,1,13.7,1.1,1.5,1.3,2,1,1.00,CYCLE,W
IND,208,6415,59486,02/10/2021,14:10:35,15,1,15.2,1.1,1.0,0.7,2,1,1.00,CYCLE,W
IND,208,6415,59486,02/10/2021,14:10:36,15,1,15.7,1.1,0.4,0.1,2,1,1.00,CYCLE,W
IND,208,6415,59486,02/10/2021,14:10:36,15,1,14.7,1.1,0.4,0.1,2,1,1.00,CYCLE,W
IND,208,6415,59486,02/10/2021,14:10:38,15,1,12.5,1.2,2.1,1.8,2,1,1.00,CYCLE,W
IND,208,6415,59485,02/10/2021,14:10:53,15,0,1.6,1.0,62.1,61.5,2,1,0.33,CYCLE,E
IND,208,6415,59486,02/10/2021,14:11:02,15,1,17.6,1.0,23.7,23.3,2,1,1.00,CYCLE,W
IND,208,6415,59486,02/10/2021,14:11:05,15,1,17.7,1.1,2.9,2.7,2,1,1.00,CYCLE,W
IND,208,6415,59485,02/10/2021,14:11:43,15,0,12.5,1.1,49.6,47.6,2,1,1.00,CYCLE,E
IND,208,6415,59486,02/10/2021,14:11:51,15,1,6.6,1.0,46.4,46.2,2,1,0.29,CYCLE,W
IND,208,6415,59486,02/10/2021,14:13:19,15,1,22.5,1.0,88.4,87.5,2,1,1.00,CYCLE,W
IND,208,6415,59486,02/10/2021,14:14:14,15,1,21.5,1.1,24.2,24.1,2,1,1.00,CYCLE,W
IND,208,6415,59486,02/10/2021,14:14:22,15,1,22.1,1.0,8.4,8.2,2,1,1.00,CYCLE,W
IND,208,6415,59486,02/10/2021,14:14:22,15,1,13.8,1.1,0.3,0.1,2,1,1.00,CYCLE,W
IND,208,6415,59485,02/10/2021,14:14:32,15,0,18.1,1.1,169.2,168.9,2,1,1.00,CYCLE,E
IND,208,6415,59486,02/10/2021,14:14:46,15,1,7.5,1.1,23.9,23.7,2,1,1.00,CYCLE,W
IND,208,6415,59485,02/10/2021,14:15:07,15,0,4.5,0.5,35.2,34.9,2,1,0.80,CYCLE,E
IND,208,6415,59486,02/10/2021,14:15:12,15,1,20.7,1.0,26.4,25.7,2,1,1.00,CYCLE,W
IND,208,6415,59486,02/10/2021,14:15:24,15,1,17.5,0.8,11.4,11.2,2,1,1.00,CYCLE,W
IND,208,6415,59486,02/10/2021,14:15:28,15,1,17.8,0.9,4.2,4.0,2,1,1.00,CYCLE,W
IND,208,6415,59486,02/10/2021,14:15:34,15,1,16.1,1.1,6.1,6.0,2,1,1.00,CYCLE,W
IND,208,6415,59486,02/10/2021,14:15:36,15,1,20.6,1.0,1.4,1.2,2,1,1.00,CYCLE,W
IND,208,6415,59486,02/10/2021,14:15:47,15,1,12.9,1.1,11.5,11.3,2,1,1.00,CYCLE,W
IND,208,6415,59486,02/10/2021,14:16:00,15,1,22.3,1.0,9.3,9.2,2,1,1.00,CYCLE,W
IND,208,6415,59485,02/10/2021,14:16:02,15,0,15.2,1.0,55.0,54.6,2,1,1.00,CYCLE,E
IND,208,6415,59485,02/10/2021,14:16:04,15,0,14.8,1.1,1.7,1.5,2,1,1.00,CYCLE,E
IND,208,6415,59485,02/10/2021,14:17:14,15,0,11.6,1.0,70.2,69.9,2,1,1.00,CYCLE,E
IND,208,6415,59485,02/10/2021,14:17:33,15,0,19.6,1.1,18.4,18.1,2,1,1.00,CYCLE,E
IND,208,6415,59485,02/10/2021,14:17:52,15,0,15.4,1.1,19.7,19.5,2,1,1.00,CYCLE,E
IND,208,6415,59486,02/10/2021,14:18:41,15,1,20.6,1.1,100.4,100.3,2,1,1.00,CYCLE,W
IND,208,6415,59486,02/10/2021,14:19:33,15,1,19.0,1.1,52.1,51.9,2,1,1.00,CYCLE,W
IND,208,6415,59486,02/10/2021,14:19:37,15,1,18.8,1.1,3.9,3.7,2,1,1.00,CYCLE,W
IND,208,6415,59486,02/10/2021,14:19:38,15,1,20.5,1.0,1.4,1.1,2,1,1.00,CYCLE,W
IND,208,6415,59486,02/10/2021,14:19:45,15,1,21.2,1.0,6.8,7.0,2,1,0.80,CYCLE,W
IND,208,6415,59485,02/10/2021,14:19:55,15,0,13.8,1.1,122.5,122.3,2,1,1.00,CYCLE,E
IND,208,6415,59486,02/10/2021,14:20:16,15,1,27.6,1.1,30.6,30.1,2,1,1.00,CYCLE,W
IND,208,6415,59486,02/10/2021,14:20:29,15,1,18.4,1.1,13.1,12.9,2,1,1.00,CYCLE,W
IND,208,6415,59486,02/10/2021,14:20:31,15,1,20.7,1.1,2.2,2.0,2,1,1.00,CYCLE,W
IND,208,6415,59486,02/10/2021,14:20:33,15,1,23.8,1.0,1.8,1.6,2,1,1.00,CYCLE,W
IND,208,6415,59485,02/10/2021,14:21:09,15,0,14.9,1.0,74.2,73.9,2,1,1.00,CYCLE,E
IND,208,6415,59485,02/10/2021,14:21:13,15,0,15.2,1.1,3.9,3.6,2,1,1.00,CYCLE,E
IND,208,6415,59486,02/10/2021,14:22:09,15,1,17.4,1.1,96.6,96.4,2,1,1.00,CYCLE,W
IND,208,6415,59486,02/10/2021,14:23:01,15,1,24.9,1.1,51.1,50.9,2,1,1.00,CYCLE,W
IND,208,6415,59485,02/10/2021,14:23:47,15,0,1.2,1.0,154.4,154.2,2,1,0.55,CYCLE,E
IND,208,6415,59485,02/10/2021,14:23:47,15,0,1.2,1.0,0.0,0.0,2,1,0.55,CYCLE,E
IND,208,6415,59485,02/10/2021,14:24:25,15,0,11.8,0.6,37.9,34.2,2,1,1.00,CYCLE,E
IND,208,6415,59486,02/10/2021,14:24:41,15,1,21.6,1.1,100.3,100.2,2,1,1.00,CYCLE,W
IND,208,6415,59485,02/10/2021,14:25:01,15,0,11.0,1.1,35.3,35.1,2,1,1.00,CYCLE,E
IND,208,6415,59485,02/10/2021,14:25:02,15,0,11.5,1.1,1.3,1.0,2,1,1.00,CYCLE,E
IND,208,6415,59485,02/10/2021,14:25:13,15,0,13.6,1.0,10.9,10.6,2,1,1.00,CYCLE,E
IND,208,6415,59486,02/10/2021,14:25:39,15,1,20.9,1.0,42.6,40.5,2,1,1.00,CYCLE,W
IND,208,6415,59486,02/10/2021,14:25:47,15,1,24.7,1.1,8.2,8.0,2,1,1.00,CYCLE,W
IND,208,6415,59485,02/10/2021,14:26:46,15,0,13.4,1.0,29.2,28.7,2,1,1.00,CYCLE,E
IND,208,6415,59485,02/10/2021,14:26:47,15,0,11.7,1.0,1.1,0.9,2,1,1.00,CYCLE,E
IND,208,6415,59485,02/10/2021,14:26:48,15,0,13.4,1.0,1.1,0.8,2,1,1.00,CYCLE,E
IND,208,6415,59486,02/10/2021,14:27:17,15,1,12.6,1.1,90.2,90.1,2,1,1.00,CYCLE,W
IND,208,6415,59486,02/10/2021,14:27:40,15,1,17.6,1.1,22.8,22.4,2,1,1.00,CYCLE,W
IND,208,6415,59486,02/10/2021,14:27:41,15,1,17.7,1.1,0.8,0.5,2,1,1.00,CYCLE,W
IND,208,6415,59486,02/10/2021,14:27:53,15,1,5.5,0.5,12.7,12.6,2,1,1.00,CYCLE,W
IND,208,6415,59486,02/10/2021,14:28:00,15,1,17.6,1.0,6.4,6.2,2,1,1.00,CYCLE,W
IND,208,6415,59485,02/10/2021,14:28:13,15,0,15.7,1.0,65.9,65.9,2,1,1.00,CYCLE,E
IND,208,6415,59485,02/10/2021,14:28:14,15,0,16.8,1.0,1.2,1.0,2,1,1.00,CYCLE,E
IND,208,6415,59486,02/10/2021,14:28:16,15,1,15.0,1.0,16.4,16.2,2,1,1.00,CYCLE,W
IND,208,6415,59486,02/10/2021,14:28:17,15,1,14.2,1.0,0.7,0.5,2,1,1.00,CYCLE,W
IND,208,6415,59485,02/10/2021,14:29:17,15,0,21.2,1.1,62.8,62.6,2,1,1.00,CYCLE,E
IND,208,6415,59485,02/10/2021,14:29:21,15,0,17.0,1.0,2.8,2.7,2,1,1.00,CYCLE,E
IND,208,6415,59485,02/10/2021,14:29:32,15,0,16.7,1.2,10.7,10.5,2,1,1.00,CYCLE,E
IND,208,6415,59486,02/10/2021,14:29:34,15,1,27.4,1.0,76.2,75.9,2,1,1.00,CYCLE,W
IND,208,6415,59485,02/10/2021,14:29:57,15,0,19.4,1.0,24.9,24.6,2,1,1.00,CYCLE,E
IND,208,6415,59486,02/10/2021,14:30:54,15,1,20.6,1.0,80.2,80.1,2,1,1.00,CYCLE,W
IND,208,6415,59485,02/10/2021,14:31:00,15,0,15.7,1.0,63.1,62.9,2,1,1.00,CYCLE,E
IND,208,6415,59485,02/10/2021,14:31:00,15,0,15.7,1.0,0.0,0.0,2,1,1.00,CYCLE,E
IND,208,6415,59485,02/10/2021,14:31:13,15,0,22.0,1.0,13.2,12.6,2,1,1.00,CYCLE,E
IND,208,6415,59485,02/10/2021,14:31:30,15,0,17.1,1.0,17.0,16.9,2,1,1.00,CYCLE,E
IND,208,6415,59486,02/10/2021,14:31:40,15,1,29.4,1.0,46.0,45.8,2,1,1.00,CYCLE,W
IND,208,6415,59485,02/10/2021,14:32:06,15,0,6.4,1.0,35.8,35.6,2,1,0.57,CYCLE,E
IND,208,6415,59485,02/10/2021,14:32:36,15,0,14.6,1.1,29.5,28.5,2,1,1.00,CYCLE,E
IND,208,6415,59485,02/10/2021,14:33:15,15,0,15.5,1.1,39.2,39.0,2,1,1.00,CYCLE,E
IND,208,6415,59486,02/10/2021,14:34:20,15,1,26.5,1.1,160.0,159.8,2,1,1.00,CYCLE,W
IND,208,6415,59485,02/10/2021,14:34:53,15,0,22.3,1.0,28.7,28.1,2,1,1.00,CYCLE,E
IND,208,6415,59485,02/10/2021,14:34:54,15,0,23.4,1.0,0.7,0.6,2,1,1.00,CYCLE,E
IND,208,6415,59485,02/10/2021,14:34:54,15,0,23.4,1.0,0.0,0.0,2,1,1.00,CYCLE,E
IND,208,6415,59485,02/10/2021,14:34:55,15,0,25.5,1.0,1.0,0.8,2,1,1.00,CYCLE,E
IND,208,6415,59485,02/10/2021,14:35:04,15,0,20.6,1.1,9.0,8.9,2,1,1.00,CYCLE,E
IND,208,6415,59485,02/10/2021,14:35:16,15,0,4.4,1.0,12.1,11.9,2,1,0.60,CYCLE,E
IND,208,6415,59485,02/10/2021,14:35:16,15,0,4.4,1.0,0.0,0.0,2,1,0.60,CYCLE,E
IND,208,6415,59485,02/10/2021,14:35:32,15,0,20.2,1.1,16.0,14.7,2,1,1.00,CYCLE,E
IND,208,6415,59485,02/10/2021,14:35:33,15,0,19.3,1.1,0.8,0.6,2,1,1.00,CYCLE,E
IND,208,6415,59486,02/10/2021,14:36:12,15,1,32.6,1.0,111.9,111.7,2,1,1.00,CYCLE,W
IND,208,6415,59485,02/10/2021,14:36:22,15,0,11.5,1.1,48.9,48.7,2,1,1.00,CYCLE,E
IND,208,6415,59486,02/10/2021,14:36:46,15,1,11.1,1.0,34.2,34.2,2,1,1.00,CYCLE,W
IND,208,6415,59486,02/10/2021,14:36:55,15,1,20.1,1.1,8.8,8.4,2,1,1.00,CYCLE,W
IND,208,6415,59485,02/10/2021,14:37:41,15,0,18.6,1.0,79.0,78.6,2,1,1.00,CYCLE,E
IND,208,6415,59485,02/10/2021,14:37:42,15,0,17.9,1.0,0.6,0.4,2,1,1.00,CYCLE,E
IND,208,6415,59486,02/10/2021,14:37:49,15,1,15.4,1.0,54.2,54.0,2,1,0.50,CYCLE,W
IND,208,6415,59485,02/10/2021,14:37:49,15,0,15.4,1.0,0.0,0.0,2,1,0.50,CYCLE,E
IND,208,6415,59485,02/10/2021,14:37:53,15,0,19.8,1.0,11.9,11.7,2,1,1.00,CYCLE,E
IND,208,6415,59486,02/10/2021,14:38:03,15,1,12.1,1.1,14.2,12.8,2,1,1.00,CYCLE,W
IND,208,6415,59486,02/10/2021,14:38:22,15,1,10.8,0.6,19.0,18.7,2,1,1.00,CYCLE,W
IND,208,6415,59486,02/10/2021,14:38:36,15,1,6.3,0.7,13.4,13.3,2,1,0.80,CYCLE,W
IND,208,6415,59486,02/10/2021,14:38:56,15,1,25.3,1.1,20.4,19.9,2,1,1.00,CYCLE,W
IND,208,6415,59486,02/10/2021,14:38:58,15,1,27.6,1.0,1.5,1.4,2,1,1.00,CYCLE,W
IND,208,6415,59486,02/10/2021,14:39:04,15,1,26.3,1.0,6.0,5.9,2,1,1.00,CYCLE,W
IND,208,6415,59485,02/10/2021,14:40:22,15,0,15.4,1.1,148.3,148.1,2,1,1.00,CYCLE,E
IND,208,6415,59486,02/10/2021,14:41:26,15,1,26.8,1.1,141.9,141.7,2,1,1.00,CYCLE,W
IND,208,6415,59486,02/10/2021,14:41:31,15,1,21.5,1.0,5.1,5.0,2,1,1.00,CYCLE,W
IND,208,6415,59486,02/10/2021,14:41:53,15,1,26.5,1.0,22.5,22.4,2,1,1.00,CYCLE,W
IND,208,6415,59485,02/10/2021,14:42:40,15,0,10.6,1.0,138.5,138.3,2,1,1.00,CYCLE,E
IND,208,6415,59485,02/10/2021,14:42:42,15,0,12.7,1.1,1.7,1.4,2,1,1.00,CYCLE,E
IND,208,6415,59486,02/10/2021,14:43:01,15,1,21.1,1.1,67.2,67.1,2,1,1.00,CYCLE,W
IND,208,6415,59485,02/10/2021,14:43:07,15,0,17.0,1.0,24.7,24.4,2,1,1.00,CYCLE,E
IND,208,6415,59485,02/10/2021,14:43:10,15,0,13.4,1.1,3.1,2.8,2,1,1.00,CYCLE,E
IND,208,6415,59485,02/10/2021,14:43:19,15,0,21.4,1.1,9.7,9.4,2,1,1.00,CYCLE,E
IND,208,6415,59485,02/10/2021,14:43:22,15,0,19.2,1.2,2.0,1.8,2,1,1.00,CYCLE,E
IND,208,6415,59486,02/10/2021,14:43:28,15,1,16.6,0.9,27.9,27.7,2,1,1.00,CYCLE,W
IND,208,6415,59486,02/10/2021,14:43:29,15,1,16.1,0.9,0.7,0.5,2,1,1.00,CYCLE,W
IND,208,6415,59485,02/10/2021,14:43:34,15,0,17.2,1.1,12.8,12.6,2,1,1.00,CYCLE,E
IND,208,6415,59486,02/10/2021,14:43:38,15,1,27.6,1.0,8.7,8.5,2,1,1.00,CYCLE,W
IND,208,6415,59485,02/10/2021,14:43:39,15,0,18.9,1.0,5.1,4.9,2,1,1.00,CYCLE,E
IND,208,6415,59485,02/10/2021,14:43:40,15,0,18.1,1.0,0.9,0.7,2,1,1.00,CYCLE,E
IND,208,6415,59486,02/10/2021,14:43:51,15,1,33.6,1.0,13.0,12.9,2,1,0.50,CYCLE,W
IND,208,6415,59485,02/10/2021,14:43:51,15,0,33.6,1.0,0.0,0.0,2,1,0.50,CYCLE,E
IND,208,6415,59486,02/10/2021,14:44:04,15,1,24.4,1.1,13.3,13.1,2,1,1.00,CYCLE,W
IND,208,6415,59486,02/10/2021,14:44:06,15,1,26.3,1.1,1.3,1.2,2,1,1.00,CYCLE,W
IND,208,6415,59486,02/10/2021,14:44:35,15,1,18.7,1.0,18.6,18.6,2,1,1.00,CYCLE,W
IND,208,6415,59486,02/10/2021,14:44:49,15,1,21.4,1.0,3.0,1.6,2,1,1.00,CYCLE,W
IND,208,6415,59486,02/10/2021,14:44:54,15,1,18.9,0.9,4.5,4.3,2,1,1.00,CYCLE,W
IND,208,6415,59486,02/10/2021,14:45:00,15,1,19.2,1.1,6.1,5.9,2,1,1.00,CYCLE,W
IND,208,6415,59486,02/10/2021,14:45:00,15,1,19.5,1.0,0.5,0.3,2,1,1.00,CYCLE,W
IND,208,6415,59486,02/10/2021,14:45:17,15,1,30.9,1.0,16.4,16.2,2,1,1.00,CYCLE,W
IND,208,6415,59486,02/10/2021,14:45:24,15,1,22.0,1.0,7.6,7.5,2,1,1.00,CYCLE,W
IND,208,6415,59486,02/10/2021,14:45:25,15,1,21.8,1.1,0.9,0.7,2,1,1.00,CYCLE,W
IND,208,6415,59486,02/10/2021,14:45:31,15,1,23.7,1.0,5.8,5.6,2,1,1.00,CYCLE,W
IND,208,6415,59486,02/10/2021,14:45:41,15,1,23.7,1.1,9.7,9.5,2,1,1.00,CYCLE,W
IND,208,6415,59486,02/10/2021,14:46:25,15,1,23.2,1.1,44.6,44.4,2,1,1.00,CYCLE,W
IND,208,6415,59486,02/10/2021,14:46:26,15,1,24.5,1.1,1.0,0.8,2,1,1.00,CYCLE,W
IND,208,6415,59486,02/10/2021,14:47:34,15,1,24.3,1.1,67.6,67.5,2,1,1.00,CYCLE,W
IND,208,6415,59486,02/10/2021,14:48:49,15,1,20.5,1.1,75.1,74.9,2,1,1.00,CYCLE,W
IND,208,6415,59485,02/10/2021,14:48:51,15,0,18.2,0.9,310.3,310.1,2,1,1.00,CYCLE,E
IND,208,6415,59485,02/10/2021,14:48:53,15,0,18.1,1.0,2.1,1.9,2,1,1.00,CYCLE,E
IND,208,6415,59486,02/10/2021,14:50:02,15,1,11.3,1.0,73.2,73.1,2,1,0.50,CYCLE,W
IND,208,6415,59485,02/10/2021,14:50:02,15,0,11.3,1.0,0.0,0.0,2,1,0.50,CYCLE,E
IND,208,6415,59486,02/10/2021,14:51:35,15,1,23.3,1.0,92.9,92.4,2,1,1.00,CYCLE,W
IND,208,6415,59485,02/10/2021,14:51:53,15,0,22.1,1.0,180.7,180.5,2,1,1.00,CYCLE,E
IND,208,6415,59485,02/10/2021,14:51:55,15,0,22.3,1.0,2.1,1.9,2,1,1.00,CYCLE,E
IND,208,6415,59486,02/10/2021,14:52:17,15,1,22.8,1.0,42.1,41.9,2,1,1.00,CYCLE,W
IND,208,6415,59485,02/10/2021,14:52:52,15,0,23.4,1.1,46.4,46.4,2,1,1.00,CYCLE,E
IND,208,6415,59486,02/10/2021,14:53:12,15,1,24.8,1.1,55.2,55.1,2,1,1.00,CYCLE,W
IND,208,6415,59485,02/10/2021,14:53:31,15,0,15.2,1.0,39.7,39.5,2,1,1.00,CYCLE,E
IND,208,6415,59485,02/10/2021,14:53:32,15,0,16.0,1.0,0.4,0.2,2,1,1.00,CYCLE,E
IND,208,6415,59486,02/10/2021,14:53:33,15,1,31.0,1.0,21.0,20.9,2,1,1.00,CYCLE,W
IND,208,6415,59486,02/10/2021,14:53:34,15,1,29.0,1.0,0.8,0.7,2,1,1.00,CYCLE,W
IND,208,6415,59485,02/10/2021,14:53:49,15,0,16.3,1.1,17.1,16.9,2,1,1.00,CYCLE,E
IND,208,6415,59485,02/10/2021,14:53:54,15,0,25.6,1.1,5.3,5.1,2,1,1.00,CYCLE,E
IND,208,6415,59485,02/10/2021,14:53:57,15,0,16.6,1.1,2.9,2.7,2,1,1.00,CYCLE,E
IND,208,6415,59485,02/10/2021,14:54:01,15,0,16.4,1.1,3.9,3.7,2,1,1.00,CYCLE,E
IND,208,6415,59486,02/10/2021,14:54:32,15,1,13.9,1.0,57.7,57.6,2,1,1.00,CYCLE,W
IND,208,6415,59486,02/10/2021,14:54:33,15,1,15.8,1.0,1.2,0.9,2,1,1.00,CYCLE,W
IND,208,6415,59486,02/10/2021,14:54:37,15,1,18.4,0.9,3.5,3.3,2,1,1.00,CYCLE,W
IND,208,6415,59486,02/10/2021,14:54:37,15,1,19.0,1.1,0.4,0.3,2,1,1.00,CYCLE,W
IND,208,6415,59486,02/10/2021,14:55:12,15,1,25.0,1.0,35.2,34.9,2,1,1.00,CYCLE,W
IND,208,6415,59486,02/10/2021,14:55:21,15,1,25.9,1.2,9.3,9.1,2,1,1.00,CYCLE,W
IND,208,6415,59485,02/10/2021,14:55:38,15,0,18.2,1.0,96.7,96.5,2,1,1.00,CYCLE,E
IND,208,6415,59485,02/10/2021,14:55:39,15,0,18.1,1.0,0.9,0.7,2,1,1.00,CYCLE,E
IND,208,6415,59485,02/10/2021,14:55:39,15,0,18.3,1.0,0.6,0.4,2,1,1.00,CYCLE,E
IND,208,6415,59485,02/10/2021,14:56:05,15,0,13.2,1.0,26.0,25.8,2,1,1.00,CYCLE,E
IND,208,6415,59486,02/10/2021,14:56:34,15,1,27.8,1.1,72.2,72.0,2,1,1.00,CYCLE,W
IND,208,6415,59486,02/10/2021,14:56:36,15,1,20.0,1.0,2.3,2.2,2,1,1.00,CYCLE,W
IND,208,6415,59486,02/10/2021,14:56:37,15,1,20.3,1.0,1.2,1.1,2,1,1.00,CYCLE,W
IND,208,6415,59485,02/10/2021,14:57:01,15,0,17.1,1.1,55.3,55.0,2,1,1.00,CYCLE,E
IND,208,6415,59485,02/10/2021,14:57:54,15,0,22.0,1.1,53.5,53.2,2,1,1.00,CYCLE,E
IND,208,6415,59485,02/10/2021,14:57:55,15,0,23.6,1.1,0.9,0.7,2,1,1.00,CYCLE,E
IND,208,6415,59486,02/10/2021,14:58:12,15,1,25.8,1.0,94.5,94.3,2,1,1.00,CYCLE,W
IND,208,6415,59486,02/10/2021,14:58:15,15,1,32.6,1.0,3.0,2.8,2,1,0.67,CYCLE,W
IND,208,6415,59485,02/10/2021,14:58:59,15,0,13.1,1.0,63.9,63.7,2,1,1.00,CYCLE,E
IND,208,6415,59485,02/10/2021,14:59:41,15,0,15.1,1.0,42.6,42.3,2,1,1.00,CYCLE,E
IND,208,6415,59485,02/10/2021,14:59:41,15,0,15.1,1.0,0.0,0.0,2,1,1.00,CYCLE,E
IND,208,6415,59485,02/10/2021,14:59:44,15,0,15.4,1.0,2.7,2.4,2,1,1.00,CYCLE,E
IND,208,6415,59485,02/10/2021,14:59:46,15,0,17.1,1.0,1.7,1.5,2,1,1.00,CYCLE,E
IND,208,6415,59486,02/10/2021,15:00:00,15,1,17.9,1.0,104.9,103.9,2,1,1.00,CYCLE,W
IND,208,6415,59485,02/10/2021,15:00:05,15,0,18.3,1.0,18.9,18.7,2,1,1.00,CYCLE,E
IND,208,6415,59485,02/10/2021,15:00:22,15,0,15.2,0.8,17.7,17.5,2,1,1.00,CYCLE,E
IND,208,6415,59486,02/10/2021,15:00:29,15,1,17.4,1.0,29.3,29.1,2,1,1.00,CYCLE,W
IND,208,6415,59486,02/10/2021,15:00:30,15,1,17.7,1.1,1.4,1.2,2,1,1.00,CYCLE,W
IND,208,6415,59486,02/10/2021,15:00:46,15,1,18.2,1.1,15.7,15.5,2,1,1.00,CYCLE,W
IND,208,6415,59486,02/10/2021,15:00:56,15,1,26.1,1.1,10.4,10.2,2,1,1.00,CYCLE,W
IND,208,6415,59485,02/10/2021,15:01:02,15,0,14.2,1.0,39.1,38.9,2,1,1.00,CYCLE,E
IND,208,6415,59485,02/10/2021,15:01:03,15,0,12.4,1.1,1.1,0.8,2,1,1.00,CYCLE,E
IND,208,6415,59485,02/10/2021,15:01:06,15,0,18.4,1.1,3.3,3.0,2,1,1.00,CYCLE,E
IND,208,6415,59485,02/10/2021,15:01:07,15,0,20.5,1.0,1.2,1.0,2,1,1.00,CYCLE,E
IND,208,6415,59485,02/10/2021,15:01:08,15,0,21.1,1.0,0.6,0.5,2,1,1.00,CYCLE,E
IND,208,6415,59485,02/10/2021,15:01:13,15,0,22.6,1.1,5.1,4.9,2,1,1.00,CYCLE,E
IND,208,6415,59485,02/10/2021,15:01:31,15,0,12.0,1.0,18.4,18.2,2,1,1.00,CYCLE,E
IND,208,6415,59485,02/10/2021,15:01:36,15,0,11.6,1.0,4.9,4.6,2,1,1.00,CYCLE,E
IND,208,6415,59485,02/10/2021,15:01:38,15,0,12.0,1.0,1.4,1.1,2,1,0.50,CYCLE,E
IND,208,6415,59486,02/10/2021,15:01:38,15,1,12.0,1.0,0.0,0.0,2,1,0.50,CYCLE,W
IND,208,6415,59485,02/10/2021,15:02:00,15,0,14.1,1.1,22.4,21.9,2,1,1.00,CYCLE,E
IND,208,6415,59485,02/10/2021,15:02:01,15,0,13.5,1.0,0.8,0.5,2,1,1.00,CYCLE,E
IND,208,6415,59485,02/10/2021,15:03:47,15,0,22.1,1.0,19.9,19.6,2,1,1.00,CYCLE,E
IND,208,6415,59485,02/10/2021,15:03:53,15,0,24.9,1.0,6.4,6.2,2,1,1.00,CYCLE,E
IND,208,6415,59485,02/10/2021,15:03:54,15,0,5.7,1.0,0.6,0.4,2,1,1.00,CYCLE,E
IND,208,6415,59485,02/10/2021,15:04:19,15,0,15.3,1.0,25.9,25.3,2,1,1.00,CYCLE,E
IND,208,6415,59485,02/10/2021,15:04:21,15,0,16.2,1.1,1.2,0.9,2,1,1.00,CYCLE,E
IND,208,6415,59486,02/10/2021,15:05:16,15,1,22.8,1.0,259.2,259.1,2,1,1.00,CYCLE,W
IND,208,6415,59485,02/10/2021,15:05:26,15,0,22.6,1.1,65.2,65.0,2,1,1.00,CYCLE,E
IND,208,6415,59486,02/10/2021,15:05:34,15,1,18.1,1.1,18.8,18.6,2,1,1.00,CYCLE,W
IND,208,6415,59486,02/10/2021,15:05:37,15,1,18.1,1.0,2.5,2.3,2,1,1.00,CYCLE,W
IND,208,6415,59486,02/10/2021,15:06:58,15,1,20.0,1.0,81.5,81.3,2,1,1.00,CYCLE,W
IND,208,6415,59486,02/10/2021,15:07:00,15,1,19.6,1.0,1.1,0.9,2,1,0.33,CYCLE,W
IND,208,6415,59485,02/10/2021,15:07:04,15,0,21.8,1.2,98.6,98.4,2,1,1.00,CYCLE,E
IND,208,6415,59485,02/10/2021,15:07:15,15,0,22.8,1.2,10.5,10.3,2,1,1.00,CYCLE,E
IND,208,6415,59485,02/10/2021,15:07:59,15,0,23.4,1.1,44.1,43.9,2,1,1.00,CYCLE,E
IND,208,6415,59486,02/10/2021,15:08:54,15,1,25.4,1.1,114.8,114.5,2,1,1.00,CYCLE,W
IND,208,6415,59486,02/10/2021,15:09:16,15,1,15.2,1.1,22.1,22.0,2,1,1.00,CYCLE,W
IND,208,6415,59486,02/10/2021,15:09:19,15,1,14.8,0.9,2.1,1.8,2,1,1.00,CYCLE,W
IND,208,6415,59486,02/10/2021,15:09:19,15,1,15.3,1.1,0.7,0.4,2,1,1.00,CYCLE,W
IND,208,6415,59486,02/10/2021,15:09:21,15,1,15.8,1.0,1.6,1.4,2,1,1.00,CYCLE,W
IND,208,6415,59486,02/10/2021,15:09:33,15,1,26.9,0.9,12.5,12.2,2,1,1.00,CYCLE,W
IND,208,6415,59486,02/10/2021,15:10:01,15,1,23.7,1.1,27.7,27.6,2,1,1.00,CYCLE,W
IND,208,6415,59486,02/10/2021,15:10:19,15,1,23.4,1.1,18.1,18.0,2,1,1.00,CYCLE,W
IND,208,6415,59486,02/10/2021,15:11:09,15,1,21.9,1.0,50.0,49.8,2,1,1.00,CYCLE,W
IND,208,6415,59486,02/10/2021,15:11:10,15,1,22.8,1.2,0.4,0.2,2,1,1.00,CYCLE,W
IND,208,6415,59485,02/10/2021,15:11:57,15,0,16.7,1.1,238.1,237.9,2,1,1.00,CYCLE,E
IND,208,6415,59485,02/10/2021,15:11:58,15,0,17.8,1.0,1.1,0.8,2,1,1.00,CYCLE,E
IND,208,6415,59486,02/10/2021,15:12:00,15,1,19.4,1.0,50.5,50.3,2,1,1.00,CYCLE,W
IND,208,6415,59486,02/10/2021,15:12:06,15,1,20.0,1.0,5.8,5.6,2,1,1.00,CYCLE,W
IND,208,6415,59486,02/10/2021,15:12:07,15,1,18.9,1.0,0.7,0.5,2,1,1.00,CYCLE,W
IND,208,6415,59486,02/10/2021,15:12:08,15,1,22.3,1.0,1.2,1.0,2,1,1.00,CYCLE,W
IND,208,6415,59486,02/10/2021,15:12:09,15,1,23.2,1.0,1.6,1.5,2,1,1.00,CYCLE,W
IND,208,6415,59486,02/10/2021,15:14:21,15,1,26.0,1.1,131.4,131.2,2,1,1.00,CYCLE,W
IND,208,6415,59485,02/10/2021,15:14:22,15,0,16.2,1.1,136.3,136.1,2,1,1.00,CYCLE,E
IND,208,6415,59486,02/10/2021,15:14:38,15,1,24.7,1.0,16.9,16.7,2,1,1.00,CYCLE,W
IND,208,6415,59486,02/10/2021,15:15:48,15,1,20.3,1.0,70.5,70.4,2,1,1.00,CYCLE,W
IND,208,6415,59485,02/10/2021,15:16:06,15,0,27.4,1.0,104.1,103.8,2,1,1.00,CYCLE,E
IND,208,6415,59486,02/10/2021,15:16:19,15,1,22.1,1.0,30.7,30.6,2,1,1.00,CYCLE,W
IND,208,6415,59486,02/10/2021,15:16:25,15,1,24.4,1.1,5.7,5.5,2,1,1.00,CYCLE,W
IND,208,6415,59486,02/10/2021,15:16:39,15,1,25.8,1.1,14.3,14.2,2,1,1.00,CYCLE,W
IND,208,6415,59485,02/10/2021,15:16:40,15,0,17.0,1.0,3.0,2.5,2,1,1.00,CYCLE,E
IND,208,6415,59485,02/10/2021,15:17:13,15,0,24.2,1.0,32.5,32.3,2,1,1.00,CYCLE,E
IND,208,6415,59486,02/10/2021,15:17:20,15,1,24.0,1.1,41.0,40.8,2,1,1.00,CYCLE,W
IND,208,6415,59486,02/10/2021,15:17:36,15,1,24.6,1.0,16.4,16.3,2,1,1.00,CYCLE,W
IND,208,6415,59486,02/10/2021,15:17:37,15,1,22.7,1.0,0.6,0.4,2,1,1.00,CYCLE,W
IND,208,6415,59486,02/10/2021,15:17:38,15,1,24.2,1.0,0.9,0.7,2,1,1.00,CYCLE,W
IND,208,6415,59486,02/10/2021,15:17:55,15,1,21.4,1.0,17.8,17.7,2,1,1.00,CYCLE,W
IND,208,6415,59486,02/10/2021,15:18:36,15,1,31.3,1.0,40.7,40.6,2,1,1.00,CYCLE,W
IND,208,6415,59486,02/10/2021,15:18:37,15,1,18.8,1.0,0.3,0.2,2,1,1.00,CYCLE,W
IND,208,6415,59486,02/10/2021,15:18:37,15,1,30.2,1.0,0.4,0.2,2,1,1.00,CYCLE,W
IND,208,6415,59485,02/10/2021,15:18:46,15,0,24.2,1.0,92.7,92.5,2,1,1.00,CYCLE,E
IND,208,6415,59485,02/10/2021,15:18:52,15,0,14.4,1.1,6.5,6.4,2,1,1.00,CYCLE,E
IND,208,6415,59485,02/10/2021,15:18:58,15,0,23.4,1.0,5.6,5.3,2,1,1.00,CYCLE,E
IND,208,6415,59485,02/10/2021,15:19:04,15,0,17.8,1.1,6.5,6.4,2,1,1.00,CYCLE,E
IND,208,6415,59485,02/10/2021,15:19:07,15,0,18.7,0.9,0.8,0.6,2,1,1.00,CYCLE,E
IND,208,6415,59485,02/10/2021,15:19:17,15,0,20.4,1.0,10.6,10.5,2,1,1.00,CYCLE,E
IND,208,6415,59485,02/10/2021,15:19:30,15,0,18.6,1.0,12.9,12.7,2,1,1.00,CYCLE,E
IND,208,6415,59485,02/10/2021,15:19:31,15,0,17.4,1.0,1.3,1.1,2,1,1.00,CYCLE,E
IND,208,6415,59486,02/10/2021,15:19:41,15,1,18.9,1.0,64.4,64.3,2,1,0.50,CYCLE,W
IND,208,6415,59485,02/10/2021,15:19:41,15,0,18.9,1.0,0.0,0.0,2,1,0.50,CYCLE,E
IND,208,6415,59486,02/10/2021,15:19:51,15,1,16.0,1.1,9.4,9.1,2,1,1.00,CYCLE,W
IND,208,6415,59486,02/10/2021,15:19:51,15,1,16.8,1.0,0.5,0.3,2,1,1.00,CYCLE,W
IND,208,6415,59486,02/10/2021,15:19:55,15,1,26.8,1.0,3.6,3.3,2,1,1.00,CYCLE,W
IND,208,6415,59485,02/10/2021,15:20:18,15,0,23.9,1.1,46.4,46.2,2,1,1.00,CYCLE,E
IND,208,6415,59485,02/10/2021,15:21:15,15,0,18.7,1.0,31.0,30.8,2,1,1.00,CYCLE,E
IND,208,6415,59485,02/10/2021,15:21:16,15,0,17.7,1.0,0.7,0.5,2,1,1.00,CYCLE,E
IND,208,6415,59486,02/10/2021,15:21:38,15,1,4.4,0.7,103.5,103.6,2,1,1.00,CYCLE,W
IND,208,6415,59486,02/10/2021,15:22:53,15,1,24.0,1.0,74.4,73.6,2,1,1.00,CYCLE,W
IND,208,6415,59486,02/10/2021,15:23:04,15,1,25.7,1.0,11.6,11.4,2,1,1.00,CYCLE,W
IND,208,6415,59485,02/10/2021,15:23:28,15,0,20.3,1.0,132.4,132.2,2,1,1.00,CYCLE,E
IND,208,6415,59485,02/10/2021,15:23:36,15,0,18.5,1.1,7.8,7.6,2,1,1.00,CYCLE,E
IND,208,6415,59485,02/10/2021,15:23:41,15,0,19.5,1.0,5.0,4.7,2,1,1.00,CYCLE,E
IND,208,6415,59485,02/10/2021,15:23:59,15,0,19.6,1.1,18.2,18.0,2,1,1.00,CYCLE,E
IND,208,6415,59485,02/10/2021,15:24:10,15,0,27.8,1.0,11.5,11.3,2,1,1.00,CYCLE,E
IND,208,6415,59485,02/10/2021,15:24:12,15,0,18.2,1.0,1.9,1.8,2,1,1.00,CYCLE,E
IND,208,6415,59485,02/10/2021,15:24:36,15,0,22.8,1.1,24.0,23.8,2,1,1.00,CYCLE,E
IND,208,6415,59486,02/10/2021,15:26:30,15,1,13.5,1.1,205.5,205.4,2,1,1.00,CYCLE,W
IND,208,6415,59486,02/10/2021,15:26:44,15,1,19.5,1.0,13.7,13.4,2,1,1.00,CYCLE,W
IND,208,6415,59485,02/10/2021,15:26:46,15,0,19.6,1.1,129.4,129.2,2,1,1.00,CYCLE,E
IND,208,6415,59486,02/10/2021,15:26:47,15,1,22.9,1.0,3.1,2.9,2,1,1.00,CYCLE,W
IND,208,6415,59485,02/10/2021,15:27:58,15,0,15.2,1.1,72.2,72.0,2,1,1.00,CYCLE,E
IND,208,6415,59485,02/10/2021,15:27:59,15,0,15.4,1.1,1.6,1.4,2,1,1.00,CYCLE,E
IND,208,6415,59485,02/10/2021,15:28:00,15,0,16.0,1.0,1.0,0.7,2,1,1.00,CYCLE,E
IND,208,6415,59486,02/10/2021,15:28:36,15,1,20.5,1.1,109.2,109.1,2,1,1.00,CYCLE,W
IND,208,6415,59486,02/10/2021,15:28:40,15,1,18.7,0.9,4.0,3.8,2,1,1.00,CYCLE,W
IND,208,6415,59486,02/10/2021,15:28:43,15,1,15.7,0.8,3.1,3.0,2,1,1.00,CYCLE,W
IND,208,6415,59486,02/10/2021,15:28:50,15,1,23.5,1.0,7.3,7.0,2,1,1.00,CYCLE,W
IND,208,6415,59486,02/10/2021,15:28:51,15,1,23.1,1.0,1.0,0.9,2,1,1.00,CYCLE,W
IND,208,6415,59485,02/10/2021,15:29:48,15,0,24.3,1.0,107.3,107.1,2,1,1.00,CYCLE,E
IND,208,6415,59485,02/10/2021,15:29:49,15,0,24.1,1.1,1.4,1.2,2,1,1.00,CYCLE,E
IND,208,6415,59486,02/10/2021,15:29:59,15,1,17.2,1.1,67.6,67.5,2,1,1.00,CYCLE,W
IND,208,6415,59486,02/10/2021,15:30:11,15,1,23.5,1.0,11.5,10.8,2,1,1.00,CYCLE,W
IND,208,6415,59486,02/10/2021,15:30:12,15,1,23.2,1.0,1.1,1.0,2,1,1.00,CYCLE,W
IND,208,6415,59486,02/10/2021,15:30:14,15,1,23.2,1.1,1.5,1.4,2,1,1.00,CYCLE,W
IND,208,6415,59486,02/10/2021,15:30:27,15,1,22.3,1.1,13.7,13.5,2,1,1.00,CYCLE,W
IND,208,6415,59486,02/10/2021,15:30:31,15,1,26.1,1.0,4.0,3.8,2,1,1.00,CYCLE,W
IND,208,6415,59485,02/10/2021,15:33:01,15,0,16.3,1.1,192.0,191.8,2,1,1.00,CYCLE,E
IND,208,6415,59485,02/10/2021,15:33:03,15,0,16.3,1.1,1.5,1.2,2,1,1.00,CYCLE,E
IND,208,6415,59486,02/10/2021,15:33:22,15,1,22.8,0.9,170.2,170.0,2,1,1.00,CYCLE,W
IND,208,6415,59486,02/10/2021,15:33:22,15,1,22.9,1.0,0.5,0.4,2,1,1.00,CYCLE,W
IND,208,6415,59486,02/10/2021,15:33:42,15,1,25.6,1.1,19.6,19.4,2,1,1.00,CYCLE,W
IND,208,6415,59486,02/10/2021,15:33:42,15,1,25.5,1.1,0.5,0.3,2,1,1.00,CYCLE,W
IND,208,6415,59486,02/10/2021,15:33:45,15,1,25.0,1.0,2.6,2.4,2,1,1.00,CYCLE,W
IND,208,6415,59486,02/10/2021,15:33:46,15,1,28.6,1.1,1.5,1.3,2,1,1.00,CYCLE,W
IND,208,6415,59486,02/10/2021,15:33:48,15,1,26.3,1.1,1.5,1.4,2,1,1.00,CYCLE,W
IND,208,6415,59486,02/10/2021,15:34:43,15,1,27.1,1.0,55.6,55.5,2,1,1.00,CYCLE,W
IND,208,6415,59486,02/10/2021,15:34:48,15,1,30.1,1.0,4.5,4.4,2,1,1.00,CYCLE,W
IND,208,6415,59486,02/10/2021,15:35:18,15,1,24.0,1.0,4.3,3.9,2,1,1.00,CYCLE,W
IND,208,6415,59485,02/10/2021,15:36:05,15,0,25.3,1.0,182.0,181.8,2,1,1.00,CYCLE,E
IND,208,6415,59485,02/10/2021,15:36:57,15,0,14.5,1.1,52.2,52.0,2,1,1.00,CYCLE,E
IND,208,6415,59485,02/10/2021,15:36:59,15,0,17.5,1.0,1.8,1.5,2,1,1.00,CYCLE,E
IND,208,6415,59486,02/10/2021,15:37:53,15,1,21.2,1.0,105.4,105.3,2,1,1.00,CYCLE,W
IND,208,6415,59486,02/10/2021,15:37:54,15,1,20.9,1.1,0.7,0.5,2,1,1.00,CYCLE,W
IND,208,6415,59485,02/10/2021,15:37:59,15,0,4.2,1.0,60.2,60.0,2,1,0.20,CYCLE,E
IND,208,6415,59485,02/10/2021,15:37:59,15,0,4.2,1.0,0.0,0.0,2,1,0.20,CYCLE,E
IND,208,6415,59486,02/10/2021,15:38:07,15,1,19.2,1.1,12.7,12.6,2,1,1.00,CYCLE,W
IND,208,6415,59486,02/10/2021,15:38:10,15,1,18.0,1.1,3.3,3.1,2,1,1.00,CYCLE,W
IND,208,6415,59486,02/10/2021,15:38:29,15,1,19.7,1.0,18.9,18.7,2,1,1.00,CYCLE,W
IND,208,6415,59486,02/10/2021,15:38:49,15,1,18.1,1.1,19.5,19.3,2,1,1.00,CYCLE,W
IND,208,6415,59486,02/10/2021,15:39:19,15,1,21.2,1.0,30.3,30.0,2,1,1.00,CYCLE,W
IND,208,6415,59486,02/10/2021,15:39:21,15,1,18.8,1.0,2.0,1.8,2,1,1.00,CYCLE,W
IND,208,6415,59486,02/10/2021,15:39:30,15,1,29.3,1.0,9.5,9.2,2,1,1.00,CYCLE,W
IND,208,6415,59486,02/10/2021,15:40:24,15,1,20.9,1.0,53.6,53.5,2,1,1.00,CYCLE,W
IND,208,6415,59486,02/10/2021,15:40:32,15,1,30.3,1.0,7.9,7.7,2,1,1.00,CYCLE,W
IND,208,6415,59485,02/10/2021,15:40:57,15,0,12.8,1.0,115.7,115.4,2,1,1.00,CYCLE,E
IND,208,6415,59485,02/10/2021,15:41:14,15,0,15.4,1.0,16.9,16.6,2,1,1.00,CYCLE,E
IND,208,6415,59485,02/10/2021,15:41:15,15,0,14.9,1.0,0.8,0.6,2,1,1.00,CYCLE,E
IND,208,6415,59485,02/10/2021,15:41:23,15,0,15.3,1.2,8.4,8.1,2,1,1.00,CYCLE,E
IND,208,6415,59486,02/10/2021,15:41:54,15,1,21.7,1.0,82.7,82.6,2,1,1.00,CYCLE,W
IND,208,6415,59486,02/10/2021,15:41:56,15,1,23.6,1.1,1.7,1.5,2,1,1.00,CYCLE,W
IND,208,6415,59486,02/10/2021,15:41:57,15,1,22.1,1.0,1.3,1.1,2,1,1.00,CYCLE,W
IND,208,6415,59486,02/10/2021,15:41:58,15,1,23.9,1.0,1.1,0.9,2,1,1.00,CYCLE,W
IND,208,6415,59485,02/10/2021,15:42:06,15,0,20.1,1.0,43.0,42.7,2,1,1.00,CYCLE,E
IND,208,6415,59486,02/10/2021,15:42:26,15,1,15.5,1.0,27.4,27.3,2,1,1.00,CYCLE,W
IND,208,6415,59486,02/10/2021,15:42:27,15,1,14.5,1.0,0.7,0.5,2,1,1.00,CYCLE,W
IND,208,6415,59485,02/10/2021,15:42:57,15,0,18.8,1.0,50.5,50.3,2,1,1.00,CYCLE,E
IND,208,6415,59485,02/10/2021,15:44:04,15,0,22.0,1.0,66.6,66.4,2,1,1.00,CYCLE,E
IND,208,6415,59485,02/10/2021,15:44:18,15,0,24.7,1.0,10.1,8.6,2,1,1.00,CYCLE,E
IND,208,6415,59485,02/10/2021,15:44:19,15,0,24.5,1.1,0.9,0.7,2,1,1.00,CYCLE,E
IND,208,6415,59486,02/10/2021,15:44:41,15,1,26.5,1.0,93.1,92.7,2,1,1.00,CYCLE,W
IND,208,6415,59486,02/10/2021,15:44:56,15,1,16.7,1.1,14.4,14.3,2,1,1.00,CYCLE,W
IND,208,6415,59486,02/10/2021,15:44:57,15,1,17.6,1.0,1.1,0.9,2,1,1.00,CYCLE,W
IND,208,6415,59485,02/10/2021,15:45:16,15,0,25.4,1.1,56.7,56.5,2,1,1.00,CYCLE,E
IND,208,6415,59486,02/10/2021,15:45:18,15,1,19.4,1.0,21.1,20.9,2,1,1.00,CYCLE,W
IND,208,6415,59486,02/10/2021,15:45:21,15,1,19.2,1.0,3.0,2.9,2,1,1.00,CYCLE,W
IND,208,6415,59485,02/10/2021,15:47:12,15,0,23.4,1.0,116.9,116.7,2,1,1.00,CYCLE,E
IND,208,6415,59486,02/10/2021,15:47:15,15,1,24.5,1.0,114.1,113.9,2,1,1.00,CYCLE,W
IND,208,6415,59486,02/10/2021,15:47:25,15,1,22.2,1.1,9.9,9.7,2,1,1.00,CYCLE,W
IND,208,6415,59486,02/10/2021,15:47:36,15,1,21.2,1.0,11.4,11.2,2,1,1.00,CYCLE,W
IND,208,6415,59486,02/10/2021,15:47:51,15,1,20.6,1.0,14.8,14.6,2,1,1.00,CYCLE,W
IND,208,6415,59486,02/10/2021,15:47:52,15,1,19.2,1.1,1.5,1.3,2,1,1.00,CYCLE,W
IND,208,6415,59486,02/10/2021,15:48:03,15,1,25.9,1.0,10.9,10.7,2,1,1.00,CYCLE,W
IND,208,6415,59485,02/10/2021,15:48:09,15,0,16.4,1.0,56.9,56.8,2,1,1.00,CYCLE,E
IND,208,6415,59486,02/10/2021,15:48:30,15,1,23.1,1.1,26.7,26.5,2,1,1.00,CYCLE,W
IND,208,6415,59486,02/10/2021,15:48:55,15,1,26.6,1.0,24.8,24.6,2,1,1.00,CYCLE,W
IND,208,6415,59486,02/10/2021,15:48:55,15,1,26.3,1.0,0.6,0.5,2,1,1.00,CYCLE,W
IND,208,6415,59485,02/10/2021,15:49:10,15,0,24.0,1.0,60.4,60.2,2,1,1.00,CYCLE,E
IND,208,6415,59486,02/10/2021,15:49:22,15,1,25.9,1.1,26.0,25.9,2,1,1.00,CYCLE,W
IND,208,6415,59485,02/10/2021,15:49:31,15,0,28.7,1.0,21.1,20.9,2,1,1.00,CYCLE,E
IND,208,6415,59485,02/10/2021,15:49:50,15,0,17.3,1.0,19.1,19.0,2,1,1.00,CYCLE,E
IND,208,6415,59485,02/10/2021,15:49:50,15,0,17.3,1.0,0.0,0.0,2,1,1.00,CYCLE,E
IND,208,6415,59485,02/10/2021,15:50:34,15,0,14.8,1.0,43.8,43.5,2,1,1.00,CYCLE,E
IND,208,6415,59485,02/10/2021,15:50:40,15,0,19.7,1.1,6.4,6.2,2,1,1.00,CYCLE,E
IND,208,6415,59485,02/10/2021,15:50:45,15,0,26.9,1.0,4.5,4.3,2,1,1.00,CYCLE,E
IND,208,6415,59486,02/10/2021,15:51:16,15,1,18.8,1.1,114.6,114.4,2,1,1.00,CYCLE,W
IND,208,6415,59485,02/10/2021,15:51:29,15,0,17.5,1.2,0.9,0.7,2,1,1.00,CYCLE,E
IND,208,6415,59486,02/10/2021,15:51:35,15,1,12.5,1.0,18.5,18.3,2,1,1.00,CYCLE,W
IND,208,6415,59486,02/10/2021,15:52:16,15,1,22.3,1.0,41.3,40.9,2,1,1.00,CYCLE,W
IND,208,6415,59486,02/10/2021,15:52:58,15,1,26.4,1.0,42.6,42.4,2,1,1.00,CYCLE,W
IND,208,6415,59486,02/10/2021,15:54:01,15,1,24.4,1.0,62.8,62.7,2,1,1.00,CYCLE,W
IND,208,6415,59485,02/10/2021,15:55:16,15,0,14.6,1.0,227.3,227.0,2,1,1.00,CYCLE,E
IND,208,6415,59485,02/10/2021,15:55:17,15,0,12.7,1.2,0.9,0.7,2,1,1.00,CYCLE,E
IND,208,6415,59486,02/10/2021,15:55:32,15,1,17.5,1.0,90.9,90.8,2,1,1.00,CYCLE,W
IND,208,6415,59486,02/10/2021,15:55:36,15,1,18.1,1.0,3.7,3.5,2,1,1.00,CYCLE,W
IND,208,6415,59486,02/10/2021,15:56:08,15,1,20.6,1.1,32.6,32.4,2,1,1.00,CYCLE,W
IND,208,6415,59485,02/10/2021,15:56:17,15,0,21.0,1.0,26.7,26.6,2,1,1.00,CYCLE,E
IND,208,6415,59486,02/10/2021,15:56:26,15,1,24.8,1.1,18.0,17.8,2,1,1.00,CYCLE,W
IND,208,6415,59485,02/10/2021,15:56:27,15,0,18.8,1.1,9.6,9.4,2,1,1.00,CYCLE,E
IND,208,6415,59485,02/10/2021,15:56:28,15,0,20.8,1.1,0.6,0.4,2,1,1.00,CYCLE,E
IND,208,6415,59486,02/10/2021,15:56:41,15,1,20.8,1.0,14.7,14.5,2,1,1.00,CYCLE,W
IND,208,6415,59486,02/10/2021,15:56:42,15,1,19.4,1.0,1.0,0.9,2,1,1.00,CYCLE,W
IND,208,6415,59486,02/10/2021,15:57:08,15,1,6.2,1.2,25.5,25.5,2,1,0.80,CYCLE,W
IND,208,6415,59485,02/10/2021,15:57:18,15,0,23.0,1.1,50.1,49.9,2,1,1.00,CYCLE,E
IND,208,6415,59486,02/10/2021,15:58:42,15,1,24.4,1.0,94.4,93.9,2,1,1.00,CYCLE,W
IND,208,6415,59486,02/10/2021,15:58:55,15,1,24.0,1.0,12.9,12.8,2,1,1.00,CYCLE,W
IND,208,6415,59486,02/10/2021,15:59:09,15,1,21.1,1.0,14.4,14.2,2,1,1.00,CYCLE,W
IND,208,6415,59486,02/10/2021,15:59:22,15,1,23.7,1.1,12.7,12.5,2,1,1.00,CYCLE,W
IND,208,6415,59485,02/10/2021,15:59:33,15,0,25.5,1.0,124.1,123.1,2,1,1.00,CYCLE,E
IND,208,6415,59485,02/10/2021,15:59:34,15,0,26.7,1.0,0.9,0.8,2,1,1.00,CYCLE,E
IND,208,6415,59485,02/10/2021,15:59:41,15,0,26.0,1.0,7.1,7.0,2,1,1.00,CYCLE,E
IND,208,6415,59486,02/10/2021,16:01:30,15,1,22.4,1.0,127.7,127.6,2,1,1.00,CYCLE,W
IND,208,6415,59486,02/10/2021,16:01:56,15,1,18.4,0.8,25.9,25.7,2,1,1.00,CYCLE,W
IND,208,6415,59486,02/10/2021,16:03:00,15,1,26.5,1.0,50.1,47.9,2,1,1.00,CYCLE,W
IND,208,6415,59485,02/10/2021,16:03:01,15,0,23.0,1.1,178.3,178.0,2,1,1.00,CYCLE,E
IND,208,6415,59486,02/10/2021,16:03:28,15,1,21.3,1.0,27.4,27.3,2,1,1.00,CYCLE,W
IND,208,6415,59486,02/10/2021,16:04:25,15,1,40.7,0.9,57.4,57.2,2,1,1.00,CYCLE,W
IND,208,6415,59485,02/10/2021,16:05:21,15,0,10.7,1.0,140.4,140.2,2,1,1.00,CYCLE,E
IND,208,6415,59485,02/10/2021,16:05:23,15,0,11.9,1.1,1.4,1.1,2,1,1.00,CYCLE,E
IND,208,6415,59485,02/10/2021,16:05:26,15,0,13.4,0.9,3.2,2.9,2,1,1.00,CYCLE,E
IND,208,6415,59485,02/10/2021,16:05:27,15,0,13.3,1.1,1.0,0.8,2,1,1.00,CYCLE,E
IND,208,6415,59485,02/10/2021,16:05:36,15,0,26.0,1.0,8.9,8.6,2,1,1.00,CYCLE,E
IND,208,6415,59485,02/10/2021,16:06:06,15,0,9.5,1.0,29.6,29.5,2,1,0.40,CYCLE,E
IND,208,6415,59485,02/10/2021,16:06:21,15,0,24.2,1.1,15.6,15.2,2,1,1.00,CYCLE,E
IND,208,6415,59485,02/10/2021,16:08:54,15,0,27.6,1.1,152.5,152.3,2,1,1.00,CYCLE,E
IND,208,6415,59486,02/10/2021,16:09:26,15,1,23.6,1.1,300.8,300.8,2,1,1.00,CYCLE,W
IND,208,6415,59486,02/10/2021,16:09:27,15,1,22.1,1.1,1.2,1.0,2,1,1.00,CYCLE,W
IND,208,6415,59486,02/10/2021,16:10:20,15,1,24.1,1.0,53.1,52.9,2,1,1.00,CYCLE,W
IND,208,6415,59486,02/10/2021,16:10:22,15,1,24.3,1.0,2.0,1.8,2,1,1.00,CYCLE,W
IND,208,6415,59486,02/10/2021,16:10:52,15,1,18.0,1.1,29.5,29.4,2,1,1.00,CYCLE,W
IND,208,6415,59485,02/10/2021,16:11:06,15,0,11.4,1.1,132.8,132.7,2,1,1.00,CYCLE,E
IND,208,6415,59485,02/10/2021,16:11:08,15,0,11.7,0.9,1.4,1.1,2,1,1.00,CYCLE,E
IND,208,6415,59485,02/10/2021,16:11:09,15,0,10.8,1.0,0.9,1.2,2,1,0.80,CYCLE,E
IND,208,6415,59486,02/10/2021,16:11:31,15,1,22.4,1.0,26.5,25.5,2,1,1.00,CYCLE,W
IND,208,6415,59486,02/10/2021,16:11:49,15,1,23.2,1.1,18.2,18.1,2,1,1.00,CYCLE,W
IND,208,6415,59486,02/10/2021,16:11:51,15,1,19.0,1.0,2.0,1.9,2,1,1.00,CYCLE,W
IND,208,6415,59486,02/10/2021,16:11:52,15,1,20.3,1.1,1.1,1.0,2,1,1.00,CYCLE,W
IND,208,6415,59486,02/10/2021,16:11:53,15,1,19.8,1.0,1.5,1.3,2,1,1.00,CYCLE,W
IND,208,6415,59485,02/10/2021,16:11:59,15,0,21.3,1.0,50.4,49.5,2,1,1.00,CYCLE,E
IND,208,6415,59486,02/10/2021,16:12:23,15,1,19.3,1.1,29.7,29.5,2,1,1.00,CYCLE,W
IND,208,6415,59486,02/10/2021,16:12:36,15,1,24.0,1.2,12.8,12.6,2,1,1.00,CYCLE,W
IND,208,6415,59485,02/10/2021,16:13:47,15,0,28.2,1.0,108.2,108.1,2,1,1.00,CYCLE,E
IND,208,6415,59485,02/10/2021,16:13:50,15,0,29.0,1.0,2.3,2.1,2,1,1.00,CYCLE,E
IND,208,6415,59485,02/10/2021,16:14:56,15,0,24.3,0.8,66.1,66.0,2,1,1.00,CYCLE,E
IND,208,6415,59486,02/10/2021,16:14:58,15,1,20.8,1.0,141.9,141.7,2,1,1.00,CYCLE,W
IND,208,6415,59486,02/10/2021,16:15:15,15,1,21.1,1.0,16.7,16.5,2,1,1.00,CYCLE,W
IND,208,6415,59486,02/10/2021,16:16:26,15,1,19.5,0.4,71.7,71.5,2,1,1.00,CYCLE,W
IND,208,6415,59485,02/10/2021,16:16:31,15,0,3.3,0.2,95.6,95.5,2,1,0.80,CYCLE,E
IND,208,6415,59486,02/10/2021,16:16:46,15,1,23.3,0.8,19.5,19.4,2,1,1.00,CYCLE,W
IND,208,6415,59486,02/10/2021,16:16:46,15,1,24.0,0.9,0.7,0.5,2,1,1.00,CYCLE,W
IND,208,6415,59485,02/10/2021,16:17:54,15,0,24.0,1.0,82.6,82.4,2,1,1.00,CYCLE,E
IND,208,6415,59486,02/10/2021,16:18:11,15,1,21.6,1.1,84.8,84.7,2,1,1.00,CYCLE,W
IND,208,6415,59486,02/10/2021,16:18:12,15,1,21.5,1.0,0.7,0.6,2,1,1.00,CYCLE,W
IND,208,6415,59485,02/10/2021,16:18:54,15,0,21.0,1.0,60.1,59.9,2,1,1.00,CYCLE,E
IND,208,6415,59485,02/10/2021,16:18:56,15,0,18.5,1.0,1.5,1.4,2,1,1.00,CYCLE,E
IND,208,6415,59485,02/10/2021,16:19:28,15,0,23.4,1.0,32.3,32.1,2,1,1.00,CYCLE,E
IND,208,6415,59486,02/10/2021,16:20:21,15,1,27.6,1.0,129.3,129.2,2,1,1.00,CYCLE,W
IND,208,6415,59485,02/10/2021,16:20:43,15,0,30.8,1.0,75.5,75.4,2,1,1.00,CYCLE,E
IND,208,6415,59485,02/10/2021,16:20:44,15,0,30.5,1.0,0.8,0.7,2,1,1.00,CYCLE,E
IND,208,6415,59486,02/10/2021,16:21:08,15,1,24.5,1.1,46.7,46.6,2,1,1.00,CYCLE,W
IND,208,6415,59486,02/10/2021,16:21:21,15,1,21.9,1.0,12.8,12.6,2,1,1.00,CYCLE,W
IND,208,6415,59485,02/10/2021,16:21:58,15,0,22.8,1.0,74.2,74.0,2,1,1.00,CYCLE,E
IND,208,6415,59486,02/10/2021,16:22:31,15,1,20.0,1.0,70.5,70.3,2,1,1.00,CYCLE,W
IND,208,6415,59486,02/10/2021,16:22:35,15,1,23.1,1.1,4.2,4.0,2,1,1.00,CYCLE,W
IND,208,6415,59486,02/10/2021,16:22:41,15,1,24.2,1.1,5.5,5.4,2,1,1.00,CYCLE,W
IND,208,6415,59486,02/10/2021,16:22:57,15,1,12.9,0.9,16.4,16.3,2,1,1.00,CYCLE,W
IND,208,6415,59486,02/10/2021,16:22:59,15,1,12.8,1.1,1.8,1.5,2,1,1.00,CYCLE,W
IND,208,6415,59486,02/10/2021,16:23:00,15,1,13.9,1.1,0.9,0.6,2,1,1.00,CYCLE,W
IND,208,6415,59486,02/10/2021,16:23:03,15,1,14.3,1.0,2.8,2.5,2,1,1.00,CYCLE,W
IND,208,6415,59485,02/10/2021,16:23:28,15,0,22.1,1.0,89.7,89.6,2,1,1.00,CYCLE,E
IND,208,6415,59485,02/10/2021,16:24:12,15,0,18.6,1.1,41.0,41.0,2,1,1.00,CYCLE,E
IND,208,6415,59486,02/10/2021,16:24:44,15,1,22.3,1.0,97.8,96.9,2,1,1.00,CYCLE,W
IND,208,6415,59486,02/10/2021,16:24:51,15,1,17.9,1.0,7.4,7.3,2,1,1.00,CYCLE,W
IND,208,6415,59486,02/10/2021,16:24:52,15,1,17.2,1.1,0.8,0.6,2,1,1.00,CYCLE,W
IND,208,6415,59486,02/10/2021,16:24:59,15,1,19.5,1.0,6.6,6.7,2,1,0.80,CYCLE,W
IND,208,6415,59486,02/10/2021,16:25:11,15,1,18.3,1.0,12.3,11.8,2,1,1.00,CYCLE,W
IND,208,6415,59485,02/10/2021,16:25:56,15,0,18.8,1.0,103.8,103.6,2,1,1.00,CYCLE,E
IND,208,6415,59485,02/10/2021,16:26:42,15,0,23.3,1.0,45.7,45.5,2,1,0.80,CYCLE,E
IND,208,6415,59486,02/10/2021,16:26:43,15,1,17.9,1.1,92.0,91.8,2,1,1.00,CYCLE,W
IND,208,6415,59486,02/10/2021,16:26:45,15,1,19.5,1.0,1.9,1.6,2,1,1.00,CYCLE,W
IND,208,6415,59486,02/10/2021,16:27:20,15,1,27.3,1.0,35.1,34.9,2,1,1.00,CYCLE,W
IND,208,6415,59486,02/10/2021,16:27:43,15,1,24.6,1.0,22.4,22.3,2,1,1.00,CYCLE,W
IND,208,6415,59485,02/10/2021,16:27:56,15,0,20.2,1.0,74.2,74.0,2,1,1.00,CYCLE,E
IND,208,6415,59486,02/10/2021,16:28:19,15,1,24.1,1.0,36.3,36.2,2,1,1.00,CYCLE,W
IND,208,6415,59485,02/10/2021,16:28:28,15,0,15.4,1.0,31.7,31.5,2,1,1.00,CYCLE,E
IND,208,6415,59485,02/10/2021,16:28:29,15,0,16.0,1.0,0.9,0.7,2,1,1.00,CYCLE,E
IND,208,6415,59486,02/10/2021,16:28:33,15,1,21.2,1.0,13.7,13.5,2,1,1.00,CYCLE,W
IND,208,6415,59485,02/10/2021,16:29:04,15,0,15.1,0.9,35.5,35.3,2,1,1.00,CYCLE,E
IND,208,6415,59485,02/10/2021,16:29:07,15,0,17.5,1.0,3.3,3.1,2,1,1.00,CYCLE,E
IND,208,6415,59486,02/10/2021,16:30:03,15,1,19.2,1.0,90.5,90.4,2,1,1.00,CYCLE,W
IND,208,6415,59486,02/10/2021,16:30:11,15,1,15.5,1.0,7.4,7.3,2,1,1.00,CYCLE,W
IND,208,6415,59485,02/10/2021,16:30:18,15,0,23.5,1.1,70.2,70.0,2,1,1.00,CYCLE,E
IND,208,6415,59485,02/10/2021,16:30:20,15,0,15.8,1.1,2.5,2.4,2,1,1.00,CYCLE,E
IND,208,6415,59486,02/10/2021,16:30:32,15,1,22.7,1.0,20.1,19.8,2,1,1.00,CYCLE,W
IND,208,6415,59486,02/10/2021,16:30:37,15,1,25.5,1.0,5.2,5.0,2,1,1.00,CYCLE,W
IND,208,6415,59485,02/10/2021,16:30:39,15,0,19.5,1.0,19.0,18.7,2,1,1.00,CYCLE,E
IND,208,6415,59485,02/10/2021,16:31:17,15,0,13.6,1.0,37.9,37.7,2,1,1.00,CYCLE,E
IND,208,6415,59485,02/10/2021,16:31:18,15,0,12.7,1.1,0.8,0.6,2,1,1.00,CYCLE,E
IND,208,6415,59486,02/10/2021,16:31:52,15,1,21.7,1.1,75.6,75.5,2,1,1.00,CYCLE,W
IND,208,6415,59486,02/10/2021,16:32:06,15,1,24.6,1.1,14.1,13.9,2,1,1.00,CYCLE,W
IND,208,6415,59485,02/10/2021,16:33:30,15,0,19.0,1.1,132.4,132.1,2,1,1.00,CYCLE,E
IND,208,6415,59485,02/10/2021,16:33:45,15,0,28.1,1.0,14.9,14.7,2,1,1.00,CYCLE,E
IND,208,6415,59485,02/10/2021,16:33:49,15,0,26.2,1.0,3.9,3.8,2,1,1.00,CYCLE,E
IND,208,6415,59485,02/10/2021,16:34:20,15,0,18.3,1.0,30.6,30.7,2,1,0.89,CYCLE,E
IND,208,6415,59485,02/10/2021,16:34:20,15,0,18.3,1.0,0.0,0.0,2,1,0.89,CYCLE,E
IND,208,6415,59485,02/10/2021,16:35:26,15,0,18.9,1.1,66.7,65.4,2,1,1.00,CYCLE,E
IND,208,6415,59485,02/10/2021,16:35:40,15,0,17.1,1.1,13.6,13.4,2,1,1.00,CYCLE,E
IND,208,6415,59485,02/10/2021,16:35:41,15,0,17.4,1.1,0.9,0.7,2,1,1.00,CYCLE,E
IND,208,6415,59485,02/10/2021,16:35:50,15,0,17.6,1.1,9.6,9.4,2,1,1.00,CYCLE,E
IND,208,6415,59485,02/10/2021,16:35:53,15,0,16.7,1.0,2.6,2.4,2,1,1.00,CYCLE,E
IND,208,6415,59485,02/10/2021,16:35:54,15,0,15.4,1.0,1.0,0.8,2,1,1.00,CYCLE,E
IND,208,6415,59485,02/10/2021,16:36:49,15,0,14.6,1.1,54.7,54.5,2,1,1.00,CYCLE,E
IND,208,6415,59485,02/10/2021,16:37:10,15,0,19.1,1.0,21.2,20.9,2,1,1.00,CYCLE,E
IND,208,6415,59485,02/10/2021,16:37:14,15,0,17.8,1.1,4.1,3.9,2,1,1.00,CYCLE,E
IND,208,6415,59485,02/10/2021,16:37:29,15,0,18.3,1.0,15.3,15.1,2,1,1.00,CYCLE,E
IND,208,6415,59486,02/10/2021,16:37:37,15,1,25.8,1.0,330.2,330.1,2,1,1.00,CYCLE,W
IND,208,6415,59486,02/10/2021,16:38:05,15,1,24.3,1.0,28.7,29.0,2,1,0.80,CYCLE,W
IND,208,6415,59486,02/10/2021,16:38:52,15,1,20.6,1.0,46.5,45.9,2,1,1.00,CYCLE,W
IND,208,6415,59486,02/10/2021,16:39:02,15,1,25.0,1.1,9.6,9.5,2,1,1.00,CYCLE,W
IND,208,6415,59485,02/10/2021,16:40:11,15,0,13.3,1.0,161.2,161.0,2,1,1.00,CYCLE,E
IND,208,6415,59485,02/10/2021,16:40:12,15,0,20.6,0.9,1.3,1.0,2,1,1.00,CYCLE,E
IND,208,6415,59485,02/10/2021,16:40:13,15,0,21.7,0.9,0.7,0.5,2,1,1.00,CYCLE,E
IND,208,6415,59485,02/10/2021,16:42:36,15,0,20.9,1.0,143.7,143.5,2,1,1.00,CYCLE,E
IND,208,6415,59486,02/10/2021,16:42:43,15,1,25.9,1.0,47.5,46.8,2,1,1.00,CYCLE,W
IND,208,6415,59486,02/10/2021,16:43:25,15,1,22.5,1.1,41.8,41.7,2,1,1.00,CYCLE,W
IND,208,6415,59486,02/10/2021,16:43:25,15,1,22.6,1.1,0.6,0.4,2,1,1.00,CYCLE,W
IND,208,6415,59485,02/10/2021,16:43:39,15,0,15.5,1.1,63.1,62.9,2,1,1.00,CYCLE,E
IND,208,6415,59485,02/10/2021,16:43:40,15,0,14.9,1.1,1.0,0.8,2,1,1.00,CYCLE,E
IND,208,6415,59486,02/10/2021,16:43:55,15,1,27.8,1.0,30.1,29.9,2,1,1.00,CYCLE,W
IND,208,6415,59486,02/10/2021,16:44:01,15,1,22.9,1.0,6.0,5.9,2,1,1.00,CYCLE,W
IND,208,6415,59486,02/10/2021,16:44:03,15,1,21.9,1.0,1.6,1.5,2,1,1.00,CYCLE,W
IND,208,6415,59486,02/10/2021,16:44:04,15,1,23.5,1.0,1.5,1.4,2,1,1.00,CYCLE,W
IND,208,6415,59486,02/10/2021,16:44:05,15,1,23.1,1.0,0.6,0.4,2,1,1.00,CYCLE,W
IND,208,6415,59485,02/10/2021,16:44:10,15,0,19.0,1.0,29.3,29.0,2,1,1.00,CYCLE,E
IND,208,6415,59486,02/10/2021,16:44:37,15,1,22.0,1.1,31.8,31.6,2,1,1.00,CYCLE,W
IND,208,6415,59485,02/10/2021,16:45:16,15,0,23.7,1.0,65.9,65.7,2,1,1.00,CYCLE,E
IND,208,6415,59486,02/10/2021,16:45:17,15,1,18.9,1.1,36.6,35.4,2,1,1.00,CYCLE,W
IND,208,6415,59486,02/10/2021,16:45:43,15,1,22.0,1.1,25.2,25.0,2,1,1.00,CYCLE,W
IND,208,6415,59485,02/10/2021,16:45:58,15,0,16.1,1.0,42.4,42.2,2,1,1.00,CYCLE,E
IND,208,6415,59486,02/10/2021,16:46:37,15,1,23.0,1.0,54.0,53.8,2,1,1.00,CYCLE,W
IND,208,6415,59486,02/10/2021,16:46:41,15,1,20.4,1.1,4.2,4.1,2,1,1.00,CYCLE,W
IND,208,6415,59486,02/10/2021,16:46:42,15,1,19.4,1.0,0.8,0.6,2,1,1.00,CYCLE,W
IND,208,6415,59485,02/10/2021,16:47:03,15,0,20.6,1.1,65.2,64.9,2,1,1.00,CYCLE,E
IND,208,6415,59486,02/10/2021,16:48:21,15,1,18.0,1.0,99.8,99.6,2,1,1.00,CYCLE,W
IND,208,6415,59485,02/10/2021,16:50:24,15,0,20.1,1.1,200.6,200.5,2,1,1.00,CYCLE,E
IND,208,6415,59485,02/10/2021,16:50:44,15,0,19.9,1.1,19.9,19.7,2,1,1.00,CYCLE,E
IND,208,6415,59486,02/10/2021,16:51:28,15,1,25.4,1.0,160.6,159.4,2,1,1.00,CYCLE,W
IND,208,6415,59485,02/10/2021,16:51:45,15,0,16.2,1.1,61.6,61.4,2,1,1.00,CYCLE,E
IND,208,6415,59485,02/10/2021,16:52:05,15,0,17.8,1.1,20.1,19.8,2,1,1.00,CYCLE,E
IND,208,6415,59485,02/10/2021,16:52:06,15,0,17.2,1.0,0.9,0.6,2,1,1.00,CYCLE,E
IND,208,6415,59486,02/10/2021,16:53:26,15,1,19.0,1.1,118.5,118.3,2,1,1.00,CYCLE,W
IND,208,6415,59485,02/10/2021,16:53:35,15,0,19.0,1.1,88.8,88.6,2,1,1.00,CYCLE,E
IND,208,6415,59486,02/10/2021,16:55:01,15,1,24.1,1.0,94.3,94.1,2,1,1.00,CYCLE,W
IND,208,6415,59486,02/10/2021,16:55:10,15,1,24.0,1.0,9.2,9.1,2,1,1.00,CYCLE,W
IND,208,6415,59486,02/10/2021,16:55:41,15,1,28.5,1.0,31.6,31.5,2,1,1.00,CYCLE,W
IND,208,6415,59486,02/10/2021,16:56:15,15,1,24.0,1.1,34.0,33.9,2,1,1.00,CYCLE,W
IND,208,6415,59485,02/10/2021,16:56:49,15,0,15.0,1.0,194.0,193.8,2,1,1.00,CYCLE,E
IND,208,6415,59486,02/10/2021,16:57:22,15,1,28.8,1.0,66.7,66.6,2,1,1.00,CYCLE,W
IND,208,6415,59485,02/10/2021,16:57:41,15,0,28.8,1.0,51.8,51.6,2,1,1.00,CYCLE,E
IND,208,6415,59485,02/10/2021,16:58:20,15,0,13.5,1.0,38.8,38.6,2,1,1.00,CYCLE,E
IND,208,6415,59485,02/10/2021,16:58:29,15,0,13.4,1.0,9.4,9.1,2,1,0.83,CYCLE,E
IND,208,6415,59485,02/10/2021,16:58:41,15,0,15.9,0.8,12.0,10.8,2,1,1.00,CYCLE,E
IND,208,6415,59486,02/10/2021,16:59:25,15,1,21.1,0.9,122.8,122.7,2,1,1.00,CYCLE,W
IND,208,6415,59486,02/10/2021,16:59:26,15,1,19.0,1.0,1.3,1.2,2,1,1.00,CYCLE,W
IND,208,6415,59486,02/10/2021,16:59:29,15,1,20.9,1.0,2.2,2.0,2,1,1.00,CYCLE,W
IND,208,6415,59485,02/10/2021,17:00:01,15,0,9.6,0.9,79.4,79.2,2,1,1.00,CYCLE,E
IND,208,6415,59486,02/10/2021,17:00:03,15,1,22.5,0.9,34.5,34.3,2,1,1.00,CYCLE,W
IND,208,6415,59486,02/10/2021,17:00:05,15,1,21.5,1.0,2.4,2.3,2,1,1.00,CYCLE,W
IND,208,6415,59486,02/10/2021,17:00:08,15,1,19.7,1.1,2.3,2.1,2,1,1.00,CYCLE,W
IND,208,6415,59486,02/10/2021,17:00:35,15,1,25.9,1.1,27.2,27.0,2,1,1.00,CYCLE,W
IND,208,6415,59486,02/10/2021,17:01:04,15,1,18.3,1.0,28.8,28.7,2,1,1.00,CYCLE,W
IND,208,6415,59486,02/10/2021,17:01:05,15,1,17.2,1.0,1.2,1.0,2,1,1.00,CYCLE,W
IND,208,6415,59486,02/10/2021,17:01:10,15,1,16.9,1.1,5.1,4.9,2,1,1.00,CYCLE,W
IND,208,6415,59485,02/10/2021,17:01:13,15,0,19.5,1.0,72.2,71.9,2,1,1.00,CYCLE,E
IND,208,6415,59486,02/10/2021,17:01:24,15,1,19.4,1.0,13.8,13.6,2,1,1.00,CYCLE,W
IND,208,6415,59486,02/10/2021,17:02:04,15,1,17.2,1.0,39.9,39.8,2,1,1.00,CYCLE,W
IND,208,6415,59486,02/10/2021,17:02:07,15,1,3.9,1.0,2.9,2.6,2,1,0.67,CYCLE,W
IND,208,6415,59485,02/10/2021,17:02:14,15,0,16.1,1.0,61.6,61.4,2,1,1.00,CYCLE,E
IND,208,6415,59485,02/10/2021,17:02:36,15,0,13.9,1.0,22.0,21.8,2,1,1.00,CYCLE,E
IND,208,6415,59485,02/10/2021,17:02:37,15,0,15.2,1.1,0.8,0.5,2,1,1.00,CYCLE,E
IND,208,6415,59486,02/10/2021,17:03:48,15,1,5.6,1.1,101.5,100.8,2,1,1.00,CYCLE,W
IND,208,6415,59485,02/10/2021,17:06:37,15,0,17.8,1.1,239.9,239.7,2,1,1.00,CYCLE,E
IND,208,6415,59486,02/10/2021,17:07:19,15,1,25.7,1.1,116.5,116.2,2,1,1.00,CYCLE,W
IND,208,6415,59486,02/10/2021,17:07:34,15,1,27.3,1.0,15.7,15.6,2,1,1.00,CYCLE,W
IND,208,6415,59486,02/10/2021,17:08:04,15,1,21.6,1.0,29.7,29.6,2,1,1.00,CYCLE,W
IND,208,6415,59486,02/10/2021,17:08:07,15,1,22.6,1.1,2.6,2.4,2,1,1.00,CYCLE,W
IND,208,6415,59485,02/10/2021,17:08:12,15,0,23.0,1.0,95.0,94.8,2,1,1.00,CYCLE,E
IND,208,6415,59486,02/10/2021,17:08:14,15,1,24.1,1.0,7.1,6.9,2,1,1.00,CYCLE,W
IND,208,6415,59486,02/10/2021,17:08:15,15,1,24.7,1.0,1.6,1.5,2,1,1.00,CYCLE,W
IND,208,6415,59485,02/10/2021,17:08:34,15,0,26.7,1.0,21.6,21.4,2,1,1.00,CYCLE,E
IND,208,6415,59486,02/10/2021,17:09:19,15,1,22.9,1.0,63.6,63.4,2,1,1.00,CYCLE,W
IND,208,6415,59485,02/10/2021,17:09:30,15,0,16.7,1.2,56.4,56.3,2,1,1.00,CYCLE,E
IND,208,6415,59485,02/10/2021,17:09:38,15,0,31.3,1.0,8.4,8.1,2,1,1.00,CYCLE,E
IND,208,6415,59486,02/10/2021,17:10:11,15,1,11.3,1.1,52.0,51.9,2,1,1.00,CYCLE,W
IND,208,6415,59485,02/10/2021,17:10:54,15,0,23.3,1.0,75.3,75.2,2,1,1.00,CYCLE,E
IND,208,6415,59485,02/10/2021,17:11:39,15,0,22.9,1.1,45.4,45.3,2,1,1.00,CYCLE,E
IND,208,6415,59486,02/10/2021,17:11:53,15,1,28.2,1.0,101.8,101.3,2,1,1.00,CYCLE,W
IND,208,6415,59485,02/10/2021,17:12:02,15,0,18.6,1.1,22.9,22.7,2,1,1.00,CYCLE,E
IND,208,6415,59485,02/10/2021,17:12:03,15,0,19.9,1.0,0.7,0.5,2,1,1.00,CYCLE,E
IND,208,6415,59486,02/10/2021,17:12:11,15,1,21.3,1.0,18.3,18.2,2,1,1.00,CYCLE,W
IND,208,6415,59486,02/10/2021,17:12:14,15,1,20.7,1.0,3.3,3.2,2,1,1.00,CYCLE,W
IND,208,6415,59486,02/10/2021,17:12:15,15,1,20.8,1.0,0.5,0.4,2,1,1.00,CYCLE,W
IND,208,6415,59486,02/10/2021,17:12:17,15,1,25.7,0.9,1.8,1.6,2,1,1.00,CYCLE,W
IND,208,6415,59486,02/10/2021,17:12:19,15,1,25.8,1.0,2.9,2.8,2,1,1.00,CYCLE,W
IND,208,6415,59486,02/10/2021,17:12:24,15,1,35.0,1.0,4.4,4.2,2,1,1.00,CYCLE,W
IND,208,6415,59485,02/10/2021,17:12:40,15,0,19.2,1.1,37.3,37.1,2,1,1.00,CYCLE,E
IND,208,6415,59486,02/10/2021,17:13:22,15,1,19.9,1.1,58.2,58.1,2,1,1.00,CYCLE,W
IND,208,6415,59486,02/10/2021,17:13:51,15,1,24.2,1.0,29.3,29.0,2,1,1.00,CYCLE,W
IND,208,6415,59486,02/10/2021,17:13:54,15,1,23.8,1.0,2.9,2.7,2,1,1.00,CYCLE,W
IND,208,6415,59485,02/10/2021,17:14:18,15,0,16.7,1.1,98.2,97.9,2,1,1.00,CYCLE,E
IND,208,6415,59485,02/10/2021,17:14:19,15,0,17.4,1.1,0.5,0.3,2,1,1.00,CYCLE,E
IND,208,6415,59486,02/10/2021,17:14:24,15,1,24.4,1.0,29.5,29.4,2,1,1.00,CYCLE,W
IND,208,6415,59485,02/10/2021,17:14:30,15,0,20.9,1.1,11.3,11.1,2,1,1.00,CYCLE,E
IND,208,6415,59485,02/10/2021,17:14:55,15,0,15.8,1.0,24.8,24.6,2,1,1.00,CYCLE,E
IND,208,6415,59485,02/10/2021,17:14:57,15,0,17.5,1.1,1.7,1.5,2,1,1.00,CYCLE,E
IND,208,6415,59486,02/10/2021,17:14:57,15,1,28.9,1.1,33.7,33.6,2,1,1.00,CYCLE,W
IND,208,6415,59485,02/10/2021,17:15:05,15,0,22.1,1.0,8.2,8.0,2,1,1.00,CYCLE,E
IND,208,6415,59485,02/10/2021,17:15:18,15,0,22.3,1.0,13.0,12.9,2,1,1.00,CYCLE,E
IND,208,6415,59486,02/10/2021,17:15:50,15,1,25.1,1.0,52.8,52.7,2,1,1.00,CYCLE,W
IND,208,6415,59486,02/10/2021,17:15:51,15,1,29.5,1.0,1.2,1.0,2,1,1.00,CYCLE,W
IND,208,6415,59486,02/10/2021,17:16:24,15,1,25.5,1.1,29.8,29.5,2,1,1.00,CYCLE,W
IND,208,6415,59486,02/10/2021,17:16:27,15,1,22.4,1.0,3.2,3.1,2,1,1.00,CYCLE,W
IND,208,6415,59486,02/10/2021,17:16:33,15,1,22.6,1.1,6.0,5.8,2,1,1.00,CYCLE,W
IND,208,6415,59485,02/10/2021,17:18:00,15,0,17.7,1.1,162.0,161.8,2,1,1.00,CYCLE,E
IND,208,6415,59485,02/10/2021,17:18:01,15,0,20.2,1.0,1.2,1.0,2,1,1.00,CYCLE,E
IND,208,6415,59486,02/10/2021,17:18:23,15,1,24.2,1.0,110.2,110.0,2,1,1.00,CYCLE,W
IND,208,6415,59485,02/10/2021,17:19:06,15,0,20.8,1.1,65.4,65.2,2,1,1.00,CYCLE,E
IND,208,6415,59485,02/10/2021,17:19:07,15,0,22.4,1.1,0.9,0.8,2,1,1.00,CYCLE,E
IND,208,6415,59485,02/10/2021,17:20:22,15,0,18.8,1.1,74.7,74.5,2,1,1.00,CYCLE,E
IND,208,6415,59485,02/10/2021,17:20:23,15,0,18.0,1.1,1.3,1.1,2,1,1.00,CYCLE,E
IND,208,6415,59485,02/10/2021,17:21:07,15,0,5.2,1.1,43.6,43.3,2,1,1.00,CYCLE,E
IND,208,6415,59486,02/10/2021,17:21:30,15,1,23.0,1.0,186.6,186.5,2,1,1.00,CYCLE,W
IND,208,6415,59485,02/10/2021,17:21:53,15,0,21.4,1.1,46.5,45.7,2,1,1.00,CYCLE,E
IND,208,6415,59486,02/10/2021,17:22:40,15,1,21.8,1.0,70.1,70.0,2,1,1.00,CYCLE,W
IND,208,6415,59486,02/10/2021,17:22:43,15,1,22.4,1.0,2.6,2.4,2,1,1.00,CYCLE,W
IND,208,6415,59485,02/10/2021,17:23:52,15,0,22.2,1.0,118.2,118.0,2,1,1.00,CYCLE,E
IND,208,6415,59485,02/10/2021,17:24:40,15,0,22.3,1.1,48.8,48.6,2,1,1.00,CYCLE,E
IND,208,6415,59485,02/10/2021,17:25:57,15,0,21.7,1.0,76.9,76.8,2,1,1.00,CYCLE,E
IND,208,6415,59485,02/10/2021,17:26:23,15,0,4.6,1.0,25.4,25.5,2,1,0.67,CYCLE,E
IND,208,6415,59485,02/10/2021,17:26:36,15,0,16.3,1.0,13.7,12.5,2,1,0.80,CYCLE,E
IND,208,6415,59485,02/10/2021,17:26:37,15,0,18.5,0.7,0.8,0.6,2,1,1.00,CYCLE,E
IND,208,6415,59485,02/10/2021,17:26:43,15,0,16.1,0.7,6.2,6.1,2,1,1.00,CYCLE,E
IND,208,6415,59486,02/10/2021,17:27:39,15,1,25.0,1.1,296.2,296.0,2,1,1.00,CYCLE,W
IND,208,6415,59486,02/10/2021,17:27:45,15,1,25.6,1.0,6.6,6.4,2,1,1.00,CYCLE,W
IND,208,6415,59486,02/10/2021,17:27:47,15,1,21.4,1.0,1.2,1.0,2,1,1.00,CYCLE,W
IND,208,6415,59486,02/10/2021,17:27:52,15,1,25.0,1.0,5.5,5.4,2,1,1.00,CYCLE,W
IND,208,6415,59485,02/10/2021,17:28:03,15,0,17.0,1.0,79.4,79.2,2,1,1.00,CYCLE,E
IND,208,6415,59485,02/10/2021,17:28:03,15,0,17.0,1.0,0.0,0.0,2,1,1.00,CYCLE,E
IND,208,6415,59486,02/10/2021,17:28:13,15,1,22.4,1.0,20.9,20.8,2,1,1.00,CYCLE,W
IND,208,6415,59485,02/10/2021,17:28:39,15,0,15.9,1.0,35.8,35.3,2,1,1.00,CYCLE,E
IND,208,6415,59486,02/10/2021,17:29:24,15,1,22.3,1.1,70.7,70.5,2,1,1.00,CYCLE,W
IND,208,6415,59486,02/10/2021,17:29:29,15,1,19.9,1.1,4.9,4.8,2,1,1.00,CYCLE,W
IND,208,6415,59486,02/10/2021,17:29:29,15,1,19.9,1.0,0.4,0.2,2,1,1.00,CYCLE,W
IND,208,6415,59486,02/10/2021,17:30:58,15,1,21.4,1.2,0.5,0.3,2,1,1.00,CYCLE,W
IND,208,6415,59486,02/10/2021,17:31:10,15,1,27.0,1.1,12.1,11.9,2,1,1.00,CYCLE,W
IND,208,6415,59485,02/10/2021,17:32:04,15,0,12.9,1.0,205.7,205.5,2,1,1.00,CYCLE,E
IND,208,6415,59486,02/10/2021,17:33:44,15,1,20.4,1.0,153.5,153.4,2,1,1.00,CYCLE,W
IND,208,6415,59486,02/10/2021,17:33:45,15,1,21.3,0.9,0.7,0.6,2,1,1.00,CYCLE,W
IND,208,6415,59486,02/10/2021,17:33:48,15,1,21.4,1.0,3.3,3.1,2,1,1.00,CYCLE,W
IND,208,6415,59486,02/10/2021,17:33:49,15,1,24.2,1.0,1.0,0.8,2,1,1.00,CYCLE,W
IND,208,6415,59486,02/10/2021,17:34:16,15,1,21.6,1.1,27.4,27.3,2,1,1.00,CYCLE,W
IND,208,6415,59486,02/10/2021,17:34:30,15,1,19.3,0.4,13.4,13.2,2,1,1.00,CYCLE,W
IND,208,6415,59486,02/10/2021,17:34:34,15,1,17.8,0.7,4.0,3.9,2,1,1.00,CYCLE,W
IND,208,6415,59486,02/10/2021,17:35:01,15,1,21.8,1.1,27.3,27.1,2,1,1.00,CYCLE,W
IND,208,6415,59486,02/10/2021,17:35:22,15,1,19.2,1.0,20.9,20.7,2,1,1.00,CYCLE,W
IND,208,6415,59486,02/10/2021,17:35:40,15,1,20.5,1.1,18.0,17.8,2,1,1.00,CYCLE,W
IND,208,6415,59486,02/10/2021,17:36:08,15,1,25.9,1.0,28.4,28.2,2,1,1.00,CYCLE,W
IND,208,6415,59486,02/10/2021,17:36:10,15,1,24.1,1.1,1.4,1.3,2,1,1.00,CYCLE,W
IND,208,6415,59486,02/10/2021,17:36:53,15,1,28.3,1.0,43.0,42.8,2,1,1.00,CYCLE,W
IND,208,6415,59486,02/10/2021,17:37:14,15,1,28.9,1.0,21.3,21.2,2,1,1.00,CYCLE,W
IND,208,6415,59486,02/10/2021,17:37:32,15,1,33.4,1.0,17.8,17.7,2,1,1.00,CYCLE,W
IND,208,6415,59486,02/10/2021,17:37:33,15,1,23.7,1.0,1.2,1.1,2,1,1.00,CYCLE,W
IND,208,6415,59485,02/10/2021,17:37:47,15,0,19.6,1.0,83.5,83.5,2,1,1.00,CYCLE,E
IND,208,6415,59486,02/10/2021,17:38:07,15,1,18.9,1.1,33.8,33.7,2,1,1.00,CYCLE,W
IND,208,6415,59486,02/10/2021,17:38:09,15,1,18.6,1.1,2.0,1.8,2,1,1.00,CYCLE,W
IND,208,6415,59485,02/10/2021,17:39:51,15,0,13.5,1.1,124.0,123.8,2,1,1.00,CYCLE,E
IND,208,6415,59485,02/10/2021,17:39:52,15,0,13.9,1.1,1.1,0.8,2,1,1.00,CYCLE,E
IND,208,6415,59485,02/10/2021,17:39:53,15,0,13.7,1.0,1.1,0.8,2,1,1.00,CYCLE,E
IND,208,6415,59486,02/10/2021,17:41:20,15,1,34.2,1.0,191.5,191.3,2,1,1.00,CYCLE,W
IND,208,6415,59485,02/10/2021,17:41:36,15,0,21.3,1.0,102.6,102.3,2,1,1.00,CYCLE,E
IND,208,6415,59485,02/10/2021,17:42:55,15,0,18.3,1.1,79.1,78.9,2,1,1.00,CYCLE,E
IND,208,6415,59485,02/10/2021,17:43:01,15,0,16.7,1.1,6.7,6.5,2,1,1.00,CYCLE,E
IND,208,6415,59485,02/10/2021,17:43:14,15,0,15.5,1.1,12.2,12.0,2,1,1.00,CYCLE,E
IND,208,6415,59485,02/10/2021,17:43:15,15,0,15.7,1.0,1.6,1.4,2,1,1.00,CYCLE,E
IND,208,6415,59486,02/10/2021,17:43:27,15,1,20.8,1.0,127.0,126.9,2,1,1.00,CYCLE,W
IND,208,6415,59486,02/10/2021,17:43:28,15,1,20.4,1.1,0.8,0.7,2,1,1.00,CYCLE,W
IND,208,6415,59485,02/10/2021,17:43:46,15,0,25.0,1.0,30.6,30.3,2,1,1.00,CYCLE,E
IND,208,6415,59486,02/10/2021,17:44:12,15,1,34.3,1.0,43.5,43.3,2,1,1.00,CYCLE,W
IND,208,6415,59486,02/10/2021,17:44:42,15,1,25.2,1.0,30.0,29.9,2,1,1.00,CYCLE,W
IND,208,6415,59486,02/10/2021,17:44:43,15,1,22.2,1.1,1.5,1.4,2,1,1.00,CYCLE,W
IND,208,6415,59485,02/10/2021,17:45:36,15,0,16.9,1.1,110.1,109.9,2,1,1.00,CYCLE,E
IND,208,6415,59485,02/10/2021,17:46:53,15,0,1.7,1.0,76.7,76.5,2,1,0.25,CYCLE,E
IND,208,6415,59486,02/10/2021,17:46:58,15,1,21.9,1.1,135.3,135.1,2,1,1.00,CYCLE,W
IND,208,6415,59486,02/10/2021,17:47:08,15,1,20.0,1.0,9.7,9.5,2,1,1.00,CYCLE,W
IND,208,6415,59486,02/10/2021,17:47:43,15,1,20.4,1.0,34.4,34.3,2,1,1.00,CYCLE,W
IND,208,6415,59486,02/10/2021,17:47:43,15,1,19.3,1.1,0.7,0.5,2,1,1.00,CYCLE,W
IND,208,6415,59486,02/10/2021,17:50:33,15,1,18.0,1.1,169.7,169.5,2,1,1.00,CYCLE,W
IND,208,6415,59486,02/10/2021,17:50:36,15,1,19.9,1.1,2.7,2.5,2,1,1.00,CYCLE,W
IND,208,6415,59486,02/10/2021,17:50:39,15,1,20.9,1.1,3.5,3.3,2,1,1.00,CYCLE,W
IND,208,6415,59485,02/10/2021,17:51:16,15,0,26.0,1.1,263.4,261.4,2,1,1.00,CYCLE,E
IND,208,6415,59486,02/10/2021,17:52:20,15,1,21.9,1.1,101.3,101.1,2,1,1.00,CYCLE,W
IND,208,6415,59485,02/10/2021,17:52:21,15,0,27.5,1.0,64.9,64.7,2,1,1.00,CYCLE,E
IND,208,6415,59485,02/10/2021,17:52:24,15,0,14.2,1.1,2.6,2.4,2,1,1.00,CYCLE,E
IND,208,6415,59486,02/10/2021,17:53:38,15,1,22.3,1.0,77.1,76.9,2,1,1.00,CYCLE,W
IND,208,6415,59486,02/10/2021,17:53:43,15,1,23.9,1.0,5.8,5.6,2,1,1.00,CYCLE,W
IND,208,6415,59485,02/10/2021,17:54:01,15,0,18.7,1.0,97.0,96.8,2,1,1.00,CYCLE,E
IND,208,6415,59485,02/10/2021,17:54:01,15,0,18.7,1.0,0.0,0.0,2,1,1.00,CYCLE,E
IND,208,6415,59485,02/10/2021,17:54:13,15,0,16.2,1.1,12.5,12.2,2,1,1.00,CYCLE,E
IND,208,6415,59485,02/10/2021,17:54:15,15,0,14.3,1.1,2.3,2.0,2,1,1.00,CYCLE,E
IND,208,6415,59486,02/10/2021,17:56:36,15,1,33.1,1.0,172.6,172.5,2,1,1.00,CYCLE,W
IND,208,6415,59485,02/10/2021,17:58:49,15,0,20.8,1.0,273.8,273.5,2,1,1.00,CYCLE,E
IND,208,6415,59485,02/10/2021,18:00:12,15,0,16.0,1.0,82.8,82.6,2,1,1.00,CYCLE,E
IND,208,6415,59485,02/10/2021,18:00:12,15,0,16.0,1.0,0.0,0.0,2,1,1.00,CYCLE,E
IND,208,6415,59486,02/10/2021,18:01:20,15,1,18.7,1.1,284.2,284.1,2,1,1.00,CYCLE,W
IND,208,6415,59486,02/10/2021,18:01:21,15,1,18.4,1.0,1.1,0.9,2,1,1.00,CYCLE,W
IND,208,6415,59485,02/10/2021,18:02:48,15,0,19.2,1.0,156.6,156.2,2,1,1.00,CYCLE,E
IND,208,6415,59485,02/10/2021,18:03:01,15,0,17.6,1.1,12.6,12.4,2,1,1.00,CYCLE,E
IND,208,6415,59485,02/10/2021,18:03:02,15,0,17.6,1.1,0.7,0.5,2,1,1.00,CYCLE,E
IND,208,6415,59485,02/10/2021,18:03:40,15,0,16.2,1.1,38.2,37.9,2,1,1.00,CYCLE,E
IND,208,6415,59486,02/10/2021,18:05:45,15,1,2.3,0.4,264.1,264.4,2,1,0.80,CYCLE,W
IND,208,6415,59486,02/10/2021,18:07:47,15,1,24.5,1.0,121.8,120.7,2,1,1.00,CYCLE,W
IND,208,6415,59486,02/10/2021,18:07:52,15,1,23.2,1.0,4.5,4.4,2,1,1.00,CYCLE,W
IND,208,6415,59485,02/10/2021,18:09:56,15,0,20.7,1.0,292.4,292.4,2,1,1.00,CYCLE,E
IND,208,6415,59485,02/10/2021,18:10:48,15,0,23.8,1.1,51.5,51.3,2,1,1.00,CYCLE,E
IND,208,6415,59486,02/10/2021,18:10:55,15,1,27.3,1.0,183.4,183.2,2,1,1.00,CYCLE,W
IND,208,6415,59485,02/10/2021,18:11:42,15,0,27.9,1.0,54.4,54.3,2,1,1.00,CYCLE,E
IND,208,6415,59486,02/10/2021,18:12:02,15,1,15.1,1.1,66.7,66.6,2,1,1.00,CYCLE,W
IND,208,6415,59486,02/10/2021,18:14:19,15,1,22.6,1.0,136.9,136.6,2,1,1.00,CYCLE,W
IND,208,6415,59486,02/10/2021,18:14:19,15,1,21.3,1.1,0.7,0.6,2,1,1.00,CYCLE,W
IND,208,6415,59486,02/10/2021,18:15:06,15,1,24.4,1.0,46.9,46.7,2,1,1.00,CYCLE,W
IND,208,6415,59486,02/10/2021,18:17:32,15,1,21.7,1.1,145.6,145.5,2,1,1.00,CYCLE,W
IND,208,6415,59485,02/10/2021,18:19:32,15,0,22.9,0.9,470.5,470.3,2,1,1.00,CYCLE,E
IND,208,6415,59486,02/10/2021,18:19:43,15,1,30.8,1.0,130.8,130.6,2,1,1.00,CYCLE,W
IND,208,6415,59486,02/10/2021,18:22:19,15,1,21.2,1.0,156.3,156.2,2,1,1.00,CYCLE,W
IND,208,6415,59486,02/10/2021,18:22:23,15,1,21.2,1.0,3.7,3.5,2,1,1.00,CYCLE,W
IND,208,6415,59486,02/10/2021,18:26:08,15,1,28.2,1.0,225.3,225.1,2,1,1.00,CYCLE,W
IND,208,6415,59486,02/10/2021,18:26:12,15,1,26.7,1.0,4.0,3.9,2,1,1.00,CYCLE,W
IND,208,6415,59486,02/10/2021,18:31:48,15,1,18.7,0.9,336.5,336.4,2,1,1.00,CYCLE,W
IND,208,6415,59486,02/10/2021,18:31:49,15,1,20.9,0.9,0.6,0.5,2,1,1.00,CYCLE,W
IND,208,6415,59486,02/10/2021,18:32:57,15,1,28.5,0.9,67.6,67.4,2,1,1.00,CYCLE,W
IND,208,6415,59485,02/10/2021,18:36:41,15,0,22.5,1.1,1028.9,1028.8,2,1,1.00,CYCLE,E
IND,208,6415,59485,02/10/2021,18:37:24,15,0,24.7,1.1,42.5,42.3,2,1,1.00,CYCLE,E
IND,208,6415,59486,02/10/2021,18:38:40,15,1,23.6,1.0,342.9,342.8,2,1,1.00,CYCLE,W
IND,208,6415,59486,02/10/2021,18:40:04,15,1,26.8,1.1,84.7,84.5,2,1,1.00,CYCLE,W
IND,208,6415,59486,02/10/2021,18:41:12,15,1,23.8,0.9,67.7,67.6,2,1,1.00,CYCLE,W
IND,208,6415,59486,02/10/2021,18:41:59,15,1,28.2,1.0,47.1,46.9,2,1,1.00,CYCLE,W
IND,208,6415,59485,02/10/2021,18:42:44,15,0,14.3,1.1,320.1,319.9,2,1,1.00,CYCLE,E
IND,208,6415,59485,02/10/2021,18:43:44,15,0,16.7,1.1,60.5,60.2,2,1,1.00,CYCLE,E
IND,208,6415,59485,02/10/2021,18:44:38,15,0,27.2,1.1,53.3,53.0,2,1,1.00,CYCLE,E
IND,208,6415,59486,02/10/2021,18:49:38,15,1,26.9,1.1,458.6,458.4,2,1,1.00,CYCLE,W
IND,208,6415,59485,02/10/2021,18:57:18,15,0,15.9,1.0,760.7,760.6,2,1,1.00,CYCLE,E
IND,208,6415,59485,02/10/2021,18:57:18,15,0,15.9,1.0,0.0,0.0,2,1,1.00,CYCLE,E
IND,208,6415,59485,02/10/2021,18:59:24,15,0,25.7,1.0,126.0,125.4,2,1,1.00,CYCLE,E
IND,208,6415,59486,02/10/2021,19:05:12,15,1,23.0,1.1,934.7,934.5,2,1,1.00,CYCLE,W
IND,208,6415,59486,02/10/2021,19:09:18,15,1,23.9,1.0,246.0,245.8,2,1,1.00,CYCLE,W
IND,208,6415,59486,02/10/2021,19:09:18,15,1,23.9,1.0,0.0,0.0,2,1,1.00,CYCLE,W
IND,208,6415,59486,02/10/2021,19:23:20,15,1,27.2,1.0,842.2,842.0,2,1,1.00,CYCLE,W
IND,208,6415,59486,02/10/2021,19:23:20,15,1,27.2,1.0,0.0,0.0,2,1,1.00,CYCLE,W
IND,208,6415,59485,02/10/2021,19:26:49,15,0,23.2,1.1,91.3,91.0,2,1,1.00,CYCLE,E
IND,208,6415,59486,02/10/2021,19:29:42,15,1,31.5,1.0,381.3,381.1,2,1,1.00,CYCLE,W
IND,208,6415,59485,02/10/2021,19:32:09,15,0,19.5,1.0,319.3,319.1,2,1,1.00,CYCLE,E
IND,208,6415,59485,02/10/2021,19:33:40,15,0,21.3,1.1,91.4,91.3,2,1,1.00,CYCLE,E
IND,208,6415,59486,02/10/2021,19:34:08,15,1,33.1,1.1,266.5,266.3,2,1,1.00,CYCLE,W
IND,208,6415,59486,02/10/2021,19:37:42,15,1,21.6,1.1,213.5,213.4,2,1,1.00,CYCLE,W
IND,208,6415,59485,02/10/2021,19:43:59,15,0,18.8,1.2,619.0,618.8,2,1,1.00,CYCLE,E
IND,208,6415,59486,02/10/2021,19:46:28,15,1,29.6,1.1,525.8,525.6,2,1,1.00,CYCLE,W
IND,208,6415,59485,02/10/2021,19:52:08,15,0,28.8,1.1,489.2,489.0,2,1,1.00,CYCLE,E
IND,208,6415,59486,02/10/2021,19:52:53,15,1,20.9,1.0,385.7,385.6,2,1,1.00,CYCLE,W
IND,208,6415,59485,02/10/2021,19:55:43,15,0,25.4,1.0,214.6,214.5,2,1,1.00,CYCLE,E
IND,208,6415,59485,02/10/2021,19:56:47,15,0,18.3,1.0,63.7,63.6,2,1,1.00,CYCLE,E
IND,208,6415,59486,02/10/2021,19:57:58,15,1,26.5,1.0,304.5,304.3,2,1,1.00,CYCLE,W
IND,208,6415,59485,02/10/2021,19:59:39,15,0,28.3,1.0,171.9,171.7,2,1,1.00,CYCLE,E
IND,208,6415,59486,02/10/2021,20:18:31,15,1,18.8,1.0,1232.9,1232.8,2,1,1.00,CYCLE,W
IND,208,6415,59485,02/10/2021,20:34:57,15,0,12.7,1.1,2119.0,2118.8,2,1,1.00,CYCLE,E
IND,208,6415,59486,02/10/2021,20:38:41,15,1,28.5,1.0,1210.8,1210.6,2,1,1.00,CYCLE,W
IND,208,6415,59485,02/10/2021,20:59:25,15,0,24.1,1.0,1467.2,1466.9,2,1,1.00,CYCLE,E
IND,208,6415,59485,02/10/2021,21:09:17,15,0,21.4,1.0,592.3,592.2,2,1,1.00,CYCLE,E
IND,208,6415,59486,02/10/2021,21:16:33,15,1,25.4,1.1,551.6,550.7,2,1,1.00,CYCLE,W
IND,208,6415,59485,02/10/2021,21:29:21,15,0,25.1,1.1,1204.1,1203.9,2,1,1.00,CYCLE,E
IND,208,6415,59485,02/10/2021,21:41:47,15,0,33.6,1.0,746.2,746.0,2,1,1.00,CYCLE,E
IND,208,6415,59485,02/10/2021,22:02:42,15,0,20.1,1.0,1254.7,1254.6,2,1,1.00,CYCLE,E
IND,208,6415,59485,02/10/2021,23:00:17,15,0,21.0,1.1,3455.4,3455.2,2,1,1.00,CYCLE,E
IND,208,6415,59486,03/10/2021,02:04:24,15,1,33.0,1.0,17271.6,17271.4,2,1,1.00,CYCLE,W
IND,208,6415,59485,03/10/2021,02:11:42,15,0,30.7,1.1,11484.7,11484.5,2,1,1.00,CYCLE,E
IND,208,6415,59485,03/10/2021,04:24:37,15,0,24.8,1.0,7975.3,7975.1,2,1,1.00,CYCLE,E
IND,208,6415,59486,03/10/2021,04:30:23,15,1,22.6,1.1,8758.5,8758.4,2,1,1.00,CYCLE,W
IND,208,6415,59486,03/10/2021,04:45:51,15,1,28.4,1.0,928.5,928.3,2,1,1.00,CYCLE,W
IND,208,6415,59486,03/10/2021,05:00:53,15,1,26.6,1.0,901.6,901.4,2,1,1.00,CYCLE,W
IND,208,6415,59485,03/10/2021,05:23:36,15,0,17.1,1.0,3538.5,3538.3,2,1,1.00,CYCLE,E
IND,208,6415,59485,03/10/2021,05:34:35,15,0,26.7,1.0,659.3,659.0,2,1,1.00,CYCLE,E
IND,208,6415,59486,03/10/2021,06:00:26,15,1,24.6,1.0,3573.3,3573.1,2,1,1.00,CYCLE,W
IND,208,6415,59486,03/10/2021,06:03:56,15,1,27.6,1.1,210.0,209.9,2,1,1.00,CYCLE,W
IND,208,6415,59485,03/10/2021,06:04:33,15,0,24.8,1.1,1798.4,1798.3,2,1,1.00,CYCLE,E
IND,208,6415,59485,03/10/2021,06:05:23,15,0,17.7,1.0,49.6,49.4,2,1,1.00,CYCLE,E
IND,208,6415,59486,03/10/2021,06:07:30,15,1,28.8,1.0,214.2,214.1,2,1,1.00,CYCLE,W
IND,208,6415,59486,03/10/2021,06:07:54,15,1,33.9,1.0,23.4,23.2,2,1,1.00,CYCLE,W
IND,208,6415,59486,03/10/2021,06:08:00,15,1,28.4,1.0,6.4,6.3,2,1,1.00,CYCLE,W
IND,208,6415,59485,03/10/2021,06:08:03,15,0,23.5,1.0,160.4,160.2,2,1,1.00,CYCLE,E
IND,208,6415,59485,03/10/2021,06:08:04,15,0,23.3,1.0,0.4,0.3,2,1,1.00,CYCLE,E
IND,208,6415,59485,03/10/2021,06:08:05,15,0,22.2,1.0,0.7,0.5,2,1,1.00,CYCLE,E
IND,208,6415,59486,03/10/2021,06:10:34,15,1,28.1,1.0,154.2,154.1,2,1,1.00,CYCLE,W
IND,208,6415,59486,03/10/2021,06:13:44,15,1,34.5,1.0,190.0,189.8,2,1,1.00,CYCLE,W
IND,208,6415,59486,03/10/2021,06:16:56,15,1,23.6,1.0,192.2,192.1,2,1,1.00,CYCLE,W
IND,208,6415,59486,03/10/2021,06:16:56,15,1,23.6,1.0,0.0,0.0,2,1,1.00,CYCLE,W
IND,208,6415,59485,03/10/2021,06:17:14,15,0,27.7,1.1,549.0,548.9,2,1,1.00,CYCLE,E
IND,208,6415,59486,03/10/2021,06:22:08,15,1,28.6,1.0,311.1,310.9,2,1,1.00,CYCLE,W
IND,208,6415,59485,03/10/2021,06:26:08,15,0,26.6,1.0,534.3,534.1,2,1,1.00,CYCLE,E
IND,208,6415,59485,03/10/2021,06:26:24,15,0,23.4,1.0,16.1,16.0,2,1,1.00,CYCLE,E
IND,208,6415,59485,03/10/2021,06:26:24,15,0,23.4,1.0,0.0,0.0,2,1,1.00,CYCLE,E
IND,208,6415,59486,03/10/2021,06:26:58,15,1,27.3,1.0,290.0,289.9,2,1,1.00,CYCLE,W
IND,208,6415,59486,03/10/2021,06:28:34,15,1,25.7,1.1,96.1,96.0,2,1,1.00,CYCLE,W
IND,208,6415,59486,03/10/2021,06:28:38,15,1,27.7,1.0,4.3,4.2,2,1,1.00,CYCLE,W
IND,208,6415,59485,03/10/2021,06:29:49,15,0,25.0,1.0,204.8,204.5,2,1,1.00,CYCLE,E
IND,208,6415,59486,03/10/2021,06:30:22,15,1,24.9,1.1,104.2,104.1,2,1,1.00,CYCLE,W
IND,208,6415,59485,03/10/2021,06:30:23,15,0,17.5,1.0,34.6,34.4,2,1,1.00,CYCLE,E
IND,208,6415,59485,03/10/2021,06:30:23,15,0,17.5,1.0,0.0,0.0,2,1,1.00,CYCLE,E
IND,208,6415,59486,03/10/2021,06:30:27,15,1,24.4,1.0,5.2,5.1,2,1,1.00,CYCLE,W
IND,208,6415,59486,03/10/2021,06:30:46,15,1,22.5,1.0,18.5,18.3,2,1,1.00,CYCLE,W
IND,208,6415,59486,03/10/2021,06:30:47,15,1,25.3,1.0,1.3,1.1,2,1,1.00,CYCLE,W
IND,208,6415,59486,03/10/2021,06:31:51,15,1,28.0,1.0,63.3,63.2,2,1,1.00,CYCLE,W
IND,208,6415,59486,03/10/2021,06:31:51,15,1,28.0,1.0,0.0,0.0,2,1,1.00,CYCLE,W
IND,208,6415,59485,03/10/2021,06:32:07,15,0,23.5,1.0,103.7,103.4,2,1,1.00,CYCLE,E
IND,208,6415,59485,03/10/2021,06:32:07,15,0,23.5,1.0,0.0,0.0,2,1,1.00,CYCLE,E
IND,208,6415,59486,03/10/2021,06:33:02,15,1,31.7,1.0,71.2,71.0,2,1,1.00,CYCLE,W
IND,208,6415,59486,03/10/2021,06:35:45,15,1,13.5,1.0,163.7,163.6,2,1,1.00,CYCLE,W
IND,208,6415,59486,03/10/2021,06:35:50,15,1,17.5,1.0,4.1,3.8,2,1,1.00,CYCLE,W
IND,208,6415,59485,03/10/2021,06:36:07,15,0,7.7,1.0,239.9,239.6,2,1,1.00,CYCLE,E
IND,208,6415,59485,03/10/2021,06:36:11,15,0,15.0,1.0,4.0,3.5,2,1,1.00,CYCLE,E
IND,208,6415,59485,03/10/2021,06:38:46,15,0,23.6,1.0,155.1,154.9,2,1,1.00,CYCLE,E
IND,208,6415,59485,03/10/2021,06:38:46,15,0,23.6,1.0,0.0,0.0,2,1,1.00,CYCLE,E
IND,208,6415,59486,03/10/2021,06:39:08,15,1,33.6,1.0,198.1,197.9,2,1,1.00,CYCLE,W
IND,208,6415,59486,03/10/2021,06:39:10,15,1,31.2,1.0,2.1,2.0,2,1,1.00,CYCLE,W
IND,208,6415,59486,03/10/2021,06:46:01,15,1,25.9,1.1,410.9,410.8,2,1,1.00,CYCLE,W
IND,208,6415,59486,03/10/2021,06:46:35,15,1,27.0,1.1,34.7,34.6,2,1,1.00,CYCLE,W
IND,208,6415,59485,03/10/2021,06:47:21,15,0,22.3,1.1,515.3,515.0,2,1,1.00,CYCLE,E
IND,208,6415,59486,03/10/2021,06:49:57,15,1,24.8,1.1,201.4,201.3,2,1,1.00,CYCLE,W
IND,208,6415,59486,03/10/2021,06:49:57,15,1,26.1,1.1,0.2,0.1,2,1,1.00,CYCLE,W
IND,208,6415,59486,03/10/2021,06:51:32,15,1,25.0,1.0,94.8,94.7,2,1,1.00,CYCLE,W
IND,208,6415,59486,03/10/2021,06:51:32,15,1,25.9,1.0,0.4,0.2,2,1,0.36,CYCLE,W
IND,208,6415,59486,03/10/2021,06:51:32,15,1,25.9,1.0,0.0,0.0,2,1,0.36,CYCLE,W
IND,208,6415,59486,03/10/2021,06:51:32,15,1,25.9,1.0,0.0,0.0,2,1,0.36,CYCLE,W
IND,208,6415,59486,03/10/2021,06:51:35,15,1,22.9,1.0,2.7,2.4,2,1,1.00,CYCLE,W
IND,208,6415,59486,03/10/2021,06:51:36,15,1,22.7,1.0,0.8,0.6,2,1,0.57,CYCLE,W
IND,208,6415,59486,03/10/2021,06:51:36,15,1,22.7,1.0,0.0,0.0,2,1,0.57,CYCLE,W
IND,208,6415,59486,03/10/2021,06:51:40,15,1,24.8,1.1,4.0,3.8,2,1,1.00,CYCLE,W
IND,208,6415,59486,03/10/2021,06:51:40,15,1,25.1,1.0,0.5,0.3,2,1,1.00,CYCLE,W
IND,208,6415,59486,03/10/2021,06:51:42,15,1,26.3,1.0,2.0,1.8,2,1,1.00,CYCLE,W
IND,208,6415,59486,03/10/2021,06:51:43,15,1,26.7,1.0,0.9,0.8,2,1,1.00,CYCLE,W
IND,208,6415,59485,03/10/2021,06:52:05,15,0,25.1,1.0,283.9,283.8,2,1,1.00,CYCLE,E
IND,208,6415,59486,03/10/2021,06:52:49,15,1,25.8,1.0,66.2,66.1,2,1,1.00,CYCLE,W
IND,208,6415,59485,03/10/2021,06:52:52,15,0,18.3,1.0,46.9,46.7,2,1,1.00,CYCLE,E
IND,208,6415,59486,03/10/2021,06:54:02,15,1,22.2,1.0,73.1,73.0,2,1,1.00,CYCLE,W
IND,208,6415,59486,03/10/2021,06:54:06,15,1,27.6,1.0,3.3,3.1,2,1,1.00,CYCLE,W
IND,208,6415,59485,03/10/2021,06:55:20,15,0,23.1,1.1,147.7,147.5,2,1,1.00,CYCLE,E
IND,208,6415,59485,03/10/2021,06:55:25,15,0,19.5,1.1,5.3,5.1,2,1,1.00,CYCLE,E
IND,208,6415,59485,03/10/2021,06:56:30,15,0,28.9,1.0,65.3,65.1,2,1,1.00,CYCLE,E
IND,208,6415,59485,03/10/2021,06:59:24,15,0,23.3,1.1,173.2,173.1,2,1,1.00,CYCLE,E
IND,208,6415,59486,03/10/2021,07:02:40,15,1,23.7,1.1,23.2,22.8,2,1,1.00,CYCLE,W
IND,208,6415,59485,03/10/2021,07:02:50,15,0,22.2,1.0,206.3,206.2,2,1,1.00,CYCLE,E
IND,208,6415,59486,03/10/2021,07:02:52,15,1,29.5,1.1,12.2,12.0,2,1,1.00,CYCLE,W
IND,208,6415,59486,03/10/2021,07:02:53,15,1,29.3,1.1,0.6,0.5,2,1,1.00,CYCLE,W
IND,208,6415,59486,03/10/2021,07:02:59,15,1,28.6,1.0,5.8,5.7,2,1,1.00,CYCLE,W
IND,208,6415,59486,03/10/2021,07:03:52,15,1,28.4,1.0,52.9,52.8,2,1,1.00,CYCLE,W
IND,208,6415,59485,03/10/2021,07:03:58,15,0,6.6,1.0,67.9,67.7,2,1,0.50,CYCLE,E
IND,208,6415,59486,03/10/2021,07:03:58,15,1,6.6,1.0,0.0,0.0,2,1,0.50,CYCLE,W
IND,208,6415,59485,03/10/2021,07:04:37,15,0,22.1,1.1,38.8,38.1,2,1,1.00,CYCLE,E
IND,208,6415,59485,03/10/2021,07:05:38,15,0,26.9,1.1,61.5,61.4,2,1,1.00,CYCLE,E
IND,208,6415,59486,03/10/2021,07:06:19,15,1,32.5,1.0,147.6,147.5,2,1,1.00,CYCLE,W
IND,208,6415,59486,03/10/2021,07:06:20,15,1,33.3,1.0,0.6,0.5,2,1,1.00,CYCLE,W
IND,208,6415,59485,03/10/2021,07:06:27,15,0,18.1,1.0,49.1,49.0,2,1,1.00,CYCLE,E
IND,208,6415,59485,03/10/2021,07:06:28,15,0,22.6,1.0,0.8,0.6,2,1,1.00,CYCLE,E
IND,208,6415,59485,03/10/2021,07:06:29,15,0,22.4,1.0,0.5,0.3,2,1,1.00,CYCLE,E
IND,208,6415,59485,03/10/2021,07:06:30,15,0,22.9,1.0,1.3,1.2,2,1,1.00,CYCLE,E
IND,208,6415,59486,03/10/2021,07:06:53,15,1,26.9,1.1,33.5,33.5,2,1,1.00,CYCLE,W
IND,208,6415,59485,03/10/2021,07:07:31,15,0,32.6,1.1,29.6,29.6,2,1,1.00,CYCLE,E
IND,208,6415,59486,03/10/2021,07:07:54,15,1,25.4,1.0,60.1,60.0,2,1,1.00,CYCLE,W
IND,208,6415,59486,03/10/2021,07:07:54,15,1,24.5,1.1,0.5,0.3,2,1,1.00,CYCLE,W
IND,208,6415,59486,03/10/2021,07:08:39,15,1,29.2,1.1,45.1,44.9,2,1,1.00,CYCLE,W
IND,208,6415,59485,03/10/2021,07:08:52,15,0,26.4,1.1,80.8,80.7,2,1,1.00,CYCLE,E
IND,208,6415,59485,03/10/2021,07:09:48,15,0,24.2,1.0,56.4,56.2,2,1,1.00,CYCLE,E
IND,208,6415,59485,03/10/2021,07:09:48,15,0,24.2,1.0,0.0,0.0,2,1,1.00,CYCLE,E
IND,208,6415,59485,03/10/2021,07:12:29,15,0,24.5,1.0,161.3,161.1,2,1,1.00,CYCLE,E
IND,208,6415,59486,03/10/2021,07:14:09,15,1,32.0,1.0,330.4,330.3,2,1,1.00,CYCLE,W
IND,208,6415,59486,03/10/2021,07:14:09,15,1,32.0,1.0,0.0,0.0,2,1,1.00,CYCLE,W
IND,208,6415,59486,03/10/2021,07:14:23,15,1,23.3,1.1,13.3,13.2,2,1,1.00,CYCLE,W
IND,208,6415,59486,03/10/2021,07:15:10,15,1,24.3,1.0,46.7,46.6,2,1,1.00,CYCLE,W
IND,208,6415,59486,03/10/2021,07:15:10,15,1,24.3,1.0,0.0,0.0,2,1,1.00,CYCLE,W
IND,208,6415,59485,03/10/2021,07:17:22,15,0,23.5,1.0,292.7,292.6,2,1,1.00,CYCLE,E
IND,208,6415,59485,03/10/2021,07:17:22,15,0,23.5,1.0,0.0,0.0,2,1,1.00,CYCLE,E
IND,208,6415,59485,03/10/2021,07:17:23,15,0,23.4,1.0,0.7,0.4,2,1,1.00,CYCLE,E
IND,208,6415,59485,03/10/2021,07:17:23,15,0,23.4,1.0,0.0,0.0,2,1,1.00,CYCLE,E
IND,208,6415,59485,03/10/2021,07:19:59,15,0,23.5,1.0,156.4,156.2,2,1,1.00,CYCLE,E
IND,208,6415,59486,03/10/2021,07:22:15,15,1,29.2,1.0,425.4,425.2,2,1,1.00,CYCLE,W
IND,208,6415,59486,03/10/2021,07:24:38,15,1,27.7,1.0,143.0,142.8,2,1,1.00,CYCLE,W
IND,208,6415,59486,03/10/2021,07:25:48,15,1,23.8,1.1,69.7,69.6,2,1,1.00,CYCLE,W
IND,208,6415,59486,03/10/2021,07:26:10,15,1,24.4,1.1,22.1,21.9,2,1,1.00,CYCLE,W
IND,208,6415,59486,03/10/2021,07:27:57,15,1,26.4,1.1,107.4,107.3,2,1,1.00,CYCLE,W
IND,208,6415,59486,03/10/2021,07:28:28,15,1,23.3,1.1,30.5,30.4,2,1,1.00,CYCLE,W
IND,208,6415,59485,03/10/2021,07:29:46,15,0,19.8,1.0,586.8,586.7,2,1,1.00,CYCLE,E
IND,208,6415,59486,03/10/2021,07:30:44,15,1,47.2,1.0,136.7,136.5,2,1,1.00,CYCLE,W
IND,208,6415,59486,03/10/2021,07:33:03,15,1,29.1,1.0,138.6,138.5,2,1,1.00,CYCLE,W
IND,208,6415,59486,03/10/2021,07:33:03,15,1,29.5,1.0,0.4,0.3,2,1,1.00,CYCLE,W
IND,208,6415,59486,03/10/2021,07:33:04,15,1,29.2,1.0,0.9,0.8,2,1,1.00,CYCLE,W
IND,208,6415,59485,03/10/2021,07:33:42,15,0,24.6,1.0,37.0,37.0,2,1,1.00,CYCLE,E
IND,208,6415,59485,03/10/2021,07:36:33,15,0,20.7,1.1,171.6,171.5,2,1,1.00,CYCLE,E
IND,208,6415,59486,03/10/2021,07:36:35,15,1,30.9,1.0,210.4,210.3,2,1,1.00,CYCLE,W
IND,208,6415,59486,03/10/2021,07:37:32,15,1,20.3,1.0,57.3,57.2,2,1,1.00,CYCLE,W
IND,208,6415,59486,03/10/2021,07:37:33,15,1,19.7,1.0,1.0,0.9,2,1,1.00,CYCLE,W
IND,208,6415,59486,03/10/2021,07:38:10,15,1,29.5,1.0,37.4,37.2,2,1,1.00,CYCLE,W
IND,208,6415,59486,03/10/2021,07:38:11,15,1,28.4,1.1,0.6,0.5,2,1,1.00,CYCLE,W
IND,208,6415,59486,03/10/2021,07:38:12,15,1,28.3,1.0,1.2,1.0,2,1,1.00,CYCLE,W
IND,208,6415,59486,03/10/2021,07:38:13,15,1,27.7,1.0,0.4,0.3,2,1,1.00,CYCLE,W
IND,208,6415,59486,03/10/2021,07:38:51,15,1,26.9,1.1,38.7,38.5,2,1,1.00,CYCLE,W
IND,208,6415,59486,03/10/2021,07:40:07,15,1,26.0,1.0,76.2,76.1,2,1,1.00,CYCLE,W
IND,208,6415,59486,03/10/2021,07:40:18,15,1,30.4,1.1,10.5,10.4,2,1,1.00,CYCLE,W
IND,208,6415,59486,03/10/2021,07:40:19,15,1,29.9,1.0,0.8,0.7,2,1,1.00,CYCLE,W
IND,208,6415,59486,03/10/2021,07:40:43,15,1,25.5,1.1,24.2,24.1,2,1,1.00,CYCLE,W
IND,208,6415,59486,03/10/2021,07:41:36,15,1,30.1,1.1,53.0,52.8,2,1,1.00,CYCLE,W
IND,208,6415,59485,03/10/2021,07:42:12,15,0,23.8,1.1,339.3,339.1,2,1,1.00,CYCLE,E
IND,208,6415,59485,03/10/2021,07:42:40,15,0,24.4,1.0,27.3,27.1,2,1,1.00,CYCLE,E
IND,208,6415,59486,03/10/2021,07:42:51,15,1,25.2,1.0,75.0,74.9,2,1,1.00,CYCLE,W
IND,208,6415,59485,03/10/2021,07:43:19,15,0,16.8,1.1,38.8,38.6,2,1,1.00,CYCLE,E
IND,208,6415,59486,03/10/2021,07:44:15,15,1,23.6,1.1,84.3,84.2,2,1,1.00,CYCLE,W
IND,208,6415,59486,03/10/2021,07:44:48,15,1,22.6,1.0,33.1,33.0,2,1,1.00,CYCLE,W
IND,208,6415,59486,03/10/2021,07:44:53,15,1,26.0,1.0,4.6,4.4,2,1,1.00,CYCLE,W
IND,208,6415,59486,03/10/2021,07:44:54,15,1,25.0,1.0,0.9,0.8,2,1,1.00,CYCLE,W
IND,208,6415,59486,03/10/2021,07:44:55,15,1,24.0,1.0,0.9,0.8,2,1,1.00,CYCLE,W
IND,208,6415,59486,03/10/2021,07:44:56,15,1,24.1,1.0,0.9,0.7,2,1,1.00,CYCLE,W
IND,208,6415,59486,03/10/2021,07:45:47,15,1,22.2,1.0,51.6,51.5,2,1,1.00,CYCLE,W
IND,208,6415,59486,03/10/2021,07:48:00,15,1,27.2,1.1,132.4,132.3,2,1,1.00,CYCLE,W
IND,208,6415,59485,03/10/2021,07:48:26,15,0,12.4,1.1,307.3,307.1,2,1,1.00,CYCLE,E
IND,208,6415,59486,03/10/2021,07:49:13,15,1,24.5,1.0,73.1,73.0,2,1,1.00,CYCLE,W
IND,208,6415,59486,03/10/2021,07:49:26,15,1,27.7,1.0,13.2,13.0,2,1,1.00,CYCLE,W
IND,208,6415,59485,03/10/2021,07:49:53,15,0,28.1,1.0,87.5,87.2,2,1,1.00,CYCLE,E
IND,208,6415,59485,03/10/2021,07:50:58,15,0,17.3,1.1,64.9,64.8,2,1,1.00,CYCLE,E
IND,208,6415,59486,03/10/2021,07:53:04,15,1,22.8,1.1,217.7,217.6,2,1,1.00,CYCLE,W
IND,208,6415,59485,03/10/2021,07:53:13,15,0,18.1,1.1,134.3,134.1,2,1,1.00,CYCLE,E
IND,208,6415,59486,03/10/2021,07:53:42,15,1,24.0,1.0,38.2,38.0,2,1,1.00,CYCLE,W
IND,208,6415,59486,03/10/2021,07:53:44,15,1,24.6,1.1,2.2,2.0,2,1,1.00,CYCLE,W
IND,208,6415,59486,03/10/2021,07:54:04,15,1,28.7,1.0,19.8,19.6,2,1,1.00,CYCLE,W
IND,208,6415,59486,03/10/2021,07:54:04,15,1,26.6,1.0,0.4,0.3,2,1,1.00,CYCLE,W
IND,208,6415,59486,03/10/2021,07:54:05,15,1,23.3,1.1,0.4,0.3,2,1,1.00,CYCLE,W
IND,208,6415,59486,03/10/2021,07:54:14,15,1,23.6,1.0,8.8,8.7,2,1,1.00,CYCLE,W
IND,208,6415,59486,03/10/2021,07:54:15,15,1,23.4,1.1,1.8,1.6,2,1,1.00,CYCLE,W
IND,208,6415,59486,03/10/2021,07:55:02,15,1,32.2,1.0,47.0,46.8,2,1,1.00,CYCLE,W
IND,208,6415,59486,03/10/2021,07:55:10,15,1,25.4,1.1,7.3,7.2,2,1,1.00,CYCLE,W
IND,208,6415,59486,03/10/2021,07:55:12,15,1,24.7,1.0,2.3,2.1,2,1,1.00,CYCLE,W
IND,208,6415,59486,03/10/2021,07:56:14,15,1,24.9,1.1,62.1,61.9,2,1,1.00,CYCLE,W
IND,208,6415,59486,03/10/2021,07:56:15,15,1,25.8,1.0,0.9,0.7,2,1,1.00,CYCLE,W
IND,208,6415,59486,03/10/2021,07:56:16,15,1,24.6,1.0,1.3,1.1,2,1,1.00,CYCLE,W
IND,208,6415,59486,03/10/2021,07:57:51,15,1,26.0,1.0,94.9,94.7,2,1,1.00,CYCLE,W
IND,208,6415,59486,03/10/2021,07:57:51,15,1,26.0,1.0,0.0,0.0,2,1,1.00,CYCLE,W
IND,208,6415,59485,03/10/2021,07:59:30,15,0,21.8,1.1,377.2,377.0,2,1,1.00,CYCLE,E
IND,208,6415,59485,03/10/2021,08:00:23,15,0,23.7,1.0,53.4,53.2,2,1,1.00,CYCLE,E
IND,208,6415,59486,03/10/2021,08:00:50,15,1,15.5,1.0,178.9,178.8,2,1,1.00,CYCLE,W
IND,208,6415,59486,03/10/2021,08:00:51,15,1,16.5,1.0,1.5,1.2,2,1,1.00,CYCLE,W
IND,208,6415,59486,03/10/2021,08:00:54,15,1,16.9,1.0,2.9,2.7,2,1,1.00,CYCLE,W
IND,208,6415,59486,03/10/2021,08:00:56,15,1,18.8,1.0,1.9,1.6,2,1,1.00,CYCLE,W
IND,208,6415,59486,03/10/2021,08:01:12,15,1,29.8,1.0,15.7,15.4,2,1,1.00,CYCLE,W
IND,208,6415,59486,03/10/2021,08:01:13,15,1,29.6,1.1,0.8,0.6,2,1,1.00,CYCLE,W
IND,208,6415,59486,03/10/2021,08:01:15,15,1,2.1,0.5,2.6,3.1,2,1,0.80,CYCLE,W
IND,208,6415,59485,03/10/2021,08:01:57,15,0,23.8,1.0,25.4,25.4,2,1,1.00,CYCLE,E
IND,208,6415,59486,03/10/2021,08:04:21,15,1,29.4,1.0,186.0,185.2,2,1,1.00,CYCLE,W
IND,208,6415,59486,03/10/2021,08:04:29,15,1,25.4,1.0,7.3,7.2,2,1,1.00,CYCLE,W
IND,208,6415,59486,03/10/2021,08:04:43,15,1,29.2,1.0,14.4,14.2,2,1,1.00,CYCLE,W
IND,208,6415,59486,03/10/2021,08:05:30,15,1,20.2,1.1,46.5,46.4,2,1,1.00,CYCLE,W
IND,208,6415,59486,03/10/2021,08:05:30,15,1,28.8,1.0,0.3,0.1,2,1,1.00,CYCLE,W
IND,208,6415,59485,03/10/2021,08:05:50,15,0,24.2,1.0,232.5,232.4,2,1,1.00,CYCLE,E
IND,208,6415,59485,03/10/2021,08:05:50,15,0,24.3,1.0,0.5,0.3,2,1,1.00,CYCLE,E
IND,208,6415,59486,03/10/2021,08:07:36,15,1,31.4,1.0,126.4,126.3,2,1,1.00,CYCLE,W
IND,208,6415,59485,03/10/2021,08:07:45,15,0,20.0,1.0,114.4,114.2,2,1,1.00,CYCLE,E
IND,208,6415,59485,03/10/2021,08:08:04,15,0,17.2,1.0,19.5,19.3,2,1,1.00,CYCLE,E
IND,208,6415,59485,03/10/2021,08:08:05,15,0,16.0,1.1,0.4,0.2,2,1,1.00,CYCLE,E
IND,208,6415,59485,03/10/2021,08:08:12,15,0,19.2,1.1,7.7,7.4,2,1,1.00,CYCLE,E
IND,208,6415,59486,03/10/2021,08:08:15,15,1,19.6,1.0,38.3,38.2,2,1,1.00,CYCLE,W
IND,208,6415,59485,03/10/2021,08:09:17,15,0,18.9,1.0,64.8,64.6,2,1,1.00,CYCLE,E
IND,208,6415,59485,03/10/2021,08:09:26,15,0,24.5,1.0,8.5,8.3,2,1,1.00,CYCLE,E
IND,208,6415,59486,03/10/2021,08:09:32,15,1,23.2,1.1,77.8,77.6,2,1,1.00,CYCLE,W
IND,208,6415,59486,03/10/2021,08:09:46,15,1,27.0,1.0,13.5,13.4,2,1,1.00,CYCLE,W
IND,208,6415,59486,03/10/2021,08:10:04,15,1,12.7,1.1,17.7,17.7,2,1,1.00,CYCLE,W
IND,208,6415,59486,03/10/2021,08:10:04,15,1,12.9,1.1,0.8,0.5,2,1,1.00,CYCLE,W
IND,208,6415,59486,03/10/2021,08:10:40,15,1,28.1,1.0,35.7,35.4,2,1,1.00,CYCLE,W
IND,208,6415,59486,03/10/2021,08:11:25,15,1,12.6,1.1,45.3,45.2,2,1,1.00,CYCLE,W
IND,208,6415,59486,03/10/2021,08:11:33,15,1,30.4,1.0,7.2,6.8,2,1,1.00,CYCLE,W
IND,208,6415,59486,03/10/2021,08:11:39,15,1,24.1,1.0,6.6,6.5,2,1,1.00,CYCLE,W
IND,208,6415,59485,03/10/2021,08:12:30,15,0,26.5,1.0,184.7,184.5,2,1,1.00,CYCLE,E
IND,208,6415,59486,03/10/2021,08:12:39,15,1,31.8,1.0,60.1,60.0,2,1,1.00,CYCLE,W
IND,208,6415,59485,03/10/2021,08:13:31,15,0,25.8,1.0,60.4,60.2,2,1,1.00,CYCLE,E
IND,208,6415,59485,03/10/2021,08:13:31,15,0,25.2,1.0,0.4,0.2,2,1,1.00,CYCLE,E
IND,208,6415,59486,03/10/2021,08:13:33,15,1,29.6,1.0,53.4,53.3,2,1,1.00,CYCLE,W
IND,208,6415,59485,03/10/2021,08:13:41,15,0,26.4,1.0,9.6,9.5,2,1,1.00,CYCLE,E
IND,208,6415,59485,03/10/2021,08:13:42,15,0,25.7,1.0,0.9,0.7,2,1,1.00,CYCLE,E
IND,208,6415,59486,03/10/2021,08:15:11,15,1,27.6,1.1,97.8,97.7,2,1,1.00,CYCLE,W
IND,208,6415,59486,03/10/2021,08:15:11,15,1,27.9,1.0,0.6,0.5,2,1,1.00,CYCLE,W
IND,208,6415,59486,03/10/2021,08:16:45,15,1,20.9,1.0,93.8,93.7,2,1,1.00,CYCLE,W
IND,208,6415,59485,03/10/2021,08:16:48,15,0,25.9,1.0,186.1,186.0,2,1,1.00,CYCLE,E
IND,208,6415,59485,03/10/2021,08:16:56,15,0,26.4,1.0,8.7,8.6,2,1,1.00,CYCLE,E
IND,208,6415,59485,03/10/2021,08:16:58,15,0,25.1,1.0,1.5,1.4,2,1,1.00,CYCLE,E
IND,208,6415,59485,03/10/2021,08:17:01,15,0,26.4,1.0,3.3,3.2,2,1,1.00,CYCLE,E
IND,208,6415,59486,03/10/2021,08:17:04,15,1,29.3,1.0,19.5,19.3,2,1,1.00,CYCLE,W
IND,208,6415,59486,03/10/2021,08:17:05,15,1,29.2,1.0,0.2,0.1,2,1,1.00,CYCLE,W
IND,208,6415,59485,03/10/2021,08:17:39,15,0,23.3,1.1,37.3,37.1,2,1,1.00,CYCLE,E
IND,208,6415,59485,03/10/2021,08:17:39,15,0,24.2,1.0,0.3,0.1,2,1,1.00,CYCLE,E
IND,208,6415,59486,03/10/2021,08:17:55,15,1,28.4,1.0,50.5,50.3,2,1,1.00,CYCLE,W
IND,208,6415,59486,03/10/2021,08:19:28,15,1,25.7,1.0,92.5,92.3,2,1,1.00,CYCLE,W
IND,208,6415,59486,03/10/2021,08:19:28,15,1,26.0,0.9,0.3,0.2,2,1,1.00,CYCLE,W
IND,208,6415,59486,03/10/2021,08:19:28,15,1,25.4,1.0,0.3,0.1,2,1,0.80,CYCLE,W
IND,208,6415,59486,03/10/2021,08:19:58,15,1,30.4,1.0,30.1,29.9,2,1,1.00,CYCLE,W
IND,208,6415,59485,03/10/2021,08:20:54,15,0,21.2,1.0,178.2,177.8,2,1,1.00,CYCLE,E
IND,208,6415,59486,03/10/2021,08:21:06,15,1,26.1,1.1,67.9,67.8,2,1,1.00,CYCLE,W
IND,208,6415,59486,03/10/2021,08:21:07,15,1,25.8,1.0,0.4,0.2,2,1,1.00,CYCLE,W
IND,208,6415,59485,03/10/2021,08:22:16,15,0,22.9,1.0,82.5,82.3,2,1,1.00,CYCLE,E
IND,208,6415,59485,03/10/2021,08:23:44,15,0,20.7,1.0,87.4,87.2,2,1,1.00,CYCLE,E
IND,208,6415,59486,03/10/2021,08:25:02,15,1,23.8,1.0,235.6,235.5,2,1,1.00,CYCLE,W
IND,208,6415,59486,03/10/2021,08:25:04,15,1,25.6,1.0,2.1,2.0,2,1,1.00,CYCLE,W
IND,208,6415,59485,03/10/2021,08:25:09,15,0,17.4,1.0,85.3,85.1,2,1,1.00,CYCLE,E
IND,208,6415,59485,03/10/2021,08:25:15,15,0,19.3,1.0,5.7,5.5,2,1,1.00,CYCLE,E
IND,208,6415,59486,03/10/2021,08:26:17,15,1,22.1,1.0,72.9,72.8,2,1,1.00,CYCLE,W
IND,208,6415,59486,03/10/2021,08:27:00,15,1,25.7,1.1,43.1,42.9,2,1,1.00,CYCLE,W
IND,208,6415,59486,03/10/2021,08:27:02,15,1,23.4,1.0,1.5,1.4,2,1,1.00,CYCLE,W
IND,208,6415,59486,03/10/2021,08:27:15,15,1,26.9,1.0,12.8,12.6,2,1,1.00,CYCLE,W
IND,208,6415,59486,03/10/2021,08:28:37,15,1,24.2,1.0,82.4,82.2,2,1,1.00,CYCLE,W
IND,208,6415,59486,03/10/2021,08:28:38,15,1,24.9,1.1,1.3,1.2,2,1,1.00,CYCLE,W
IND,208,6415,59485,03/10/2021,08:29:50,15,0,20.1,1.0,275.8,275.6,2,1,1.00,CYCLE,E
IND,208,6415,59486,03/10/2021,08:30:03,15,1,5.3,1.0,39.2,38.2,2,1,0.50,CYCLE,W
IND,208,6415,59486,03/10/2021,08:30:54,15,1,24.5,1.1,51.4,50.5,2,1,1.00,CYCLE,W
IND,208,6415,59486,03/10/2021,08:31:31,15,1,25.2,1.0,37.0,36.9,2,1,1.00,CYCLE,W
IND,208,6415,59486,03/10/2021,08:34:51,15,1,22.2,1.0,200.1,200.0,2,1,1.00,CYCLE,W
IND,208,6415,59486,03/10/2021,08:34:51,15,1,22.2,1.0,0.0,0.0,2,1,1.00,CYCLE,W
IND,208,6415,59486,03/10/2021,08:34:55,15,1,24.2,1.0,3.5,3.3,2,1,1.00,CYCLE,W
IND,208,6415,59486,03/10/2021,08:36:37,15,1,29.9,1.0,102.6,102.4,2,1,1.00,CYCLE,W
IND,208,6415,59485,03/10/2021,08:37:07,15,0,25.3,1.0,436.9,436.8,2,1,1.00,CYCLE,E
IND,208,6415,59485,03/10/2021,08:37:08,15,0,25.9,1.1,0.5,0.3,2,1,1.00,CYCLE,E
IND,208,6415,59486,03/10/2021,08:37:11,15,1,32.2,1.0,34.0,33.9,2,1,1.00,CYCLE,W
IND,208,6415,59486,03/10/2021,08:37:12,15,1,32.1,1.0,0.7,0.6,2,1,1.00,CYCLE,W
IND,208,6415,59485,03/10/2021,08:37:41,15,0,23.2,1.1,33.2,33.1,2,1,1.00,CYCLE,E
IND,208,6415,59485,03/10/2021,08:38:10,15,0,16.2,1.0,29.2,29.0,2,1,1.00,CYCLE,E
IND,208,6415,59486,03/10/2021,08:40:45,15,1,23.0,1.0,212.5,212.4,2,1,1.00,CYCLE,W
IND,208,6415,59486,03/10/2021,08:40:47,15,1,24.9,1.1,2.0,1.8,2,1,1.00,CYCLE,W
IND,208,6415,59486,03/10/2021,08:40:47,15,1,25.3,1.1,0.8,0.6,2,1,1.00,CYCLE,W
IND,208,6415,59486,03/10/2021,08:40:48,15,1,23.6,1.0,1.1,1.0,2,1,1.00,CYCLE,W
IND,208,6415,59485,03/10/2021,08:41:17,15,0,24.5,1.0,186.9,186.7,2,1,1.00,CYCLE,E
IND,208,6415,59486,03/10/2021,08:41:56,15,1,21.4,1.0,67.5,67.4,2,1,1.00,CYCLE,W
IND,208,6415,59486,03/10/2021,08:41:57,15,1,23.4,1.0,0.5,0.4,2,1,1.00,CYCLE,W
IND,208,6415,59485,03/10/2021,08:42:00,15,0,20.6,1.0,43.2,43.1,2,1,1.00,CYCLE,E
IND,208,6415,59485,03/10/2021,08:42:03,15,0,19.8,1.1,2.2,2.0,2,1,1.00,CYCLE,E
IND,208,6415,59486,03/10/2021,08:42:23,15,1,6.0,0.7,26.4,26.5,2,1,0.80,CYCLE,W
IND,208,6415,59486,03/10/2021,08:42:27,15,1,21.3,1.0,3.6,3.0,2,1,1.00,CYCLE,W
IND,208,6415,59486,03/10/2021,08:42:27,15,1,22.1,1.1,0.9,0.7,2,1,1.00,CYCLE,W
IND,208,6415,59486,03/10/2021,08:42:29,15,1,21.2,1.0,1.8,1.6,2,1,1.00,CYCLE,W
IND,208,6415,59486,03/10/2021,08:42:38,15,1,23.3,1.0,8.7,8.5,2,1,1.00,CYCLE,W
IND,208,6415,59486,03/10/2021,08:42:42,15,1,23.6,1.0,4.2,4.1,2,1,1.00,CYCLE,W
IND,208,6415,59485,03/10/2021,08:43:08,15,0,21.2,1.1,65.0,64.8,2,1,1.00,CYCLE,E
IND,208,6415,59485,03/10/2021,08:43:35,15,0,14.8,1.1,27.8,27.6,2,1,1.00,CYCLE,E
IND,208,6415,59485,03/10/2021,08:43:45,15,0,15.9,1.1,9.9,9.7,2,1,1.00,CYCLE,E
IND,208,6415,59486,03/10/2021,08:46:32,15,1,27.8,1.1,229.7,229.6,2,1,1.00,CYCLE,W
IND,208,6415,59486,03/10/2021,08:46:34,15,1,24.8,1.0,2.4,2.3,2,1,1.00,CYCLE,W
IND,208,6415,59486,03/10/2021,08:46:35,15,1,27.9,0.9,0.7,0.5,2,1,1.00,CYCLE,W
IND,208,6415,59486,03/10/2021,08:47:21,15,1,18.0,1.1,46.2,46.1,2,1,1.00,CYCLE,W
IND,208,6415,59486,03/10/2021,08:47:22,15,1,31.7,1.0,1.3,1.1,2,1,1.00,CYCLE,W
IND,208,6415,59486,03/10/2021,08:48:02,15,1,23.9,1.0,40.0,39.9,2,1,1.00,CYCLE,W
IND,208,6415,59486,03/10/2021,08:48:03,15,1,22.9,1.0,0.7,0.6,2,1,1.00,CYCLE,W
IND,208,6415,59485,03/10/2021,08:48:10,15,0,19.2,1.0,264.3,264.1,2,1,1.00,CYCLE,E
IND,208,6415,59485,03/10/2021,08:49:00,15,0,24.8,1.0,50.4,50.2,2,1,1.00,CYCLE,E
IND,208,6415,59486,03/10/2021,08:49:27,15,1,29.7,1.0,83.5,83.4,2,1,1.00,CYCLE,W
IND,208,6415,59486,03/10/2021,08:49:53,15,1,25.7,1.0,26.5,26.4,2,1,1.00,CYCLE,W
IND,208,6415,59486,03/10/2021,08:49:56,15,1,26.2,1.0,3.3,3.2,2,1,1.00,CYCLE,W
IND,208,6415,59485,03/10/2021,08:51:08,15,0,25.0,1.0,27.7,27.0,2,1,1.00,CYCLE,E
IND,208,6415,59485,03/10/2021,08:52:03,15,0,19.9,1.0,54.8,54.7,2,1,1.00,CYCLE,E
IND,208,6415,59485,03/10/2021,08:52:06,15,0,20.6,1.0,2.9,2.7,2,1,1.00,CYCLE,E
IND,208,6415,59485,03/10/2021,08:52:39,15,0,24.7,1.0,33.0,32.8,2,1,1.00,CYCLE,E
IND,208,6415,59485,03/10/2021,08:54:05,15,0,19.3,1.1,86.0,85.9,2,1,1.00,CYCLE,E
IND,208,6415,59485,03/10/2021,08:54:05,15,0,20.5,1.1,0.8,0.6,2,1,1.00,CYCLE,E
IND,208,6415,59485,03/10/2021,08:54:09,15,0,22.6,1.1,3.5,3.3,2,1,1.00,CYCLE,E
IND,208,6415,59486,03/10/2021,08:56:18,15,1,29.6,1.0,382.0,381.9,2,1,1.00,CYCLE,W
IND,208,6415,59486,03/10/2021,08:56:34,15,1,22.8,1.0,15.2,15.1,2,1,1.00,CYCLE,W
IND,208,6415,59486,03/10/2021,08:56:35,15,1,21.9,1.1,1.7,1.5,2,1,1.00,CYCLE,W
IND,208,6415,59486,03/10/2021,08:57:11,15,1,35.2,1.0,35.2,35.0,2,1,1.00,CYCLE,W
IND,208,6415,59486,03/10/2021,08:57:16,15,1,23.7,1.0,5.8,5.8,2,1,1.00,CYCLE,W
IND,208,6415,59486,03/10/2021,08:57:29,15,1,21.6,1.1,12.7,12.5,2,1,1.00,CYCLE,W
IND,208,6415,59486,03/10/2021,08:57:31,15,1,20.8,1.1,2.4,2.3,2,1,1.00,CYCLE,W
IND,208,6415,59485,03/10/2021,08:57:33,15,0,18.6,1.1,169.0,169.0,2,1,1.00,CYCLE,E
IND,208,6415,59485,03/10/2021,08:57:39,15,0,23.4,1.0,6.0,5.8,2,1,1.00,CYCLE,E
IND,208,6415,59486,03/10/2021,08:57:39,15,1,25.0,1.0,8.0,7.8,2,1,1.00,CYCLE,W
IND,208,6415,59485,03/10/2021,08:57:41,15,0,15.5,1.0,1.6,1.4,2,1,1.00,CYCLE,E
IND,208,6415,59486,03/10/2021,08:58:22,15,1,28.5,1.0,42.2,42.1,2,1,1.00,CYCLE,W
IND,208,6415,59486,03/10/2021,08:58:24,15,1,32.5,1.0,2.6,2.5,2,1,1.00,CYCLE,W
IND,208,6415,59485,03/10/2021,08:59:25,15,0,22.7,1.0,104.0,103.8,2,1,1.00,CYCLE,E
IND,208,6415,59485,03/10/2021,08:59:28,15,0,23.5,1.0,3.7,3.6,2,1,1.00,CYCLE,E
IND,208,6415,59485,03/10/2021,08:59:29,15,0,22.1,1.0,0.5,0.4,2,1,1.00,CYCLE,E
IND,208,6415,59485,03/10/2021,09:00:01,15,0,21.6,1.0,32.4,32.3,2,1,1.00,CYCLE,E
IND,208,6415,59486,03/10/2021,09:00:24,15,1,28.8,1.1,57.9,57.1,2,1,1.00,CYCLE,W
IND,208,6415,59486,03/10/2021,09:00:29,15,1,27.5,1.1,5.3,5.2,2,1,1.00,CYCLE,W
IND,208,6415,59486,03/10/2021,09:00:52,15,1,26.1,1.0,23.3,23.2,2,1,1.00,CYCLE,W
IND,208,6415,59486,03/10/2021,09:01:39,15,1,23.8,1.0,46.3,46.1,2,1,1.00,CYCLE,W
IND,208,6415,59486,03/10/2021,09:01:39,15,1,26.1,1.0,0.9,0.8,2,1,1.00,CYCLE,W
IND,208,6415,59485,03/10/2021,09:01:50,15,0,26.5,1.0,108.8,108.6,2,1,1.00,CYCLE,E
IND,208,6415,59485,03/10/2021,09:01:50,15,0,26.7,1.0,0.3,0.2,2,1,1.00,CYCLE,E
IND,208,6415,59485,03/10/2021,09:02:00,15,0,22.5,1.1,9.5,9.4,2,1,1.00,CYCLE,E
IND,208,6415,59485,03/10/2021,09:02:01,15,0,20.7,1.1,0.8,0.6,2,1,1.00,CYCLE,E
IND,208,6415,59486,03/10/2021,09:02:16,15,1,22.4,1.0,36.2,36.1,2,1,1.00,CYCLE,W
IND,208,6415,59485,03/10/2021,09:02:22,15,0,21.0,1.1,21.1,20.9,2,1,1.00,CYCLE,E
IND,208,6415,59486,03/10/2021,09:02:24,15,1,28.5,1.0,8.6,8.4,2,1,1.00,CYCLE,W
IND,208,6415,59486,03/10/2021,09:02:27,15,1,28.8,1.1,2.2,2.1,2,1,1.00,CYCLE,W
IND,208,6415,59486,03/10/2021,09:02:43,15,1,31.4,1.0,16.0,15.9,2,1,1.00,CYCLE,W
IND,208,6415,59485,03/10/2021,09:02:51,15,0,27.7,1.0,29.4,29.3,2,1,1.00,CYCLE,E
IND,208,6415,59486,03/10/2021,09:03:13,15,1,19.6,1.0,30.2,30.1,2,1,1.00,CYCLE,W
IND,208,6415,59486,03/10/2021,09:03:13,15,1,39.0,1.0,0.5,0.3,2,1,1.00,CYCLE,W
IND,208,6415,59486,03/10/2021,09:03:24,15,1,11.7,1.0,10.4,10.4,2,1,0.33,CYCLE,W
IND,208,6415,59486,03/10/2021,09:03:31,15,1,29.0,1.0,7.6,7.1,2,1,1.00,CYCLE,W
IND,208,6415,59486,03/10/2021,09:03:40,15,1,22.6,1.1,8.4,8.3,2,1,1.00,CYCLE,W
IND,208,6415,59486,03/10/2021,09:03:46,15,1,22.8,1.0,6.2,6.1,2,1,1.00,CYCLE,W
IND,208,6415,59485,03/10/2021,09:04:09,15,0,21.5,1.1,77.7,77.6,2,1,1.00,CYCLE,E
IND,208,6415,59485,03/10/2021,09:04:09,15,0,21.7,1.1,0.3,0.2,2,1,1.00,CYCLE,E
IND,208,6415,59486,03/10/2021,09:04:16,15,1,20.3,1.0,30.1,29.9,2,1,1.00,CYCLE,W
IND,208,6415,59486,03/10/2021,09:05:07,15,1,25.5,1.0,51.0,50.8,2,1,1.00,CYCLE,W
IND,208,6415,59485,03/10/2021,09:05:53,15,0,15.3,1.0,103.6,103.4,2,1,1.00,CYCLE,E
IND,208,6415,59485,03/10/2021,09:05:53,15,0,15.6,1.1,0.6,0.3,2,1,1.00,CYCLE,E
IND,208,6415,59486,03/10/2021,09:06:08,15,1,29.5,1.0,61.0,60.8,2,1,1.00,CYCLE,W
IND,208,6415,59486,03/10/2021,09:06:09,15,1,26.4,1.0,0.7,0.6,2,1,1.00,CYCLE,W
IND,208,6415,59485,03/10/2021,09:06:13,15,0,19.5,1.0,19.8,19.6,2,1,1.00,CYCLE,E
IND,208,6415,59486,03/10/2021,09:06:20,15,1,28.7,1.1,11.4,11.3,2,1,1.00,CYCLE,W
IND,208,6415,59486,03/10/2021,09:06:29,15,1,20.0,1.1,8.6,8.5,2,1,1.00,CYCLE,W
IND,208,6415,59486,03/10/2021,09:06:37,15,1,25.7,1.1,8.3,8.1,2,1,1.00,CYCLE,W
IND,208,6415,59486,03/10/2021,09:06:49,15,1,29.9,1.0,12.4,12.3,2,1,1.00,CYCLE,W
IND,208,6415,59485,03/10/2021,09:07:51,15,0,13.2,1.1,88.5,88.0,2,1,1.00,CYCLE,E
IND,208,6415,59486,03/10/2021,09:08:02,15,1,26.1,1.0,72.9,72.8,2,1,1.00,CYCLE,W
IND,208,6415,59485,03/10/2021,09:08:07,15,0,14.2,1.0,16.3,16.0,2,1,1.00,CYCLE,E
IND,208,6415,59485,03/10/2021,09:08:09,15,0,5.0,1.0,1.6,1.4,2,1,0.57,CYCLE,E
IND,208,6415,59485,03/10/2021,09:08:09,15,0,5.0,1.0,0.0,0.0,2,1,0.57,CYCLE,E
IND,208,6415,59485,03/10/2021,09:08:09,15,0,5.0,1.0,0.0,0.0,2,1,0.57,CYCLE,E
IND,208,6415,59486,03/10/2021,09:08:15,15,1,26.6,1.0,13.1,13.0,2,1,1.00,CYCLE,W
IND,208,6415,59486,03/10/2021,09:08:26,15,1,27.4,1.1,10.6,10.5,2,1,1.00,CYCLE,W
IND,208,6415,59486,03/10/2021,09:09:16,15,1,23.6,0.9,50.2,50.0,2,1,1.00,CYCLE,W
IND,208,6415,59485,03/10/2021,09:09:34,15,0,26.7,1.0,84.7,83.5,2,1,1.00,CYCLE,E
IND,208,6415,59486,03/10/2021,09:09:41,15,1,27.0,1.1,25.1,24.9,2,1,1.00,CYCLE,W
IND,208,6415,59485,03/10/2021,09:10:30,15,0,24.1,1.1,56.1,56.0,2,1,1.00,CYCLE,E
IND,208,6415,59485,03/10/2021,09:10:44,15,0,25.6,1.1,14.4,14.2,2,1,1.00,CYCLE,E
IND,208,6415,59485,03/10/2021,09:11:04,15,0,20.0,1.0,19.4,19.3,2,1,1.00,CYCLE,E
IND,208,6415,59486,03/10/2021,09:12:54,15,1,24.9,1.0,192.9,192.7,2,1,1.00,CYCLE,W
IND,208,6415,59486,03/10/2021,09:15:04,15,1,24.2,1.0,130.0,129.8,2,1,1.00,CYCLE,W
IND,208,6415,59486,03/10/2021,09:15:34,15,1,25.4,1.1,29.7,29.5,2,1,1.00,CYCLE,W
IND,208,6415,59485,03/10/2021,09:16:54,15,0,21.7,1.0,350.6,350.4,2,1,1.00,CYCLE,E
IND,208,6415,59486,03/10/2021,09:17:57,15,1,30.5,1.0,61.9,60.6,2,1,1.00,CYCLE,W
IND,208,6415,59485,03/10/2021,09:18:46,15,0,12.4,1.0,111.8,111.6,2,1,0.80,CYCLE,E
IND,208,6415,59485,03/10/2021,09:18:59,15,0,24.4,1.0,13.1,12.8,2,1,1.00,CYCLE,E
IND,208,6415,59485,03/10/2021,09:19:02,15,0,25.2,1.0,3.0,2.8,2,1,1.00,CYCLE,E
IND,208,6415,59485,03/10/2021,09:19:46,15,0,21.1,1.0,43.5,43.4,2,1,1.00,CYCLE,E
IND,208,6415,59485,03/10/2021,09:19:46,15,0,24.3,1.0,0.6,0.4,2,1,1.00,CYCLE,E
IND,208,6415,59485,03/10/2021,09:20:36,15,0,25.5,1.0,49.4,49.3,2,1,1.00,CYCLE,E
IND,208,6415,59485,03/10/2021,09:20:45,15,0,27.8,1.0,9.5,9.4,2,1,1.00,CYCLE,E
IND,208,6415,59485,03/10/2021,09:20:46,15,0,28.2,1.0,0.5,0.4,2,1,1.00,CYCLE,E
IND,208,6415,59485,03/10/2021,09:20:59,15,0,13.1,1.1,13.0,12.9,2,1,1.00,CYCLE,E
IND,208,6415,59485,03/10/2021,09:21:00,15,0,12.2,1.1,1.7,1.4,2,1,1.00,CYCLE,E
IND,208,6415,59486,03/10/2021,09:21:48,15,1,25.9,1.0,230.9,230.8,2,1,1.00,CYCLE,W
IND,208,6415,59486,03/10/2021,09:21:59,15,1,24.0,1.0,10.3,10.1,2,1,1.00,CYCLE,W
IND,208,6415,59486,03/10/2021,09:23:40,15,1,30.2,1.0,101.1,100.9,2,1,1.00,CYCLE,W
IND,208,6415,59486,03/10/2021,09:24:29,15,1,26.2,1.1,49.4,49.3,2,1,1.00,CYCLE,W
IND,208,6415,59486,03/10/2021,09:24:38,15,1,25.7,1.0,8.5,8.4,2,1,1.00,CYCLE,W
IND,208,6415,59485,03/10/2021,09:25:06,15,0,25.6,1.0,245.5,245.2,2,1,1.00,CYCLE,E
IND,208,6415,59485,03/10/2021,09:25:06,15,0,25.2,1.0,0.3,0.1,2,1,1.00,CYCLE,E
IND,208,6415,59485,03/10/2021,09:25:07,15,0,25.3,1.1,0.5,0.3,2,1,1.00,CYCLE,E
IND,208,6415,59485,03/10/2021,09:25:12,15,0,21.4,1.1,5.0,4.9,2,1,1.00,CYCLE,E
IND,208,6415,59485,03/10/2021,09:25:14,15,0,20.0,1.1,1.9,1.8,2,1,1.00,CYCLE,E
IND,208,6415,59486,03/10/2021,09:25:32,15,1,27.8,1.0,54.9,54.7,2,1,1.00,CYCLE,W
IND,208,6415,59486,03/10/2021,09:25:33,15,1,28.8,1.0,0.9,0.7,2,1,1.00,CYCLE,W
IND,208,6415,59486,03/10/2021,09:25:48,15,1,25.7,1.1,14.8,14.7,2,1,1.00,CYCLE,W
IND,208,6415,59486,03/10/2021,09:25:48,15,1,26.1,1.0,0.3,0.2,2,1,1.00,CYCLE,W
IND,208,6415,59486,03/10/2021,09:26:26,15,1,26.5,1.1,38.1,37.9,2,1,1.00,CYCLE,W
IND,208,6415,59485,03/10/2021,09:27:17,15,0,21.0,1.1,123.3,123.1,2,1,1.00,CYCLE,E
IND,208,6415,59485,03/10/2021,09:27:18,15,0,20.5,1.1,1.3,1.1,2,1,1.00,CYCLE,E
IND,208,6415,59485,03/10/2021,09:27:19,15,0,19.7,1.0,0.7,0.5,2,1,1.00,CYCLE,E
IND,208,6415,59486,03/10/2021,09:27:25,15,1,17.9,1.0,58.8,58.7,2,1,1.00,CYCLE,W
IND,208,6415,59485,03/10/2021,09:27:31,15,0,23.7,1.0,11.8,11.6,2,1,1.00,CYCLE,E
IND,208,6415,59485,03/10/2021,09:27:49,15,0,18.7,1.1,18.6,18.4,2,1,1.00,CYCLE,E
IND,208,6415,59486,03/10/2021,09:28:00,15,1,19.8,1.0,35.2,35.0,2,1,1.00,CYCLE,W
IND,208,6415,59486,03/10/2021,09:28:01,15,1,20.4,1.0,0.6,0.4,2,1,1.00,CYCLE,W
IND,208,6415,59485,03/10/2021,09:28:29,15,0,16.8,1.1,39.6,39.4,2,1,1.00,CYCLE,E
IND,208,6415,59486,03/10/2021,09:28:35,15,1,11.0,1.0,34.1,34.0,2,1,0.38,CYCLE,W
IND,208,6415,59486,03/10/2021,09:28:35,15,1,11.0,1.0,0.0,0.0,2,1,0.38,CYCLE,W
IND,208,6415,59485,03/10/2021,09:28:54,15,0,6.0,1.0,25.5,25.3,2,1,1.00,CYCLE,E
IND,208,6415,59485,03/10/2021,09:28:57,15,0,6.6,0.9,3.0,1.5,2,1,1.00,CYCLE,E
IND,208,6415,59486,03/10/2021,09:29:55,15,1,6.9,0.3,79.5,77.5,2,1,0.80,CYCLE,W
IND,208,6415,59485,03/10/2021,09:30:08,15,0,18.2,1.1,71.1,70.6,2,1,1.00,CYCLE,E
IND,208,6415,59485,03/10/2021,09:31:52,15,0,20.3,1.0,103.4,103.1,2,1,1.00,CYCLE,E
IND,208,6415,59486,03/10/2021,09:32:10,15,1,22.5,1.1,135.4,135.2,2,1,1.00,CYCLE,W
IND,208,6415,59485,03/10/2021,09:32:17,15,0,11.3,1.0,25.1,25.1,2,1,0.57,CYCLE,E
IND,208,6415,59485,03/10/2021,09:32:17,15,0,11.3,1.0,0.0,0.0,2,1,0.57,CYCLE,E
IND,208,6415,59486,03/10/2021,09:32:33,15,1,18.0,1.1,23.1,23.0,2,1,1.00,CYCLE,W
IND,208,6415,59486,03/10/2021,09:33:04,15,1,25.6,0.9,30.6,30.4,2,1,1.00,CYCLE,W
IND,208,6415,59486,03/10/2021,09:33:05,15,1,28.4,1.0,1.1,0.9,2,1,1.00,CYCLE,W
IND,208,6415,59486,03/10/2021,09:33:44,15,1,22.6,1.1,38.7,38.6,2,1,1.00,CYCLE,W
IND,208,6415,59485,03/10/2021,09:33:45,15,0,38.9,1.0,88.1,87.2,2,1,0.40,CYCLE,E
IND,208,6415,59486,03/10/2021,09:33:46,15,1,23.1,1.1,2.0,1.8,2,1,1.00,CYCLE,W
IND,208,6415,59485,03/10/2021,09:33:56,15,0,27.2,1.0,11.3,11.0,2,1,1.00,CYCLE,E
IND,208,6415,59486,03/10/2021,09:34:31,15,1,24.5,1.0,45.1,44.9,2,1,1.00,CYCLE,W
IND,208,6415,59486,03/10/2021,09:34:39,15,1,28.0,1.0,8.2,8.0,2,1,1.00,CYCLE,W
IND,208,6415,59485,03/10/2021,09:34:56,15,0,20.8,1.0,59.8,59.7,2,1,1.00,CYCLE,E
IND,208,6415,59485,03/10/2021,09:34:57,15,0,20.6,1.0,0.6,0.5,2,1,1.00,CYCLE,E
IND,208,6415,59486,03/10/2021,09:35:29,15,1,21.4,1.0,50.2,50.1,2,1,1.00,CYCLE,W
IND,208,6415,59486,03/10/2021,09:35:31,15,1,22.8,1.0,1.8,1.6,2,1,1.00,CYCLE,W
IND,208,6415,59486,03/10/2021,09:36:13,15,1,19.7,1.1,42.5,42.3,2,1,1.00,CYCLE,W
IND,208,6415,59486,03/10/2021,09:36:15,15,1,18.6,1.0,1.6,1.4,2,1,1.00,CYCLE,W
IND,208,6415,59485,03/10/2021,09:36:23,15,0,19.3,1.1,85.9,85.7,2,1,1.00,CYCLE,E
IND,208,6415,59486,03/10/2021,09:36:25,15,1,14.6,1.1,10.4,10.2,2,1,1.00,CYCLE,W
IND,208,6415,59485,03/10/2021,09:37:08,15,0,3.2,1.0,45.3,45.1,2,1,0.38,CYCLE,E
IND,208,6415,59485,03/10/2021,09:37:08,15,0,3.2,1.0,0.0,0.0,2,1,0.38,CYCLE,E
IND,208,6415,59486,03/10/2021,09:37:41,15,1,28.3,1.0,75.3,75.0,2,1,1.00,CYCLE,W
IND,208,6415,59486,03/10/2021,09:38:12,15,1,20.8,1.0,30.9,30.8,2,1,0.80,CYCLE,W
IND,208,6415,59486,03/10/2021,09:38:12,15,1,20.8,1.0,0.0,0.0,2,1,0.80,CYCLE,W
IND,208,6415,59486,03/10/2021,09:38:15,15,1,23.2,1.1,3.6,2.8,2,1,1.00,CYCLE,W
IND,208,6415,59486,03/10/2021,09:39:32,15,1,18.9,1.0,76.6,76.4,2,1,1.00,CYCLE,W
IND,208,6415,59486,03/10/2021,09:39:34,15,1,13.1,1.1,1.9,1.7,2,1,1.00,CYCLE,W
IND,208,6415,59486,03/10/2021,09:39:44,15,1,25.4,1.0,10.3,10.0,2,1,1.00,CYCLE,W
IND,208,6415,59486,03/10/2021,09:40:02,15,1,23.0,1.1,18.1,17.9,2,1,1.00,CYCLE,W
IND,208,6415,59486,03/10/2021,09:40:03,15,1,21.8,1.1,1.5,1.3,2,1,1.00,CYCLE,W
IND,208,6415,59485,03/10/2021,09:40:15,15,0,28.7,1.0,186.9,183.9,2,1,1.00,CYCLE,E
IND,208,6415,59486,03/10/2021,09:40:35,15,1,25.8,1.0,30.2,30.0,2,1,1.00,CYCLE,W
IND,208,6415,59485,03/10/2021,09:40:45,15,0,18.3,1.0,30.4,30.3,2,1,1.00,CYCLE,E
IND,208,6415,59485,03/10/2021,09:40:47,15,0,18.0,1.0,1.3,1.1,2,1,1.00,CYCLE,E
IND,208,6415,59485,03/10/2021,09:41:16,15,0,18.5,1.0,29.2,29.0,2,1,1.00,CYCLE,E
IND,208,6415,59485,03/10/2021,09:41:16,15,0,18.5,1.0,0.0,0.0,2,1,1.00,CYCLE,E
IND,208,6415,59486,03/10/2021,09:41:26,15,1,31.5,1.0,51.1,50.9,2,1,1.00,CYCLE,W
IND,208,6415,59485,03/10/2021,09:41:28,15,0,24.1,1.1,12.6,12.3,2,1,1.00,CYCLE,E
IND,208,6415,59486,03/10/2021,09:41:35,15,1,25.8,1.1,8.8,8.7,2,1,1.00,CYCLE,W
IND,208,6415,59485,03/10/2021,09:41:40,15,0,18.5,1.1,12.0,11.9,2,1,1.00,CYCLE,E
IND,208,6415,59485,03/10/2021,09:41:43,15,0,16.8,1.0,2.3,2.1,2,1,0.67,CYCLE,E
IND,208,6415,59486,03/10/2021,09:41:45,15,1,23.9,1.1,10.3,10.2,2,1,1.00,CYCLE,W
IND,208,6415,59485,03/10/2021,09:42:36,15,0,18.5,1.0,53.7,53.3,2,1,1.00,CYCLE,E
IND,208,6415,59485,03/10/2021,09:42:37,15,0,20.7,1.0,0.8,0.6,2,1,1.00,CYCLE,E
IND,208,6415,59485,03/10/2021,09:42:41,15,0,18.8,1.0,3.6,3.4,2,1,1.00,CYCLE,E
IND,208,6415,59485,03/10/2021,09:42:41,15,0,18.8,1.0,0.0,0.0,2,1,1.00,CYCLE,E
IND,208,6415,59486,03/10/2021,09:42:44,15,1,21.1,1.0,58.3,58.2,2,1,1.00,CYCLE,W
IND,208,6415,59486,03/10/2021,09:42:57,15,1,23.0,1.0,12.8,12.6,2,1,1.00,CYCLE,W
IND,208,6415,59486,03/10/2021,09:42:57,15,1,22.7,1.0,0.9,0.7,2,1,1.00,CYCLE,W
IND,208,6415,59485,03/10/2021,09:44:40,15,0,16.3,1.0,119.6,119.3,2,1,1.00,CYCLE,E
IND,208,6415,59486,03/10/2021,09:44:57,15,1,22.8,0.9,119.7,119.5,2,1,1.00,CYCLE,W
IND,208,6415,59486,03/10/2021,09:45:00,15,1,29.1,0.9,3.0,2.9,2,1,1.00,CYCLE,W
IND,208,6415,59485,03/10/2021,09:46:17,15,0,21.1,1.1,96.4,96.2,2,1,1.00,CYCLE,E
IND,208,6415,59485,03/10/2021,09:47:15,15,0,20.5,1.0,58.1,57.9,2,1,1.00,CYCLE,E
IND,208,6415,59486,03/10/2021,09:47:17,15,1,25.6,1.1,136.8,136.7,2,1,1.00,CYCLE,W
IND,208,6415,59485,03/10/2021,09:47:37,15,0,17.2,1.1,22.2,22.1,2,1,1.00,CYCLE,E
IND,208,6415,59485,03/10/2021,09:47:38,15,0,16.4,1.0,0.7,0.5,2,1,1.00,CYCLE,E
IND,208,6415,59485,03/10/2021,09:47:39,15,0,15.6,1.0,0.7,0.5,2,1,1.00,CYCLE,E
IND,208,6415,59486,03/10/2021,09:48:18,15,1,27.8,1.0,60.6,60.5,2,1,1.00,CYCLE,W
IND,208,6415,59486,03/10/2021,09:48:18,15,1,27.5,1.0,0.3,0.1,2,1,1.00,CYCLE,W
IND,208,6415,59486,03/10/2021,09:48:42,15,1,30.8,1.0,24.6,24.4,2,1,1.00,CYCLE,W
IND,208,6415,59486,03/10/2021,09:48:44,15,1,28.8,1.0,2.0,1.9,2,1,0.57,CYCLE,W
IND,208,6415,59486,03/10/2021,09:48:50,15,1,24.9,1.1,5.5,4.5,2,1,1.00,CYCLE,W
IND,208,6415,59486,03/10/2021,09:48:51,15,1,24.9,1.1,1.3,1.2,2,1,1.00,CYCLE,W
IND,208,6415,59486,03/10/2021,09:50:22,15,1,15.2,1.1,90.3,90.2,2,1,1.00,CYCLE,W
IND,208,6415,59486,03/10/2021,09:51:29,15,1,14.0,2.6,67.3,67.0,2,1,0.80,CYCLE,W
IND,208,6415,59485,03/10/2021,09:54:04,15,0,19.3,1.0,385.9,385.7,2,1,1.00,CYCLE,E
IND,208,6415,59485,03/10/2021,09:54:07,15,0,32.5,1.0,2.5,2.3,2,1,1.00,CYCLE,E
IND,208,6415,59485,03/10/2021,09:54:30,15,0,13.0,0.9,22.6,22.5,2,1,1.00,CYCLE,E
IND,208,6415,59486,03/10/2021,09:55:16,15,1,30.4,1.0,226.9,226.7,2,1,1.00,CYCLE,W
IND,208,6415,59486,03/10/2021,09:55:36,15,1,26.2,1.0,2.5,1.2,2,1,1.00,CYCLE,W
IND,208,6415,59486,03/10/2021,09:56:05,15,1,26.5,1.1,28.5,28.3,2,1,1.00,CYCLE,W
IND,208,6415,59485,03/10/2021,09:56:27,15,0,1.4,0.0,117.8,117.5,2,1,1.00,CYCLE,E
IND,208,6415,59486,03/10/2021,09:56:54,15,1,22.9,1.0,49.5,49.4,2,1,1.00,CYCLE,W
IND,208,6415,59486,03/10/2021,09:57:13,15,1,25.7,1.1,18.4,18.2,2,1,1.00,CYCLE,W
IND,208,6415,59486,03/10/2021,09:57:16,15,1,29.3,1.0,3.6,3.5,2,1,1.00,CYCLE,W
IND,208,6415,59486,03/10/2021,09:57:21,15,1,23.8,1.1,1.7,1.5,2,1,1.00,CYCLE,W
IND,208,6415,59485,03/10/2021,09:57:46,15,0,15.8,1.0,78.4,78.4,2,1,1.00,CYCLE,E
IND,208,6415,59485,03/10/2021,09:57:49,15,0,16.8,1.0,3.1,2.9,2,1,1.00,CYCLE,E
IND,208,6415,59486,03/10/2021,09:59:15,15,1,20.7,1.1,113.6,113.4,2,1,1.00,CYCLE,W
IND,208,6415,59486,03/10/2021,09:59:30,15,1,23.2,1.0,14.8,14.6,2,1,1.00,CYCLE,W
IND,208,6415,59485,03/10/2021,09:59:30,15,0,20.8,1.0,101.0,100.8,2,1,1.00,CYCLE,E
IND,208,6415,59485,03/10/2021,09:59:38,15,0,22.8,1.1,8.4,8.2,2,1,1.00,CYCLE,E
IND,208,6415,59486,03/10/2021,10:00:09,15,1,32.8,1.0,39.9,40.3,2,1,0.80,CYCLE,W
IND,208,6415,59486,03/10/2021,10:00:35,15,1,30.7,1.0,25.6,24.9,2,1,1.00,CYCLE,W
IND,208,6415,59485,03/10/2021,10:00:36,15,0,22.7,1.0,58.1,57.9,2,1,1.00,CYCLE,E
IND,208,6415,59485,03/10/2021,10:01:21,15,0,26.4,1.0,44.5,44.4,2,1,1.00,CYCLE,E
IND,208,6415,59485,03/10/2021,10:01:21,15,0,27.4,1.0,0.5,0.3,2,1,1.00,CYCLE,E
IND,208,6415,59486,03/10/2021,10:01:46,15,1,19.8,1.1,71.1,71.0,2,1,1.00,CYCLE,W
IND,208,6415,59486,03/10/2021,10:01:47,15,1,19.6,1.0,0.6,0.4,2,1,1.00,CYCLE,W
IND,208,6415,59486,03/10/2021,10:02:01,15,1,23.5,1.1,14.6,14.4,2,1,1.00,CYCLE,W
IND,208,6415,59486,03/10/2021,10:02:03,15,1,23.2,1.1,1.6,1.4,2,1,1.00,CYCLE,W
IND,208,6415,59485,03/10/2021,10:02:06,15,0,19.3,1.1,44.2,44.1,2,1,1.00,CYCLE,E
IND,208,6415,59485,03/10/2021,10:02:13,15,0,22.0,1.0,7.5,7.3,2,1,1.00,CYCLE,E
IND,208,6415,59485,03/10/2021,10:02:43,15,0,23.1,1.0,30.0,29.8,2,1,1.00,CYCLE,E
IND,208,6415,59486,03/10/2021,10:03:13,15,1,25.5,1.0,70.1,70.0,2,1,1.00,CYCLE,W
IND,208,6415,59485,03/10/2021,10:03:35,15,0,25.6,1.0,51.7,51.6,2,1,1.00,CYCLE,E
IND,208,6415,59486,03/10/2021,10:03:41,15,1,28.7,1.2,28.2,28.1,2,1,1.00,CYCLE,W
IND,208,6415,59485,03/10/2021,10:03:55,15,0,19.7,1.1,20.5,20.3,2,1,1.00,CYCLE,E
IND,208,6415,59486,03/10/2021,10:04:02,15,1,24.6,1.0,20.4,20.2,2,1,1.00,CYCLE,W
IND,208,6415,59486,03/10/2021,10:04:05,15,1,30.5,1.1,3.3,3.1,2,1,1.00,CYCLE,W
IND,208,6415,59486,03/10/2021,10:04:30,15,1,29.7,1.0,25.3,25.2,2,1,1.00,CYCLE,W
IND,208,6415,59486,03/10/2021,10:04:52,15,1,26.1,1.0,21.7,21.6,2,1,1.00,CYCLE,W
IND,208,6415,59485,03/10/2021,10:04:56,15,0,5.0,1.0,61.0,61.1,2,1,0.67,CYCLE,E
IND,208,6415,59485,03/10/2021,10:05:38,15,0,22.9,1.0,41.4,40.4,2,1,1.00,CYCLE,E
IND,208,6415,59486,03/10/2021,10:05:48,15,1,21.8,1.0,56.0,55.9,2,1,1.00,CYCLE,W
IND,208,6415,59486,03/10/2021,10:06:05,15,1,16.3,1.1,17.1,17.0,2,1,1.00,CYCLE,W
IND,208,6415,59486,03/10/2021,10:06:59,15,1,18.6,1.1,53.6,53.4,2,1,1.00,CYCLE,W
IND,208,6415,59486,03/10/2021,10:06:59,15,1,18.5,1.1,0.7,0.5,2,1,1.00,CYCLE,W
IND,208,6415,59486,03/10/2021,10:07:18,15,1,24.9,1.0,19.1,18.9,2,1,0.80,CYCLE,W
IND,208,6415,59486,03/10/2021,10:07:48,15,1,21.5,1.1,29.7,29.5,2,1,1.00,CYCLE,W
IND,208,6415,59486,03/10/2021,10:08:21,15,1,28.2,1.1,33.1,32.9,2,1,1.00,CYCLE,W
IND,208,6415,59486,03/10/2021,10:08:22,15,1,29.2,1.1,1.3,1.1,2,1,1.00,CYCLE,W
IND,208,6415,59486,03/10/2021,10:08:23,15,1,29.2,1.0,0.5,0.3,2,1,1.00,CYCLE,W
IND,208,6415,59486,03/10/2021,10:08:26,15,1,25.2,1.0,2.7,2.6,2,1,1.00,CYCLE,W
IND,208,6415,59485,03/10/2021,10:08:51,15,0,25.4,1.0,1.3,1.2,2,1,1.00,CYCLE,E
IND,208,6415,59485,03/10/2021,10:08:59,15,0,19.1,1.1,7.7,7.5,2,1,1.00,CYCLE,E
IND,208,6415,59485,03/10/2021,10:09:07,15,0,19.1,1.0,8.0,7.8,2,1,1.00,CYCLE,E
IND,208,6415,59485,03/10/2021,10:09:08,15,0,16.9,1.1,0.6,0.4,2,1,1.00,CYCLE,E
IND,208,6415,59486,03/10/2021,10:09:30,15,1,19.5,1.1,64.0,63.8,2,1,1.00,CYCLE,W
IND,208,6415,59486,03/10/2021,10:09:31,15,1,19.4,1.1,1.0,0.8,2,1,1.00,CYCLE,W
IND,208,6415,59485,03/10/2021,10:11:07,15,0,13.5,1.0,119.8,119.6,2,1,1.00,CYCLE,E
IND,208,6415,59485,03/10/2021,10:11:11,15,0,10.9,0.9,3.6,3.3,2,1,1.00,CYCLE,E
IND,208,6415,59485,03/10/2021,10:11:12,15,0,11.0,1.1,0.8,0.5,2,1,1.00,CYCLE,E
IND,208,6415,59486,03/10/2021,10:11:16,15,1,26.6,1.0,105.1,104.9,2,1,1.00,CYCLE,W
IND,208,6415,59486,03/10/2021,10:11:49,15,1,29.6,1.0,33.1,33.0,2,1,1.00,CYCLE,W
IND,208,6415,59486,03/10/2021,10:13:09,15,1,28.9,1.0,80.5,80.3,2,1,1.00,CYCLE,W
IND,208,6415,59486,03/10/2021,10:13:31,15,1,20.8,1.0,21.4,21.3,2,1,1.00,CYCLE,W
IND,208,6415,59486,03/10/2021,10:13:35,15,1,21.4,1.0,4.4,4.2,2,1,1.00,CYCLE,W
IND,208,6415,59486,03/10/2021,10:14:40,15,1,19.3,1.0,65.0,64.9,2,1,1.00,CYCLE,W
IND,208,6415,59485,03/10/2021,10:14:49,15,0,15.3,1.0,216.9,216.5,2,1,1.00,CYCLE,E
IND,208,6415,59486,03/10/2021,10:15:18,15,1,30.6,1.1,38.2,38.0,2,1,1.00,CYCLE,W
IND,208,6415,59485,03/10/2021,10:16:43,15,0,22.7,1.0,29.3,29.1,2,1,1.00,CYCLE,E
IND,208,6415,59485,03/10/2021,10:17:22,15,0,21.2,1.1,38.3,38.2,2,1,1.00,CYCLE,E
IND,208,6415,59485,03/10/2021,10:17:24,15,0,21.7,1.1,1.9,1.8,2,1,1.00,CYCLE,E
IND,208,6415,59486,03/10/2021,10:18:35,15,1,22.9,1.1,197.1,197.0,2,1,1.00,CYCLE,W
IND,208,6415,59486,03/10/2021,10:18:45,15,1,25.8,1.0,9.7,9.5,2,1,1.00,CYCLE,W
IND,208,6415,59485,03/10/2021,10:18:54,15,0,18.2,1.0,90.2,90.0,2,1,1.00,CYCLE,E
IND,208,6415,59485,03/10/2021,10:18:55,15,0,18.4,1.0,0.7,0.5,2,1,1.00,CYCLE,E
IND,208,6415,59486,03/10/2021,10:19:01,15,1,15.9,1.0,16.3,16.2,2,1,1.00,CYCLE,W
IND,208,6415,59485,03/10/2021,10:19:07,15,0,12.9,1.0,12.9,12.7,2,1,1.00,CYCLE,E
IND,208,6415,59485,03/10/2021,10:19:24,15,0,10.0,1.0,16.6,16.3,2,1,0.80,CYCLE,E
IND,208,6415,59485,03/10/2021,10:19:47,15,0,15.9,0.9,22.8,22.5,2,1,1.00,CYCLE,E
IND,208,6415,59486,03/10/2021,10:19:49,15,1,8.8,1.0,47.2,46.9,2,1,0.36,CYCLE,W
IND,208,6415,59485,03/10/2021,10:19:51,15,0,12.2,1.1,4.5,4.3,2,1,1.00,CYCLE,E
IND,208,6415,59485,03/10/2021,10:19:59,15,0,17.1,1.0,7.6,7.3,2,1,1.00,CYCLE,E
IND,208,6415,59486,03/10/2021,10:20:03,15,1,13.6,1.0,14.5,12.9,2,1,1.00,CYCLE,W
IND,208,6415,59486,03/10/2021,10:20:04,15,1,12.8,1.0,0.9,0.7,2,1,0.89,CYCLE,W
IND,208,6415,59486,03/10/2021,10:20:04,15,1,12.8,1.0,0.0,0.0,2,1,0.89,CYCLE,W
IND,208,6415,59486,03/10/2021,10:20:26,15,1,22.7,1.0,22.1,21.1,2,1,1.00,CYCLE,W
IND,208,6415,59485,03/10/2021,10:20:42,15,0,16.5,1.1,43.3,43.1,2,1,1.00,CYCLE,E
IND,208,6415,59485,03/10/2021,10:20:43,15,0,17.8,1.1,1.0,0.7,2,1,1.00,CYCLE,E
IND,208,6415,59485,03/10/2021,10:20:46,15,0,19.1,1.0,2.3,2.1,2,1,1.00,CYCLE,E
IND,208,6415,59485,03/10/2021,10:20:47,15,0,18.8,1.1,1.1,1.0,2,1,1.00,CYCLE,E
IND,208,6415,59486,03/10/2021,10:20:52,15,1,25.1,1.0,26.3,26.2,2,1,1.00,CYCLE,W
IND,208,6415,59486,03/10/2021,10:21:22,15,1,15.3,1.0,29.3,29.2,2,1,1.00,CYCLE,W
IND,208,6415,59486,03/10/2021,10:21:26,15,1,16.8,1.1,4.2,3.9,2,1,1.00,CYCLE,W
IND,208,6415,59486,03/10/2021,10:21:27,15,1,18.1,1.1,1.4,1.1,2,1,1.00,CYCLE,W
IND,208,6415,59486,03/10/2021,10:21:30,15,1,14.1,1.1,2.5,2.3,2,1,1.00,CYCLE,W
IND,208,6415,59486,03/10/2021,10:21:37,15,1,24.0,1.0,6.9,6.6,2,1,1.00,CYCLE,W
IND,208,6415,59486,03/10/2021,10:21:37,15,1,24.0,1.0,0.0,0.0,2,1,1.00,CYCLE,W
IND,208,6415,59485,03/10/2021,10:22:27,15,0,19.5,1.0,100.0,99.8,2,1,1.00,CYCLE,E
IND,208,6415,59486,03/10/2021,10:22:31,15,1,11.5,1.0,54.0,53.7,2,1,1.00,CYCLE,W
IND,208,6415,59486,03/10/2021,10:22:32,15,1,13.5,1.1,1.0,0.6,2,1,1.00,CYCLE,W
IND,208,6415,59486,03/10/2021,10:23:24,15,1,11.9,1.0,52.0,51.7,2,1,1.00,CYCLE,W
IND,208,6415,59486,03/10/2021,10:23:25,15,1,12.8,1.0,0.9,0.6,2,1,1.00,CYCLE,W
IND,208,6415,59486,03/10/2021,10:23:26,15,1,16.0,1.1,1.7,1.4,2,1,1.00,CYCLE,W
IND,208,6415,59485,03/10/2021,10:23:34,15,0,17.7,1.1,67.2,67.0,2,1,1.00,CYCLE,E
IND,208,6415,59485,03/10/2021,10:23:35,15,0,16.5,1.1,0.7,0.5,2,1,1.00,CYCLE,E
IND,208,6415,59485,03/10/2021,10:23:35,15,0,24.4,1.0,0.4,0.1,2,1,1.00,CYCLE,E
IND,208,6415,59485,03/10/2021,10:23:48,15,0,18.9,1.1,13.3,13.2,2,1,1.00,CYCLE,E
IND,208,6415,59486,03/10/2021,10:24:39,15,1,22.4,1.1,72.4,72.2,2,1,1.00,CYCLE,W
IND,208,6415,59486,03/10/2021,10:25:36,15,1,22.2,1.1,56.9,56.8,2,1,1.00,CYCLE,W
IND,208,6415,59486,03/10/2021,10:25:52,15,1,25.1,1.0,16.0,15.8,2,1,1.00,CYCLE,W
IND,208,6415,59485,03/10/2021,10:26:12,15,0,22.8,1.1,143.7,143.5,2,1,1.00,CYCLE,E
IND,208,6415,59485,03/10/2021,10:26:40,15,0,23.2,1.1,27.5,27.3,2,1,1.00,CYCLE,E
IND,208,6415,59485,03/10/2021,10:26:51,15,0,18.9,1.0,11.7,11.5,2,1,1.00,CYCLE,E
IND,208,6415,59485,03/10/2021,10:26:53,15,0,19.2,1.1,1.6,1.4,2,1,1.00,CYCLE,E
IND,208,6415,59485,03/10/2021,10:27:19,15,0,13.1,1.1,26.4,26.2,2,1,1.00,CYCLE,E
IND,208,6415,59485,03/10/2021,10:27:20,15,0,13.1,1.1,0.6,0.3,2,1,1.00,CYCLE,E
IND,208,6415,59485,03/10/2021,10:27:59,15,0,19.4,1.1,25.4,24.9,2,1,1.00,CYCLE,E
IND,208,6415,59486,03/10/2021,10:29:50,15,1,28.6,1.1,238.5,238.3,2,1,1.00,CYCLE,W
IND,208,6415,59486,03/10/2021,10:30:08,15,1,27.0,1.1,17.6,17.5,2,1,1.00,CYCLE,W
IND,208,6415,59486,03/10/2021,10:30:15,15,1,23.2,1.0,6.7,6.5,2,1,1.00,CYCLE,W
IND,208,6415,59486,03/10/2021,10:30:19,15,1,24.0,1.1,4.3,4.1,2,1,1.00,CYCLE,W
IND,208,6415,59486,03/10/2021,10:30:22,15,1,21.1,1.1,3.2,3.1,2,1,1.00,CYCLE,W
IND,208,6415,59486,03/10/2021,10:30:23,15,1,20.8,1.0,0.6,0.4,2,1,1.00,CYCLE,W
IND,208,6415,59486,03/10/2021,10:30:34,15,1,1.7,0.2,11.3,12.4,2,1,0.80,CYCLE,W
IND,208,6415,59486,03/10/2021,10:30:50,15,1,28.5,1.0,16.4,15.1,2,1,1.00,CYCLE,W
IND,208,6415,59485,03/10/2021,10:31:32,15,0,21.8,1.1,213.4,213.2,2,1,1.00,CYCLE,E
IND,208,6415,59486,03/10/2021,10:31:51,15,1,18.9,1.1,60.9,60.8,2,1,1.00,CYCLE,W
IND,208,6415,59486,03/10/2021,10:31:52,15,1,19.1,1.0,0.8,0.6,2,1,1.00,CYCLE,W
IND,208,6415,59485,03/10/2021,10:32:56,15,0,4.4,1.0,84.2,84.0,2,1,0.38,CYCLE,E
IND,208,6415,59485,03/10/2021,10:32:56,15,0,4.4,1.0,0.0,0.0,2,1,0.38,CYCLE,E
IND,208,6415,59485,03/10/2021,10:32:56,15,0,4.4,1.0,0.0,0.0,2,1,0.38,CYCLE,E
IND,208,6415,59485,03/10/2021,10:32:56,15,0,4.4,1.0,0.0,0.0,2,1,0.38,CYCLE,E
IND,208,6415,59486,03/10/2021,10:33:33,15,1,23.8,1.1,62.6,62.1,2,1,1.00,CYCLE,W
IND,208,6415,59486,03/10/2021,10:33:35,15,1,20.2,1.1,2.0,1.8,2,1,1.00,CYCLE,W
IND,208,6415,59486,03/10/2021,10:33:42,15,1,13.3,1.1,6.5,6.3,2,1,1.00,CYCLE,W
IND,208,6415,59485,03/10/2021,10:34:09,15,0,20.0,1.0,72.7,67.6,2,1,0.57,CYCLE,E
IND,208,6415,59485,03/10/2021,10:35:07,15,0,19.6,1.0,58.4,58.1,2,1,1.00,CYCLE,E
IND,208,6415,59486,03/10/2021,10:35:59,15,1,29.9,1.0,137.1,136.7,2,1,1.00,CYCLE,W
IND,208,6415,59486,03/10/2021,10:36:43,15,1,21.6,1.2,44.1,44.0,2,1,1.00,CYCLE,W
IND,208,6415,59486,03/10/2021,10:36:43,15,1,22.5,1.0,0.5,0.3,2,1,1.00,CYCLE,W
IND,208,6415,59486,03/10/2021,10:37:26,15,1,29.1,1.0,42.3,42.1,2,1,1.00,CYCLE,W
IND,208,6415,59486,03/10/2021,10:37:42,15,1,28.7,1.0,16.6,16.4,2,1,1.00,CYCLE,W
IND,208,6415,59486,03/10/2021,10:38:32,15,1,23.6,1.0,46.6,46.2,2,1,1.00,CYCLE,W
IND,208,6415,59486,03/10/2021,10:38:46,15,1,24.7,1.1,14.2,14.0,2,1,1.00,CYCLE,W
IND,208,6415,59485,03/10/2021,10:39:10,15,0,18.2,1.1,235.6,235.6,2,1,1.00,CYCLE,E
IND,208,6415,59485,03/10/2021,10:39:11,15,0,20.0,1.0,1.4,1.1,2,1,1.00,CYCLE,E
IND,208,6415,59486,03/10/2021,10:39:34,15,1,21.6,1.1,48.0,47.8,2,1,1.00,CYCLE,W
IND,208,6415,59486,03/10/2021,10:39:34,15,1,27.7,1.0,0.4,0.2,2,1,1.00,CYCLE,W
IND,208,6415,59485,03/10/2021,10:39:49,15,0,25.5,1.1,38.2,38.0,2,1,1.00,CYCLE,E
IND,208,6415,59485,03/10/2021,10:40:12,15,0,17.7,1.1,23.1,22.9,2,1,1.00,CYCLE,E
IND,208,6415,59486,03/10/2021,10:40:22,15,1,24.0,1.1,48.1,47.9,2,1,1.00,CYCLE,W
IND,208,6415,59486,03/10/2021,10:40:26,15,1,20.4,1.1,4.2,4.0,2,1,1.00,CYCLE,W
IND,208,6415,59486,03/10/2021,10:40:28,15,1,16.2,1.1,1.4,1.3,2,1,1.00,CYCLE,W
IND,208,6415,59485,03/10/2021,10:40:49,15,0,17.6,1.0,36.5,36.3,2,1,1.00,CYCLE,E
IND,208,6415,59485,03/10/2021,10:40:49,15,0,20.2,1.1,0.5,0.3,2,1,1.00,CYCLE,E
IND,208,6415,59485,03/10/2021,10:40:50,15,0,19.0,1.1,0.8,0.6,2,1,1.00,CYCLE,E
IND,208,6415,59486,03/10/2021,10:41:57,15,1,27.0,1.1,89.6,89.3,2,1,1.00,CYCLE,W
IND,208,6415,59486,03/10/2021,10:42:00,15,1,28.5,1.1,2.4,2.3,2,1,1.00,CYCLE,W
IND,208,6415,59486,03/10/2021,10:42:02,15,1,25.9,1.0,2.3,2.2,2,1,1.00,CYCLE,W
IND,208,6415,59485,03/10/2021,10:42:14,15,0,1.8,1.0,83.3,83.1,2,1,0.29,CYCLE,E
IND,208,6415,59485,03/10/2021,10:42:14,15,0,1.8,1.0,0.0,0.0,2,1,0.29,CYCLE,E
IND,208,6415,59485,03/10/2021,10:42:55,15,0,21.8,1.1,4.5,3.6,2,1,1.00,CYCLE,E
IND,208,6415,59486,03/10/2021,10:43:07,15,1,20.7,1.1,64.7,64.6,2,1,1.00,CYCLE,W
IND,208,6415,59486,03/10/2021,10:43:08,15,1,21.1,1.0,1.1,0.9,2,1,1.00,CYCLE,W
IND,208,6415,59486,03/10/2021,10:43:22,15,1,16.5,0.6,14.0,13.8,2,1,1.00,CYCLE,W
IND,208,6415,59485,03/10/2021,10:43:42,15,0,18.8,1.1,46.7,46.5,2,1,1.00,CYCLE,E
IND,208,6415,59485,03/10/2021,10:43:43,15,0,20.6,1.1,1.4,1.2,2,1,1.00,CYCLE,E
IND,208,6415,59485,03/10/2021,10:43:52,15,0,23.6,1.0,8.5,8.3,2,1,1.00,CYCLE,E
IND,208,6415,59486,03/10/2021,10:44:11,15,1,26.9,1.1,49.2,49.0,2,1,1.00,CYCLE,W
IND,208,6415,59486,03/10/2021,10:45:03,15,1,22.1,1.0,52.1,52.0,2,1,1.00,CYCLE,W
IND,208,6415,59485,03/10/2021,10:45:04,15,0,16.4,1.2,72.4,72.2,2,1,1.00,CYCLE,E
IND,208,6415,59485,03/10/2021,10:45:05,15,0,15.9,1.1,1.0,0.7,2,1,1.00,CYCLE,E
IND,208,6415,59485,03/10/2021,10:45:29,15,0,22.4,1.1,23.4,23.2,2,1,1.00,CYCLE,E
IND,208,6415,59485,03/10/2021,10:45:29,15,0,23.8,1.1,0.7,0.5,2,1,1.00,CYCLE,E
IND,208,6415,59486,03/10/2021,10:45:37,15,1,21.7,1.0,34.1,33.9,2,1,0.40,CYCLE,W
IND,208,6415,59485,03/10/2021,10:45:39,15,0,16.8,1.1,9.7,9.5,2,1,1.00,CYCLE,E
IND,208,6415,59485,03/10/2021,10:45:48,15,0,16.7,1.1,9.0,8.8,2,1,1.00,CYCLE,E
IND,208,6415,59486,03/10/2021,10:45:50,15,1,22.1,1.0,12.4,12.1,2,1,1.00,CYCLE,W
IND,208,6415,59485,03/10/2021,10:46:22,15,0,22.4,1.0,34.2,34.0,2,1,1.00,CYCLE,E
IND,208,6415,59486,03/10/2021,10:46:28,15,1,22.9,1.0,38.5,38.3,2,1,1.00,CYCLE,W
IND,208,6415,59486,03/10/2021,10:46:29,15,1,21.5,1.1,1.0,0.9,2,1,1.00,CYCLE,W
IND,208,6415,59486,03/10/2021,10:46:36,15,1,19.4,0.9,6.3,6.1,2,1,1.00,CYCLE,W
IND,208,6415,59486,03/10/2021,10:46:37,15,1,18.5,1.1,1.4,1.2,2,1,1.00,CYCLE,W
IND,208,6415,59486,03/10/2021,10:46:57,15,1,22.3,1.1,19.7,19.4,2,1,1.00,CYCLE,W
IND,208,6415,59486,03/10/2021,10:47:16,15,1,24.7,1.1,19.6,19.4,2,1,1.00,CYCLE,W
IND,208,6415,59486,03/10/2021,10:47:58,15,1,22.0,1.1,41.6,41.5,2,1,1.00,CYCLE,W
IND,208,6415,59486,03/10/2021,10:47:59,15,1,20.9,1.0,1.3,1.2,2,1,1.00,CYCLE,W
IND,208,6415,59486,03/10/2021,10:48:17,15,1,24.7,1.1,18.2,18.0,2,1,1.00,CYCLE,W
IND,208,6415,59486,03/10/2021,10:48:19,15,1,27.3,0.9,1.7,1.5,2,1,1.00,CYCLE,W
IND,208,6415,59485,03/10/2021,10:48:40,15,0,17.2,1.1,137.9,137.7,2,1,1.00,CYCLE,E
IND,208,6415,59485,03/10/2021,10:48:42,15,0,16.5,1.1,2.4,2.2,2,1,1.00,CYCLE,E
IND,208,6415,59485,03/10/2021,10:48:48,15,0,25.5,1.0,5.7,5.5,2,1,1.00,CYCLE,E
IND,208,6415,59485,03/10/2021,10:48:49,15,0,24.6,1.0,0.5,0.3,2,1,1.00,CYCLE,E
IND,208,6415,59485,03/10/2021,10:48:54,15,0,17.1,1.0,5.4,5.2,2,1,0.80,CYCLE,E
IND,208,6415,59486,03/10/2021,10:48:58,15,1,24.4,1.0,38.6,38.4,2,1,1.00,CYCLE,W
IND,208,6415,59485,03/10/2021,10:49:07,15,0,22.7,1.0,13.1,12.9,2,1,1.00,CYCLE,E
IND,208,6415,59485,03/10/2021,10:49:08,15,0,22.7,0.9,0.5,0.4,2,1,1.00,CYCLE,E
IND,208,6415,59486,03/10/2021,10:49:12,15,1,10.5,1.0,14.1,13.9,2,1,0.50,CYCLE,W
IND,208,6415,59486,03/10/2021,10:49:14,15,1,16.2,1.1,2.2,1.8,2,1,1.00,CYCLE,W
IND,208,6415,59485,03/10/2021,10:49:39,15,0,19.6,1.1,32.0,31.8,2,1,1.00,CYCLE,E
IND,208,6415,59486,03/10/2021,10:49:48,15,1,25.0,1.0,34.4,34.2,2,1,1.00,CYCLE,W
IND,208,6415,59486,03/10/2021,10:49:50,15,1,20.1,1.0,2.0,1.9,2,1,1.00,CYCLE,W
IND,208,6415,59486,03/10/2021,10:49:55,15,1,21.3,1.1,4.8,4.6,2,1,1.00,CYCLE,W
IND,208,6415,59486,03/10/2021,10:50:39,15,1,21.3,1.1,43.5,43.3,2,1,1.00,CYCLE,W
IND,208,6415,59486,03/10/2021,10:50:39,15,1,21.1,1.0,0.5,0.3,2,1,1.00,CYCLE,W
IND,208,6415,59486,03/10/2021,10:50:41,15,1,25.6,1.1,1.8,1.6,2,1,1.00,CYCLE,W
IND,208,6415,59485,03/10/2021,10:50:42,15,0,30.6,1.0,62.3,62.1,2,1,1.00,CYCLE,E
IND,208,6415,59485,03/10/2021,10:50:53,15,0,23.2,1.1,11.2,11.1,2,1,1.00,CYCLE,E
IND,208,6415,59485,03/10/2021,10:50:53,15,0,23.7,1.1,0.4,0.3,2,1,1.00,CYCLE,E
IND,208,6415,59485,03/10/2021,10:50:54,15,0,24.4,1.0,0.4,0.2,2,1,1.00,CYCLE,E
IND,208,6415,59485,03/10/2021,10:50:54,15,0,25.0,1.0,0.4,0.2,2,1,1.00,CYCLE,E
IND,208,6415,59486,03/10/2021,10:51:12,15,1,19.0,1.0,31.0,30.9,2,1,1.00,CYCLE,W
IND,208,6415,59486,03/10/2021,10:51:46,15,1,19.2,1.1,34.5,34.3,2,1,1.00,CYCLE,W
IND,208,6415,59485,03/10/2021,10:52:08,15,0,27.9,1.1,73.3,73.2,2,1,1.00,CYCLE,E
IND,208,6415,59485,03/10/2021,10:52:09,15,0,25.1,1.1,1.8,1.7,2,1,1.00,CYCLE,E
IND,208,6415,59485,03/10/2021,10:52:41,15,0,20.5,1.1,31.8,31.6,2,1,1.00,CYCLE,E
IND,208,6415,59486,03/10/2021,10:52:44,15,1,14.9,1.0,57.6,57.4,2,1,0.57,CYCLE,W
IND,208,6415,59486,03/10/2021,10:52:48,15,1,23.5,1.0,4.2,3.7,2,1,1.00,CYCLE,W
IND,208,6415,59486,03/10/2021,10:52:50,15,1,19.4,1.0,2.3,2.1,2,1,1.00,CYCLE,W
IND,208,6415,59485,03/10/2021,10:53:11,15,0,25.4,1.0,30.0,29.8,2,1,1.00,CYCLE,E
IND,208,6415,59486,03/10/2021,10:53:41,15,1,22.8,1.0,50.8,50.6,2,1,1.00,CYCLE,W
IND,208,6415,59486,03/10/2021,10:53:48,15,1,21.1,0.7,6.9,6.8,2,1,1.00,CYCLE,W
IND,208,6415,59486,03/10/2021,10:54:13,15,1,21.1,1.2,24.8,24.7,2,1,1.00,CYCLE,W
IND,208,6415,59486,03/10/2021,10:54:14,15,1,21.8,1.1,0.7,0.5,2,1,1.00,CYCLE,W
IND,208,6415,59486,03/10/2021,10:54:23,15,1,21.1,1.0,9.0,8.8,2,1,1.00,CYCLE,W
IND,208,6415,59486,03/10/2021,10:54:24,15,1,22.3,1.1,1.2,1.0,2,1,1.00,CYCLE,W
IND,208,6415,59485,03/10/2021,10:54:33,15,0,13.3,1.0,81.7,81.6,2,1,0.67,CYCLE,E
IND,208,6415,59485,03/10/2021,10:54:34,15,0,16.7,1.1,1.1,0.7,2,1,1.00,CYCLE,E
IND,208,6415,59486,03/10/2021,10:54:35,15,1,17.5,1.0,10.7,10.6,2,1,1.00,CYCLE,W
IND,208,6415,59486,03/10/2021,10:54:36,15,1,18.3,1.0,1.3,1.1,2,1,1.00,CYCLE,W
IND,208,6415,59486,03/10/2021,10:54:38,15,1,18.3,1.0,2.5,2.3,2,1,1.00,CYCLE,W
IND,208,6415,59486,03/10/2021,10:54:40,15,1,13.3,1.0,2.1,2.6,2,1,0.80,CYCLE,W
IND,208,6415,59486,03/10/2021,10:54:58,15,1,21.1,1.1,17.5,16.4,2,1,1.00,CYCLE,W
IND,208,6415,59485,03/10/2021,10:55:02,15,0,13.2,1.0,28.1,27.9,2,1,1.00,CYCLE,E
IND,208,6415,59485,03/10/2021,10:55:08,15,0,1.6,1.0,5.6,5.3,2,1,0.25,CYCLE,E
IND,208,6415,59485,03/10/2021,10:55:08,15,0,1.6,1.0,0.0,0.0,2,1,0.25,CYCLE,E
IND,208,6415,59486,03/10/2021,10:55:36,15,1,23.3,1.0,38.0,37.8,2,1,1.00,CYCLE,W
IND,208,6415,59486,03/10/2021,10:55:45,15,1,15.2,1.0,9.0,8.9,2,1,1.00,CYCLE,W
IND,208,6415,59486,03/10/2021,10:55:46,15,1,14.4,1.1,1.4,1.1,2,1,1.00,CYCLE,W
IND,208,6415,59486,03/10/2021,10:56:05,15,1,21.3,1.1,18.2,17.9,2,1,1.00,CYCLE,W
IND,208,6415,59485,03/10/2021,10:56:07,15,0,4.1,1.0,58.9,57.4,2,1,0.20,CYCLE,E
IND,208,6415,59485,03/10/2021,10:56:07,15,0,4.1,1.0,0.0,0.0,2,1,0.20,CYCLE,E
IND,208,6415,59486,03/10/2021,10:56:16,15,1,21.7,1.1,11.3,11.2,2,1,1.00,CYCLE,W
IND,208,6415,59485,03/10/2021,10:56:30,15,0,20.4,1.0,23.4,21.8,2,1,1.00,CYCLE,E
IND,208,6415,59485,03/10/2021,10:56:32,15,0,18.8,1.1,2.0,1.9,2,1,1.00,CYCLE,E
IND,208,6415,59485,03/10/2021,10:56:33,15,0,19.8,1.1,1.1,0.8,2,1,1.00,CYCLE,E
IND,208,6415,59486,03/10/2021,10:56:45,15,1,23.9,1.0,29.1,28.9,2,1,1.00,CYCLE,W
IND,208,6415,59486,03/10/2021,10:58:36,15,1,26.3,1.0,111.5,111.3,2,1,1.00,CYCLE,W
IND,208,6415,59485,03/10/2021,10:58:43,15,0,21.3,1.0,129.4,129.2,2,1,1.00,CYCLE,E
IND,208,6415,59486,03/10/2021,10:59:41,15,1,18.9,1.0,64.1,64.0,2,1,0.60,CYCLE,W
IND,208,6415,59486,03/10/2021,10:59:47,15,1,23.8,1.1,6.0,5.2,2,1,1.00,CYCLE,W
IND,208,6415,59485,03/10/2021,11:00:33,15,0,13.6,1.1,110.2,110.0,2,1,1.00,CYCLE,E
IND,208,6415,59485,03/10/2021,11:00:38,15,0,20.3,1.0,4.9,4.6,2,1,1.00,CYCLE,E
IND,208,6415,59486,03/10/2021,11:00:38,15,1,29.5,1.1,51.9,51.8,2,1,1.00,CYCLE,W
IND,208,6415,59486,03/10/2021,11:01:01,15,1,19.2,1.0,22.1,22.0,2,1,1.00,CYCLE,W
IND,208,6415,59486,03/10/2021,11:01:02,15,1,16.8,1.1,1.5,1.4,2,1,1.00,CYCLE,W
IND,208,6415,59486,03/10/2021,11:01:07,15,1,25.5,1.0,5.0,4.7,2,1,1.00,CYCLE,W
IND,208,6415,59485,03/10/2021,11:01:23,15,0,16.2,1.1,45.1,45.0,2,1,1.00,CYCLE,E
IND,208,6415,59486,03/10/2021,11:01:47,15,1,5.8,0.7,18.2,18.0,2,1,0.80,CYCLE,W
IND,208,6415,59485,03/10/2021,11:02:16,15,0,17.5,1.2,52.8,52.5,2,1,1.00,CYCLE,E
IND,208,6415,59485,03/10/2021,11:02:16,15,0,18.5,1.1,0.7,0.4,2,1,1.00,CYCLE,E
IND,208,6415,59485,03/10/2021,11:02:17,15,0,18.5,1.1,1.0,0.7,2,1,1.00,CYCLE,E
IND,208,6415,59486,03/10/2021,11:02:34,15,1,29.3,1.0,47.4,47.2,2,1,1.00,CYCLE,W
IND,208,6415,59485,03/10/2021,11:02:36,15,0,19.6,1.0,18.7,18.5,2,1,1.00,CYCLE,E
IND,208,6415,59486,03/10/2021,11:02:47,15,1,22.4,1.0,12.6,12.5,2,1,1.00,CYCLE,W
IND,208,6415,59486,03/10/2021,11:03:04,15,1,19.8,1.0,17.0,16.8,2,1,1.00,CYCLE,W
IND,208,6415,59486,03/10/2021,11:03:07,15,1,18.0,1.1,3.0,2.8,2,1,1.00,CYCLE,W
IND,208,6415,59486,03/10/2021,11:03:31,15,1,30.2,1.0,23.9,23.7,2,1,1.00,CYCLE,W
IND,208,6415,59485,03/10/2021,11:03:37,15,0,18.6,1.1,0.5,0.3,2,1,1.00,CYCLE,E
IND,208,6415,59485,03/10/2021,11:03:38,15,0,17.9,1.0,1.4,1.2,2,1,1.00,CYCLE,E
IND,208,6415,59485,03/10/2021,11:03:42,15,0,18.2,1.0,3.4,3.2,2,1,1.00,CYCLE,E
IND,208,6415,59486,03/10/2021,11:04:37,15,1,19.5,1.0,66.4,67.1,2,1,0.80,CYCLE,W
IND,208,6415,59485,03/10/2021,11:05:33,15,0,15.1,1.1,111.4,111.2,2,1,1.00,CYCLE,E
IND,208,6415,59485,03/10/2021,11:05:34,15,0,16.4,1.0,1.0,0.8,2,1,1.00,CYCLE,E
IND,208,6415,59485,03/10/2021,11:05:35,15,0,16.5,1.1,0.8,0.6,2,1,1.00,CYCLE,E
IND,208,6415,59485,03/10/2021,11:05:49,15,0,18.8,1.0,13.8,13.6,2,1,1.00,CYCLE,E
IND,208,6415,59486,03/10/2021,11:06:23,15,1,14.9,1.1,106.5,105.5,2,1,1.00,CYCLE,W
IND,208,6415,59486,03/10/2021,11:06:25,15,1,16.9,1.0,1.7,1.4,2,1,1.00,CYCLE,W
IND,208,6415,59486,03/10/2021,11:06:26,15,1,16.8,1.1,0.9,0.6,2,1,1.00,CYCLE,W
IND,208,6415,59486,03/10/2021,11:06:27,15,1,16.7,1.1,0.8,0.6,2,1,1.00,CYCLE,W
IND,208,6415,59485,03/10/2021,11:06:54,15,0,23.8,1.1,65.4,65.2,2,1,1.00,CYCLE,E
IND,208,6415,59485,03/10/2021,11:07:04,15,0,16.9,1.0,9.4,9.3,2,1,1.00,CYCLE,E
IND,208,6415,59485,03/10/2021,11:07:05,15,0,14.2,0.9,1.2,1.0,2,1,1.00,CYCLE,E
IND,208,6415,59485,03/10/2021,11:07:06,15,0,14.8,1.0,1.1,0.9,2,1,1.00,CYCLE,E
IND,208,6415,59486,03/10/2021,11:07:29,15,1,27.8,1.1,62.3,62.1,2,1,1.00,CYCLE,W
IND,208,6415,59486,03/10/2021,11:07:41,15,1,28.8,1.0,11.7,11.6,2,1,1.00,CYCLE,W
IND,208,6415,59485,03/10/2021,11:08:28,15,0,24.9,1.0,81.7,81.4,2,1,1.00,CYCLE,E
IND,208,6415,59485,03/10/2021,11:08:52,15,0,19.7,1.0,24.5,24.4,2,1,1.00,CYCLE,E
IND,208,6415,59486,03/10/2021,11:09:04,15,1,15.6,1.1,83.2,83.1,2,1,1.00,CYCLE,W
IND,208,6415,59486,03/10/2021,11:09:05,15,1,14.3,1.0,0.8,0.5,2,1,1.00,CYCLE,W
IND,208,6415,59485,03/10/2021,11:09:17,15,0,23.8,1.0,25.3,25.1,2,1,1.00,CYCLE,E
IND,208,6415,59485,03/10/2021,11:10:16,15,0,18.2,1.1,58.8,58.7,2,1,1.00,CYCLE,E
IND,208,6415,59486,03/10/2021,11:10:51,15,1,25.4,1.0,106.3,106.0,2,1,1.00,CYCLE,W
IND,208,6415,59486,03/10/2021,11:11:27,15,1,14.3,1.0,35.7,35.6,2,1,1.00,CYCLE,W
IND,208,6415,59486,03/10/2021,11:11:27,15,1,14.3,1.0,0.0,0.0,2,1,1.00,CYCLE,W
IND,208,6415,59486,03/10/2021,11:11:27,15,1,14.3,1.0,0.0,0.0,2,1,1.00,CYCLE,W
IND,208,6415,59486,03/10/2021,11:11:32,15,1,3.2,0.3,5.0,4.3,2,1,1.00,CYCLE,W
IND,208,6415,59485,03/10/2021,11:11:38,15,0,15.1,1.2,82.2,82.0,2,1,1.00,CYCLE,E
IND,208,6415,59485,03/10/2021,11:11:39,15,0,14.9,1.1,1.0,0.7,2,1,1.00,CYCLE,E
IND,208,6415,59485,03/10/2021,11:11:40,15,0,15.1,1.0,1.0,0.7,2,1,1.00,CYCLE,E
IND,208,6415,59486,03/10/2021,11:12:27,15,1,29.8,1.1,55.7,54.9,2,1,1.00,CYCLE,W
IND,208,6415,59485,03/10/2021,11:12:41,15,0,29.1,1.0,60.3,60.1,2,1,1.00,CYCLE,E
IND,208,6415,59485,03/10/2021,11:12:52,15,0,14.8,1.1,10.8,10.7,2,1,1.00,CYCLE,E
IND,208,6415,59485,03/10/2021,11:12:52,15,0,17.0,1.0,0.9,0.6,2,1,1.00,CYCLE,E
IND,208,6415,59485,03/10/2021,11:12:54,15,0,18.9,1.1,1.9,1.7,2,1,1.00,CYCLE,E
IND,208,6415,59486,03/10/2021,11:15:02,15,1,29.2,1.2,154.3,154.1,2,1,1.00,CYCLE,W
IND,208,6415,59485,03/10/2021,11:15:53,15,0,16.9,1.1,179.0,178.8,2,1,1.00,CYCLE,E
IND,208,6415,59486,03/10/2021,11:16:04,15,1,28.7,1.0,13.4,11.9,2,1,1.00,CYCLE,W
IND,208,6415,59485,03/10/2021,11:16:07,15,0,16.6,1.1,14.1,13.9,2,1,1.00,CYCLE,E
IND,208,6415,59485,03/10/2021,11:16:13,15,0,21.4,1.1,5.6,5.3,2,1,1.00,CYCLE,E
IND,208,6415,59485,03/10/2021,11:16:14,15,0,21.3,1.0,0.8,0.6,2,1,1.00,CYCLE,E
IND,208,6415,59486,03/10/2021,11:16:29,15,1,19.6,1.0,24.8,24.6,2,1,0.33,CYCLE,W
IND,208,6415,59486,03/10/2021,11:16:29,15,1,19.6,1.0,0.0,0.0,2,1,0.33,CYCLE,W
IND,208,6415,59485,03/10/2021,11:16:35,15,0,19.1,1.1,21.0,20.8,2,1,1.00,CYCLE,E
IND,208,6415,59485,03/10/2021,11:16:50,15,0,19.2,1.1,15.5,15.3,2,1,1.00,CYCLE,E
IND,208,6415,59486,03/10/2021,11:17:16,15,1,21.5,1.0,46.7,46.4,2,1,1.00,CYCLE,W
IND,208,6415,59486,03/10/2021,11:17:18,15,1,20.1,1.1,2.0,1.8,2,1,1.00,CYCLE,W
IND,208,6415,59486,03/10/2021,11:17:59,15,1,25.7,1.1,41.5,41.3,2,1,1.00,CYCLE,W
IND,208,6415,59486,03/10/2021,11:18:01,15,1,25.1,1.1,1.4,1.3,2,1,1.00,CYCLE,W
IND,208,6415,59486,03/10/2021,11:18:20,15,1,18.4,1.1,19.1,19.0,2,1,1.00,CYCLE,W
IND,208,6415,59486,03/10/2021,11:19:00,15,1,23.5,1.0,40.4,40.2,2,1,1.00,CYCLE,W
IND,208,6415,59485,03/10/2021,11:19:10,15,0,21.6,1.1,139.4,139.2,2,1,1.00,CYCLE,E
IND,208,6415,59485,03/10/2021,11:19:13,15,0,21.1,1.0,3.3,3.2,2,1,1.00,CYCLE,E
IND,208,6415,59486,03/10/2021,11:21:05,15,1,26.7,1.0,125.3,125.1,2,1,1.00,CYCLE,W
IND,208,6415,59486,03/10/2021,11:21:06,15,1,26.1,1.1,0.8,0.7,2,1,1.00,CYCLE,W
IND,208,6415,59486,03/10/2021,11:21:09,15,1,22.6,1.0,3.1,2.9,2,1,1.00,CYCLE,W
IND,208,6415,59486,03/10/2021,11:21:14,15,1,21.3,1.0,4.4,4.2,2,1,1.00,CYCLE,W
IND,208,6415,59486,03/10/2021,11:21:14,15,1,21.9,1.0,0.8,0.6,2,1,1.00,CYCLE,W
IND,208,6415,59486,03/10/2021,11:21:47,15,1,23.0,1.0,32.2,32.1,2,1,1.00,CYCLE,W
IND,208,6415,59485,03/10/2021,11:21:52,15,0,20.8,1.0,159.4,159.2,2,1,0.67,CYCLE,E
IND,208,6415,59485,03/10/2021,11:22:03,15,0,13.7,1.1,10.6,9.6,2,1,1.00,CYCLE,E
IND,208,6415,59486,03/10/2021,11:22:26,15,1,25.2,1.0,39.1,39.0,2,1,1.00,CYCLE,W
IND,208,6415,59486,03/10/2021,11:22:34,15,1,7.2,1.0,8.1,7.9,2,1,0.22,CYCLE,W
IND,208,6415,59485,03/10/2021,11:23:16,15,0,17.4,1.0,73.4,73.1,2,1,1.00,CYCLE,E
IND,208,6415,59486,03/10/2021,11:24:26,15,1,28.4,1.0,112.3,111.2,2,1,1.00,CYCLE,W
IND,208,6415,59485,03/10/2021,11:24:34,15,0,14.7,1.1,77.2,77.0,2,1,1.00,CYCLE,E
IND,208,6415,59485,03/10/2021,11:24:35,15,0,15.3,1.1,1.8,1.5,2,1,1.00,CYCLE,E
IND,208,6415,59485,03/10/2021,11:24:46,15,0,24.1,1.0,10.5,10.3,2,1,1.00,CYCLE,E
IND,208,6415,59485,03/10/2021,11:24:51,15,0,16.8,1.1,5.3,5.2,2,1,1.00,CYCLE,E
IND,208,6415,59486,03/10/2021,11:24:59,15,1,23.5,1.0,32.8,32.7,2,1,1.00,CYCLE,W
IND,208,6415,59486,03/10/2021,11:25:01,15,1,20.2,1.0,2.5,2.4,2,1,1.00,CYCLE,W
IND,208,6415,59486,03/10/2021,11:25:08,15,1,23.0,1.0,6.9,6.7,2,1,1.00,CYCLE,W
IND,208,6415,59486,03/10/2021,11:25:09,15,1,32.9,1.1,1.0,0.8,2,1,1.00,CYCLE,W
IND,208,6415,59486,03/10/2021,11:25:10,15,1,23.4,1.0,0.6,0.5,2,1,1.00,CYCLE,W
IND,208,6415,59486,03/10/2021,11:25:11,15,1,23.2,1.1,1.0,0.9,2,1,1.00,CYCLE,W
IND,208,6415,59485,03/10/2021,11:25:22,15,0,17.0,1.1,31.0,30.7,2,1,1.00,CYCLE,E
IND,208,6415,59485,03/10/2021,11:25:45,15,0,24.9,1.2,22.7,22.4,2,1,1.00,CYCLE,E
IND,208,6415,59486,03/10/2021,11:26:05,15,1,8.8,1.0,54.2,54.1,2,1,1.00,CYCLE,W
IND,208,6415,59485,03/10/2021,11:26:10,15,0,15.3,1.0,25.5,25.3,2,1,1.00,CYCLE,E
IND,208,6415,59485,03/10/2021,11:26:11,15,0,16.1,1.0,0.7,0.5,2,1,1.00,CYCLE,E
IND,208,6415,59485,03/10/2021,11:26:13,15,0,15.7,1.0,1.6,1.3,2,1,1.00,CYCLE,E
IND,208,6415,59485,03/10/2021,11:27:01,15,0,9.1,0.6,47.9,47.6,2,1,1.00,CYCLE,E
IND,208,6415,59486,03/10/2021,11:28:39,15,1,30.4,1.0,152.5,152.1,2,1,1.00,CYCLE,W
IND,208,6415,59486,03/10/2021,11:28:44,15,1,24.7,1.0,5.4,5.2,2,1,1.00,CYCLE,W
IND,208,6415,59486,03/10/2021,11:28:56,15,1,26.0,1.0,11.3,11.2,2,1,1.00,CYCLE,W
IND,208,6415,59485,03/10/2021,11:29:15,15,0,25.9,1.0,134.1,133.8,2,1,1.00,CYCLE,E
IND,208,6415,59485,03/10/2021,11:29:33,15,0,21.5,1.1,18.4,18.3,2,1,1.00,CYCLE,E
IND,208,6415,59485,03/10/2021,11:29:43,15,0,28.6,1.0,10.2,10.0,2,1,1.00,CYCLE,E
IND,208,6415,59486,03/10/2021,11:30:29,15,1,21.8,1.1,93.7,93.5,2,1,1.00,CYCLE,W
IND,208,6415,59486,03/10/2021,11:30:41,15,1,26.1,1.1,11.3,11.1,2,1,1.00,CYCLE,W
IND,208,6415,59486,03/10/2021,11:30:58,15,1,23.4,1.0,17.7,17.6,2,1,1.00,CYCLE,W
IND,208,6415,59486,03/10/2021,11:30:59,15,1,24.3,1.1,0.3,0.2,2,1,1.00,CYCLE,W
IND,208,6415,59486,03/10/2021,11:31:15,15,1,32.1,1.0,16.2,16.0,2,1,1.00,CYCLE,W
IND,208,6415,59486,03/10/2021,11:31:28,15,1,16.3,1.0,13.6,13.5,2,1,1.00,CYCLE,W
IND,208,6415,59486,03/10/2021,11:31:29,15,1,16.8,0.9,0.7,0.5,2,1,1.00,CYCLE,W
IND,208,6415,59486,03/10/2021,11:31:31,15,1,16.5,0.9,1.8,1.6,2,1,1.00,CYCLE,W
IND,208,6415,59486,03/10/2021,11:31:33,15,1,17.6,1.1,1.8,1.6,2,1,1.00,CYCLE,W
IND,208,6415,59485,03/10/2021,11:32:21,15,0,21.1,1.1,157.6,157.5,2,1,1.00,CYCLE,E
IND,208,6415,59486,03/10/2021,11:32:21,15,1,4.9,0.5,48.7,48.7,2,1,0.80,CYCLE,W
IND,208,6415,59485,03/10/2021,11:32:43,15,0,6.7,0.7,21.7,21.5,2,1,1.00,CYCLE,E
IND,208,6415,59485,03/10/2021,11:32:57,15,0,21.9,1.1,13.9,13.6,2,1,1.00,CYCLE,E
IND,208,6415,59485,03/10/2021,11:33:01,15,0,24.1,1.1,4.3,4.1,2,1,1.00,CYCLE,E
IND,208,6415,59485,03/10/2021,11:33:08,15,0,14.4,1.1,6.2,6.2,2,1,1.00,CYCLE,E
IND,208,6415,59485,03/10/2021,11:33:35,15,0,15.1,1.1,26.8,26.5,2,1,1.00,CYCLE,E
IND,208,6415,59486,03/10/2021,11:33:47,15,1,22.9,1.0,70.4,69.7,2,1,1.00,CYCLE,W
IND,208,6415,59486,03/10/2021,11:33:52,15,1,22.0,1.1,4.7,4.6,2,1,1.00,CYCLE,W
IND,208,6415,59486,03/10/2021,11:33:58,15,1,29.3,1.0,6.0,5.8,2,1,1.00,CYCLE,W
IND,208,6415,59486,03/10/2021,11:34:00,15,1,27.4,1.1,1.4,1.3,2,1,1.00,CYCLE,W
IND,208,6415,59486,03/10/2021,11:34:13,15,1,29.4,1.1,13.8,13.7,2,1,1.00,CYCLE,W
IND,208,6415,59486,03/10/2021,11:34:28,15,1,21.7,1.1,14.2,14.1,2,1,1.00,CYCLE,W
IND,208,6415,59486,03/10/2021,11:34:44,15,1,21.5,1.1,16.5,16.3,2,1,1.00,CYCLE,W
IND,208,6415,59486,03/10/2021,11:34:45,15,1,22.0,1.1,0.7,0.5,2,1,1.00,CYCLE,W
IND,208,6415,59486,03/10/2021,11:34:45,15,1,23.2,1.1,0.3,0.2,2,1,1.00,CYCLE,W
IND,208,6415,59486,03/10/2021,11:35:12,15,1,27.3,1.0,27.0,26.9,2,1,1.00,CYCLE,W
IND,208,6415,59486,03/10/2021,11:35:36,15,1,24.5,1.0,23.8,23.7,2,1,1.00,CYCLE,W
IND,208,6415,59485,03/10/2021,11:35:39,15,0,23.3,1.1,123.5,123.3,2,1,1.00,CYCLE,E
IND,208,6415,59486,03/10/2021,11:35:52,15,1,20.9,1.0,15.6,15.5,2,1,1.00,CYCLE,W
IND,208,6415,59486,03/10/2021,11:35:54,15,1,19.7,1.0,2.8,2.7,2,1,1.00,CYCLE,W
IND,208,6415,59486,03/10/2021,11:36:28,15,1,20.4,0.9,33.1,33.0,2,1,1.00,CYCLE,W
IND,208,6415,59486,03/10/2021,11:36:30,15,1,20.0,0.9,2.3,2.2,2,1,1.00,CYCLE,W
IND,208,6415,59486,03/10/2021,11:36:42,15,1,16.4,1.1,12.1,12.0,2,1,1.00,CYCLE,W
IND,208,6415,59485,03/10/2021,11:36:53,15,0,24.6,1.0,74.1,73.9,2,1,1.00,CYCLE,E
IND,208,6415,59486,03/10/2021,11:37:01,15,1,26.6,1.1,18.9,18.6,2,1,1.00,CYCLE,W
IND,208,6415,59485,03/10/2021,11:37:20,15,0,17.6,0.9,27.2,27.1,2,1,1.00,CYCLE,E
IND,208,6415,59485,03/10/2021,11:37:20,15,0,17.5,1.1,0.5,0.3,2,1,1.00,CYCLE,E
IND,208,6415,59485,03/10/2021,11:37:21,15,0,17.5,0.9,0.7,0.5,2,1,1.00,CYCLE,E
IND,208,6415,59485,03/10/2021,11:37:22,15,0,21.8,1.1,0.7,0.5,2,1,1.00,CYCLE,E
IND,208,6415,59485,03/10/2021,11:37:22,15,0,15.0,0.9,0.5,0.3,2,1,1.00,CYCLE,E
IND,208,6415,59485,03/10/2021,11:37:26,15,0,16.1,1.1,3.8,3.6,2,1,1.00,CYCLE,E
IND,208,6415,59486,03/10/2021,11:37:27,15,1,13.3,1.0,26.5,26.4,2,1,0.57,CYCLE,W
IND,208,6415,59486,03/10/2021,11:37:27,15,1,13.3,1.0,0.0,0.0,2,1,0.57,CYCLE,W
IND,208,6415,59485,03/10/2021,11:37:32,15,0,15.8,1.1,5.8,5.5,2,1,1.00,CYCLE,E
IND,208,6415,59485,03/10/2021,11:37:34,15,0,14.2,1.1,1.6,1.4,2,1,1.00,CYCLE,E
IND,208,6415,59485,03/10/2021,11:37:51,15,0,15.9,1.1,17.6,17.3,2,1,1.00,CYCLE,E
IND,208,6415,59486,03/10/2021,11:37:52,15,1,1.5,1.0,24.9,24.5,2,1,0.29,CYCLE,W
IND,208,6415,59486,03/10/2021,11:38:17,15,1,24.3,1.0,25.2,23.2,2,1,0.50,CYCLE,W
IND,208,6415,59485,03/10/2021,11:38:17,15,0,24.3,1.0,0.0,0.0,2,1,0.50,CYCLE,E
IND,208,6415,59486,03/10/2021,11:39:50,15,1,16.2,1.0,92.8,92.6,2,1,1.00,CYCLE,W
IND,208,6415,59485,03/10/2021,11:40:01,15,0,16.8,1.1,130.0,129.7,2,1,1.00,CYCLE,E
IND,208,6415,59486,03/10/2021,11:40:44,15,1,22.6,1.0,53.8,53.5,2,1,1.00,CYCLE,W
IND,208,6415,59485,03/10/2021,11:41:02,15,0,24.9,1.1,60.3,60.1,2,1,1.00,CYCLE,E
IND,208,6415,59485,03/10/2021,11:41:07,15,0,25.7,1.0,5.9,5.8,2,1,1.00,CYCLE,E
IND,208,6415,59486,03/10/2021,11:41:11,15,1,28.3,1.1,26.8,26.6,2,1,1.00,CYCLE,W
IND,208,6415,59486,03/10/2021,11:41:13,15,1,24.3,1.0,1.9,1.7,2,1,1.00,CYCLE,W
IND,208,6415,59486,03/10/2021,11:41:13,15,1,25.7,1.0,0.5,1.1,2,1,0.80,CYCLE,W
IND,208,6415,59486,03/10/2021,11:41:31,15,1,18.6,1.0,17.6,16.7,2,1,1.00,CYCLE,W
IND,208,6415,59486,03/10/2021,11:41:31,15,1,18.5,1.0,0.7,0.5,2,1,1.00,CYCLE,W
IND,208,6415,59486,03/10/2021,11:41:51,15,1,21.0,1.0,19.1,18.9,2,1,1.00,CYCLE,W
IND,208,6415,59486,03/10/2021,11:41:53,15,1,14.7,1.1,2.8,2.6,2,1,1.00,CYCLE,W
IND,208,6415,59486,03/10/2021,11:42:31,15,1,18.7,1.0,25.9,25.8,2,1,1.00,CYCLE,W
IND,208,6415,59486,03/10/2021,11:44:03,15,1,19.6,1.0,92.1,91.9,2,1,1.00,CYCLE,W
IND,208,6415,59486,03/10/2021,11:44:04,15,1,24.1,1.0,1.4,1.2,2,1,1.00,CYCLE,W
IND,208,6415,59486,03/10/2021,11:44:05,15,1,22.0,1.0,0.9,0.8,2,1,1.00,CYCLE,W
IND,208,6415,59486,03/10/2021,11:44:10,15,1,22.1,1.1,4.9,4.8,2,1,1.00,CYCLE,W
IND,208,6415,59485,03/10/2021,11:44:25,15,0,27.5,1.0,197.3,197.2,2,1,1.00,CYCLE,E
IND,208,6415,59485,03/10/2021,11:44:26,15,0,24.5,1.0,1.3,1.2,2,1,1.00,CYCLE,E
IND,208,6415,59485,03/10/2021,11:45:06,15,0,13.5,1.1,40.3,40.2,2,1,1.00,CYCLE,E
IND,208,6415,59485,03/10/2021,11:45:18,15,0,12.8,1.0,11.4,11.1,2,1,1.00,CYCLE,E
IND,208,6415,59485,03/10/2021,11:45:51,15,0,14.4,1.1,33.0,32.7,2,1,1.00,CYCLE,E
IND,208,6415,59485,03/10/2021,11:45:52,15,0,14.4,1.1,0.9,0.7,2,1,1.00,CYCLE,E
IND,208,6415,59486,03/10/2021,11:46:29,15,1,20.8,0.9,138.4,138.2,2,1,1.00,CYCLE,W
IND,208,6415,59485,03/10/2021,11:46:29,15,0,20.4,1.1,37.7,37.4,2,1,1.00,CYCLE,E
IND,208,6415,59486,03/10/2021,11:46:30,15,1,23.4,1.1,1.6,1.4,2,1,1.00,CYCLE,W
IND,208,6415,59485,03/10/2021,11:46:40,15,0,20.3,1.0,10.7,10.5,2,1,1.00,CYCLE,E
IND,208,6415,59485,03/10/2021,11:46:55,15,0,18.2,1.0,14.7,14.5,2,1,1.00,CYCLE,E
IND,208,6415,59485,03/10/2021,11:47:02,15,0,5.5,1.0,7.3,7.4,2,1,0.44,CYCLE,E
IND,208,6415,59485,03/10/2021,11:47:02,15,0,5.5,1.0,0.0,0.0,2,1,0.44,CYCLE,E
IND,208,6415,59486,03/10/2021,11:47:15,15,1,10.2,1.0,44.5,44.4,2,1,1.00,CYCLE,W
IND,208,6415,59486,03/10/2021,11:47:16,15,1,14.4,1.0,1.5,1.1,2,1,1.00,CYCLE,W
IND,208,6415,59486,03/10/2021,11:47:18,15,1,21.9,1.0,1.3,1.0,2,1,1.00,CYCLE,W
IND,208,6415,59486,03/10/2021,11:47:18,15,1,22.1,1.0,0.8,0.6,2,1,1.00,CYCLE,W
IND,208,6415,59486,03/10/2021,11:47:38,15,1,32.1,1.1,20.2,20.0,2,1,1.00,CYCLE,W
IND,208,6415,59485,03/10/2021,11:47:41,15,0,12.7,1.2,39.3,37.8,2,1,1.00,CYCLE,E
IND,208,6415,59485,03/10/2021,11:47:42,15,0,12.0,1.0,0.7,0.4,2,1,1.00,CYCLE,E
IND,208,6415,59486,03/10/2021,11:47:43,15,1,27.9,1.0,4.7,4.5,2,1,1.00,CYCLE,W
IND,208,6415,59486,03/10/2021,11:47:44,15,1,27.4,1.0,1.0,0.9,2,1,1.00,CYCLE,W
IND,208,6415,59485,03/10/2021,11:49:04,15,0,25.7,1.0,81.5,81.2,2,1,1.00,CYCLE,E
IND,208,6415,59486,03/10/2021,11:49:17,15,1,22.3,1.0,92.4,92.3,2,1,1.00,CYCLE,W
IND,208,6415,59486,03/10/2021,11:49:18,15,1,19.5,1.1,1.4,1.2,2,1,1.00,CYCLE,W
IND,208,6415,59486,03/10/2021,11:50:05,15,1,24.5,1.1,46.9,46.6,2,1,1.00,CYCLE,W
IND,208,6415,59486,03/10/2021,11:50:21,15,1,15.2,1.1,16.2,16.1,2,1,1.00,CYCLE,W
IND,208,6415,59485,03/10/2021,11:50:34,15,0,25.3,1.1,90.8,90.6,2,1,1.00,CYCLE,E
IND,208,6415,59485,03/10/2021,11:51:22,15,0,17.0,1.0,47.8,47.7,2,1,1.00,CYCLE,E
IND,208,6415,59485,03/10/2021,11:51:25,15,0,15.2,1.1,2.8,2.6,2,1,1.00,CYCLE,E
IND,208,6415,59485,03/10/2021,11:51:26,15,0,15.1,1.0,1.5,1.3,2,1,1.00,CYCLE,E
IND,208,6415,59486,03/10/2021,11:53:19,15,1,22.5,1.0,178.2,177.9,2,1,1.00,CYCLE,W
IND,208,6415,59486,03/10/2021,11:53:35,15,1,14.8,1.0,16.1,16.0,2,1,1.00,CYCLE,W
IND,208,6415,59486,03/10/2021,11:53:36,15,1,14.0,1.1,0.8,0.5,2,1,1.00,CYCLE,W
IND,208,6415,59486,03/10/2021,11:53:37,15,1,14.7,1.1,1.1,0.9,2,1,1.00,CYCLE,W
IND,208,6415,59486,03/10/2021,11:53:38,15,1,15.3,1.0,0.7,0.5,2,1,1.00,CYCLE,W
IND,208,6415,59485,03/10/2021,11:53:56,15,0,12.3,1.1,57.9,57.9,2,1,1.00,CYCLE,E
IND,208,6415,59486,03/10/2021,11:54:20,15,1,25.1,1.1,42.0,41.7,2,1,1.00,CYCLE,W
IND,208,6415,59486,03/10/2021,11:54:23,15,1,26.2,1.0,3.0,2.9,2,1,1.00,CYCLE,W
IND,208,6415,59486,03/10/2021,11:54:23,15,1,26.2,1.0,0.0,0.0,2,1,1.00,CYCLE,W
IND,208,6415,59486,03/10/2021,11:54:25,15,1,30.7,1.0,2.1,1.9,2,1,1.00,CYCLE,W
IND,208,6415,59486,03/10/2021,11:54:48,15,1,10.1,1.0,22.7,22.5,2,1,0.67,CYCLE,W
IND,208,6415,59486,03/10/2021,11:54:48,15,1,10.1,1.0,0.0,0.0,2,1,0.67,CYCLE,W
IND,208,6415,59485,03/10/2021,11:55:46,15,0,5.6,0.5,109.3,108.9,2,1,0.80,CYCLE,E
IND,208,6415,59486,03/10/2021,11:56:02,15,1,31.7,1.0,74.0,71.4,2,1,1.00,CYCLE,W
IND,208,6415,59486,03/10/2021,11:56:03,15,1,26.7,1.0,1.4,1.3,2,1,1.00,CYCLE,W
IND,208,6415,59486,03/10/2021,11:56:04,15,1,29.6,1.0,0.7,0.6,2,1,1.00,CYCLE,W
IND,208,6415,59486,03/10/2021,11:56:50,15,1,19.2,1.0,45.6,45.5,2,1,1.00,CYCLE,W
IND,208,6415,59486,03/10/2021,11:56:50,15,1,20.8,0.9,0.9,0.7,2,1,1.00,CYCLE,W
IND,208,6415,59486,03/10/2021,11:56:52,15,1,20.7,1.0,1.5,1.3,2,1,1.00,CYCLE,W
IND,208,6415,59486,03/10/2021,11:56:53,15,1,18.9,1.0,1.3,1.1,2,1,1.00,CYCLE,W
IND,208,6415,59485,03/10/2021,11:56:59,15,0,9.6,1.1,73.1,72.8,2,1,1.00,CYCLE,E
IND,208,6415,59485,03/10/2021,11:57:11,15,0,9.8,1.1,12.1,11.7,2,1,1.00,CYCLE,E
IND,208,6415,59485,03/10/2021,11:57:13,15,0,9.9,1.0,2.1,1.7,2,1,1.00,CYCLE,E
IND,208,6415,59485,03/10/2021,11:57:33,15,0,12.3,1.1,2.1,1.5,2,1,1.00,CYCLE,E
IND,208,6415,59485,03/10/2021,11:57:36,15,0,15.4,1.1,3.2,2.8,2,1,1.00,CYCLE,E
IND,208,6415,59486,03/10/2021,11:57:40,15,1,25.2,1.0,47.1,46.9,2,1,1.00,CYCLE,W
IND,208,6415,59486,03/10/2021,11:57:43,15,1,23.9,1.0,2.1,2.0,2,1,1.00,CYCLE,W
IND,208,6415,59486,03/10/2021,11:57:54,15,1,27.9,1.0,11.2,11.1,2,1,1.00,CYCLE,W
IND,208,6415,59485,03/10/2021,11:57:59,15,0,47.7,1.0,23.2,23.0,2,1,0.40,CYCLE,E
IND,208,6415,59485,03/10/2021,11:58:04,15,0,22.9,1.1,5.1,4.9,2,1,1.00,CYCLE,E
IND,208,6415,59486,03/10/2021,11:58:33,15,1,18.1,1.0,38.9,38.8,2,1,1.00,CYCLE,W
IND,208,6415,59486,03/10/2021,11:58:33,15,1,18.1,1.0,0.0,0.0,2,1,1.00,CYCLE,W
IND,208,6415,59485,03/10/2021,11:58:51,15,0,11.6,0.9,47.3,47.1,2,1,1.00,CYCLE,E
IND,208,6415,59485,03/10/2021,11:58:52,15,0,12.9,1.1,0.7,0.4,2,1,1.00,CYCLE,E
IND,208,6415,59485,03/10/2021,11:58:56,15,0,12.7,0.9,3.7,3.4,2,1,1.00,CYCLE,E
IND,208,6415,59486,03/10/2021,11:59:07,15,1,17.7,1.1,34.0,33.7,2,1,1.00,CYCLE,W
IND,208,6415,59486,03/10/2021,11:59:08,15,1,25.0,1.0,1.1,0.8,2,1,1.00,CYCLE,W
IND,208,6415,59486,03/10/2021,11:59:08,15,1,14.8,1.1,0.5,0.4,2,1,1.00,CYCLE,W
IND,208,6415,59485,03/10/2021,11:59:10,15,0,8.6,1.1,14.5,14.3,2,1,1.00,CYCLE,E
IND,208,6415,59486,03/10/2021,11:59:15,15,1,13.4,1.0,6.4,6.2,2,1,1.00,CYCLE,W
IND,208,6415,59486,03/10/2021,11:59:15,15,1,19.7,1.0,0.7,0.4,2,1,1.00,CYCLE,W
IND,208,6415,59486,03/10/2021,11:59:17,15,1,21.5,1.2,1.2,1.1,2,1,1.00,CYCLE,W
IND,208,6415,59486,03/10/2021,11:59:17,15,1,4.2,1.0,0.3,0.1,2,1,0.50,CYCLE,W
IND,208,6415,59485,03/10/2021,11:59:26,15,0,19.1,1.1,15.9,15.4,2,1,1.00,CYCLE,E
IND,208,6415,59486,03/10/2021,11:59:41,15,1,18.4,1.0,24.3,23.4,2,1,1.00,CYCLE,W
IND,208,6415,59486,03/10/2021,11:59:42,15,1,18.0,1.0,0.9,0.7,2,1,1.00,CYCLE,W
IND,208,6415,59485,03/10/2021,11:59:45,15,0,17.4,1.1,19.2,19.0,2,1,1.00,CYCLE,E
IND,208,6415,59485,03/10/2021,11:59:47,15,0,15.4,1.0,1.6,1.4,2,1,1.00,CYCLE,E
IND,208,6415,59486,03/10/2021,12:00:01,15,1,27.0,1.0,19.2,18.9,2,1,1.00,CYCLE,W
IND,208,6415,59486,03/10/2021,12:01:06,15,1,28.8,1.0,64.8,64.6,2,1,1.00,CYCLE,W
IND,208,6415,59486,03/10/2021,12:01:20,15,1,23.3,1.1,13.6,13.5,2,1,1.00,CYCLE,W
IND,208,6415,59486,03/10/2021,12:01:23,15,1,20.3,1.0,3.6,3.4,2,1,1.00,CYCLE,W
IND,208,6415,59486,03/10/2021,12:01:26,15,1,20.4,1.1,2.7,2.5,2,1,1.00,CYCLE,W
IND,208,6415,59485,03/10/2021,12:01:48,15,0,18.1,1.0,120.8,120.5,2,1,1.00,CYCLE,E
IND,208,6415,59486,03/10/2021,12:02:15,15,1,21.4,1.0,49.2,49.0,2,1,1.00,CYCLE,W
IND,208,6415,59486,03/10/2021,12:02:16,15,1,20.9,1.0,1.2,1.0,2,1,1.00,CYCLE,W
IND,208,6415,59485,03/10/2021,12:02:32,15,0,9.9,1.1,44.3,44.1,2,1,1.00,CYCLE,E
IND,208,6415,59486,03/10/2021,12:02:52,15,1,4.6,1.0,35.9,35.9,2,1,0.50,CYCLE,W
IND,208,6415,59485,03/10/2021,12:02:52,15,0,4.6,1.0,0.0,0.0,2,1,0.50,CYCLE,E
IND,208,6415,59486,03/10/2021,12:02:56,15,1,8.5,1.0,4.3,4.5,2,1,0.89,CYCLE,W
IND,208,6415,59486,03/10/2021,12:02:56,15,1,8.5,1.0,0.0,0.0,2,1,0.89,CYCLE,W
IND,208,6415,59486,03/10/2021,12:04:21,15,1,14.4,1.1,84.9,82.3,2,1,1.00,CYCLE,W
IND,208,6415,59485,03/10/2021,12:04:40,15,0,22.5,1.1,128.3,128.0,2,1,1.00,CYCLE,E
IND,208,6415,59485,03/10/2021,12:05:16,15,0,25.4,1.0,35.2,35.1,2,1,1.00,CYCLE,E
IND,208,6415,59485,03/10/2021,12:05:33,15,0,21.0,1.0,17.1,17.0,2,1,1.00,CYCLE,E
IND,208,6415,59486,03/10/2021,12:06:09,15,1,5.5,0.5,107.6,107.5,2,1,1.00,CYCLE,W
IND,208,6415,59486,03/10/2021,12:06:22,15,1,24.1,1.1,13.1,12.6,2,1,1.00,CYCLE,W
IND,208,6415,59486,03/10/2021,12:06:23,15,1,24.2,1.1,0.5,0.4,2,1,1.00,CYCLE,W
IND,208,6415,59485,03/10/2021,12:06:36,15,0,20.2,1.1,62.8,62.7,2,1,1.00,CYCLE,E
IND,208,6415,59486,03/10/2021,12:06:39,15,1,29.4,1.0,16.3,16.1,2,1,1.00,CYCLE,W
IND,208,6415,59485,03/10/2021,12:06:55,15,0,19.5,1.1,19.2,19.0,2,1,1.00,CYCLE,E
IND,208,6415,59485,03/10/2021,12:07:04,15,0,18.7,1.0,9.4,9.2,2,1,1.00,CYCLE,E
IND,208,6415,59485,03/10/2021,12:07:05,15,0,18.9,1.0,0.6,0.4,2,1,1.00,CYCLE,E
IND,208,6415,59486,03/10/2021,12:07:08,15,1,23.6,1.1,29.0,28.8,2,1,1.00,CYCLE,W
IND,208,6415,59485,03/10/2021,12:07:48,15,0,16.8,1.1,43.1,42.9,2,1,1.00,CYCLE,E
IND,208,6415,59485,03/10/2021,12:07:51,15,0,20.7,1.1,3.2,3.0,2,1,1.00,CYCLE,E
IND,208,6415,59485,03/10/2021,12:07:57,15,0,17.5,1.1,6.2,6.1,2,1,1.00,CYCLE,E
IND,208,6415,59485,03/10/2021,12:08:13,15,0,18.2,1.1,11.0,10.8,2,1,1.00,CYCLE,E
IND,208,6415,59485,03/10/2021,12:08:17,15,0,17.5,1.1,4.5,4.3,2,1,1.00,CYCLE,E
IND,208,6415,59486,03/10/2021,12:09:45,15,1,25.6,1.0,156.9,156.7,2,1,1.00,CYCLE,W
IND,208,6415,59485,03/10/2021,12:10:02,15,0,19.3,1.0,104.7,104.5,2,1,1.00,CYCLE,E
IND,208,6415,59485,03/10/2021,12:10:02,15,0,19.1,0.9,0.5,0.3,2,1,1.00,CYCLE,E
IND,208,6415,59486,03/10/2021,12:10:19,15,1,22.6,1.0,34.6,34.4,2,1,1.00,CYCLE,W
IND,208,6415,59485,03/10/2021,12:10:20,15,0,20.9,1.0,17.9,17.7,2,1,1.00,CYCLE,E
IND,208,6415,59485,03/10/2021,12:11:15,15,0,11.1,1.1,55.1,55.0,2,1,1.00,CYCLE,E
IND,208,6415,59485,03/10/2021,12:11:22,15,0,16.0,1.0,7.0,6.7,2,1,1.00,CYCLE,E
IND,208,6415,59485,03/10/2021,12:11:23,15,0,17.2,1.1,0.6,0.4,2,1,1.00,CYCLE,E
IND,208,6415,59486,03/10/2021,12:11:23,15,1,23.8,1.1,64.0,63.9,2,1,1.00,CYCLE,W
IND,208,6415,59486,03/10/2021,12:11:24,15,1,23.9,1.0,1.0,0.8,2,1,1.00,CYCLE,W
IND,208,6415,59486,03/10/2021,12:11:28,15,1,24.0,1.0,3.4,3.3,2,1,1.00,CYCLE,W
IND,208,6415,59485,03/10/2021,12:11:41,15,0,20.2,1.1,18.0,17.8,2,1,1.00,CYCLE,E
IND,208,6415,59486,03/10/2021,12:11:53,15,1,23.0,1.0,25.6,25.4,2,1,1.00,CYCLE,W
IND,208,6415,59486,03/10/2021,12:12:18,15,1,23.2,1.0,25.0,24.8,2,1,1.00,CYCLE,W
IND,208,6415,59486,03/10/2021,12:12:22,15,1,26.2,1.0,3.4,3.3,2,1,1.00,CYCLE,W
IND,208,6415,59486,03/10/2021,12:13:04,15,1,23.1,0.4,41.9,41.8,2,1,1.00,CYCLE,W
IND,208,6415,59486,03/10/2021,12:13:19,15,1,20.7,1.0,15.8,15.8,2,1,1.00,CYCLE,W
IND,208,6415,59485,03/10/2021,12:14:01,15,0,22.3,1.0,139.8,139.6,2,1,1.00,CYCLE,E
IND,208,6415,59486,03/10/2021,12:14:24,15,1,21.5,1.1,65.0,64.8,2,1,1.00,CYCLE,W
IND,208,6415,59486,03/10/2021,12:14:25,15,1,21.1,1.0,0.5,0.3,2,1,1.00,CYCLE,W
IND,208,6415,59486,03/10/2021,12:14:27,15,1,20.7,1.0,1.8,1.6,2,1,1.00,CYCLE,W
IND,208,6415,59486,03/10/2021,12:14:27,15,1,20.4,1.0,0.5,0.3,2,1,1.00,CYCLE,W
IND,208,6415,59486,03/10/2021,12:14:29,15,1,21.9,1.0,1.8,1.6,2,1,0.67,CYCLE,W
IND,208,6415,59485,03/10/2021,12:14:31,15,0,21.0,1.1,30.5,30.3,2,1,1.00,CYCLE,E
IND,208,6415,59486,03/10/2021,12:15:22,15,1,23.7,1.1,52.7,52.4,2,1,1.00,CYCLE,W
IND,208,6415,59486,03/10/2021,12:15:27,15,1,25.4,1.0,5.1,5.0,2,1,1.00,CYCLE,W
IND,208,6415,59486,03/10/2021,12:16:17,15,1,20.3,1.0,50.1,49.9,2,1,1.00,CYCLE,W
IND,208,6415,59486,03/10/2021,12:16:17,15,1,20.9,1.1,0.6,0.4,2,1,1.00,CYCLE,W
IND,208,6415,59486,03/10/2021,12:18:01,15,1,22.2,1.0,103.9,103.7,2,1,1.00,CYCLE,W
IND,208,6415,59485,03/10/2021,12:18:09,15,0,15.4,1.0,218.0,217.9,2,1,1.00,CYCLE,E
IND,208,6415,59485,03/10/2021,12:18:10,15,0,14.5,1.0,0.8,0.6,2,1,1.00,CYCLE,E
IND,208,6415,59486,03/10/2021,12:18:25,15,1,25.1,1.0,23.6,23.4,2,1,1.00,CYCLE,W
IND,208,6415,59486,03/10/2021,12:18:27,15,1,26.8,1.1,1.8,1.7,2,1,1.00,CYCLE,W
IND,208,6415,59486,03/10/2021,12:18:38,15,1,24.2,1.1,10.7,10.5,2,1,1.00,CYCLE,W
IND,208,6415,59486,03/10/2021,12:19:06,15,1,23.4,1.1,28.9,28.7,2,1,1.00,CYCLE,W
IND,208,6415,59486,03/10/2021,12:19:07,15,1,25.6,1.1,1.0,0.8,2,1,1.00,CYCLE,W
IND,208,6415,59486,03/10/2021,12:19:17,15,1,31.7,1.0,9.8,9.6,2,1,1.00,CYCLE,W
IND,208,6415,59486,03/10/2021,12:19:30,15,1,15.4,1.1,12.8,12.8,2,1,1.00,CYCLE,W
IND,208,6415,59486,03/10/2021,12:19:41,15,1,16.2,1.1,11.4,11.1,2,1,1.00,CYCLE,W
IND,208,6415,59485,03/10/2021,12:19:46,15,0,22.7,1.0,95.6,95.3,2,1,0.25,CYCLE,E
IND,208,6415,59485,03/10/2021,12:19:46,15,0,22.7,1.0,0.0,0.0,2,1,0.25,CYCLE,E
IND,208,6415,59486,03/10/2021,12:19:47,15,1,15.3,1.0,5.5,5.2,2,1,1.00,CYCLE,W
IND,208,6415,59485,03/10/2021,12:19:48,15,0,11.9,0.9,2.6,2.1,2,1,1.00,CYCLE,E
IND,208,6415,59485,03/10/2021,12:19:52,15,0,14.9,1.1,3.8,3.5,2,1,1.00,CYCLE,E
IND,208,6415,59486,03/10/2021,12:20:00,15,1,19.7,1.0,13.1,12.8,2,1,1.00,CYCLE,W
IND,208,6415,59486,03/10/2021,12:20:36,15,1,15.9,1.0,36.4,36.3,2,1,1.00,CYCLE,W
IND,208,6415,59486,03/10/2021,12:20:37,15,1,15.4,1.0,0.9,0.7,2,1,1.00,CYCLE,W
IND,208,6415,59485,03/10/2021,12:21:07,15,0,15.8,1.0,75.1,74.8,2,1,1.00,CYCLE,E
IND,208,6415,59485,03/10/2021,12:21:08,15,0,16.3,1.1,1.0,0.8,2,1,1.00,CYCLE,E
IND,208,6415,59486,03/10/2021,12:21:24,15,1,22.2,1.1,46.9,46.7,2,1,1.00,CYCLE,W
IND,208,6415,59486,03/10/2021,12:21:29,15,1,32.3,1.0,4.7,4.5,2,1,1.00,CYCLE,W
IND,208,6415,59485,03/10/2021,12:21:42,15,0,15.4,1.1,34.2,34.0,2,1,1.00,CYCLE,E
IND,208,6415,59485,03/10/2021,12:21:43,15,0,15.4,1.1,0.8,0.6,2,1,1.00,CYCLE,E
IND,208,6415,59486,03/10/2021,12:22:59,15,1,25.5,1.0,89.5,89.4,2,1,1.00,CYCLE,W
IND,208,6415,59486,03/10/2021,12:23:03,15,1,25.1,1.0,4.8,4.7,2,1,1.00,CYCLE,W
IND,208,6415,59486,03/10/2021,12:23:25,15,1,23.1,1.1,21.2,21.1,2,1,1.00,CYCLE,W
IND,208,6415,59486,03/10/2021,12:23:55,15,1,17.5,1.1,30.2,30.1,2,1,1.00,CYCLE,W
IND,208,6415,59486,03/10/2021,12:23:56,15,1,18.6,1.0,0.7,0.4,2,1,1.00,CYCLE,W
IND,208,6415,59486,03/10/2021,12:23:56,15,1,17.2,1.1,0.6,0.4,2,1,1.00,CYCLE,W
IND,208,6415,59486,03/10/2021,12:23:57,15,1,18.5,1.0,0.5,0.2,2,1,0.67,CYCLE,W
IND,208,6415,59485,03/10/2021,12:24:35,15,0,21.1,1.1,172.1,171.8,2,1,1.00,CYCLE,E
IND,208,6415,59485,03/10/2021,12:24:44,15,0,13.4,1.0,9.2,9.0,2,1,1.00,CYCLE,E
IND,208,6415,59485,03/10/2021,12:24:46,15,0,14.9,1.0,1.4,1.1,2,1,1.00,CYCLE,E
IND,208,6415,59485,03/10/2021,12:25:01,15,0,18.9,1.0,14.8,14.6,2,1,1.00,CYCLE,E
IND,208,6415,59485,03/10/2021,12:25:02,15,0,19.6,1.0,1.7,1.5,2,1,1.00,CYCLE,E
IND,208,6415,59486,03/10/2021,12:25:06,15,1,22.8,1.2,69.6,68.9,2,1,1.00,CYCLE,W
IND,208,6415,59485,03/10/2021,12:25:37,15,0,28.4,1.0,35.0,34.8,2,1,1.00,CYCLE,E
IND,208,6415,59485,03/10/2021,12:25:56,15,0,14.8,1.1,18.7,18.6,2,1,1.00,CYCLE,E
IND,208,6415,59486,03/10/2021,12:26:22,15,1,26.1,1.0,75.9,75.7,2,1,1.00,CYCLE,W
IND,208,6415,59485,03/10/2021,12:26:52,15,0,24.6,1.1,56.0,55.7,2,1,1.00,CYCLE,E
IND,208,6415,59485,03/10/2021,12:27:04,15,0,18.1,1.1,11.5,11.4,2,1,1.00,CYCLE,E
IND,208,6415,59485,03/10/2021,12:27:05,15,0,18.3,1.0,1.1,0.9,2,1,1.00,CYCLE,E
IND,208,6415,59485,03/10/2021,12:27:20,15,0,23.8,1.0,15.2,15.0,2,1,1.00,CYCLE,E
IND,208,6415,59485,03/10/2021,12:27:33,15,0,28.9,1.0,12.6,12.4,2,1,1.00,CYCLE,E
IND,208,6415,59485,03/10/2021,12:27:36,15,0,24.5,1.1,3.5,3.4,2,1,1.00,CYCLE,E
IND,208,6415,59485,03/10/2021,12:27:38,15,0,28.5,1.1,2.4,2.2,2,1,1.00,CYCLE,E
IND,208,6415,59485,03/10/2021,12:27:39,15,0,28.7,1.0,1.0,0.8,2,1,1.00,CYCLE,E
IND,208,6415,59486,03/10/2021,12:27:46,15,1,31.7,1.1,84.2,84.0,2,1,1.00,CYCLE,W
IND,208,6415,59485,03/10/2021,12:28:16,15,0,26.4,1.1,36.7,36.5,2,1,1.00,CYCLE,E
IND,208,6415,59486,03/10/2021,12:28:29,15,1,24.9,1.0,42.9,42.8,2,1,1.00,CYCLE,W
IND,208,6415,59485,03/10/2021,12:28:36,15,0,16.0,1.1,19.9,19.7,2,1,1.00,CYCLE,E
IND,208,6415,59485,03/10/2021,12:28:44,15,0,17.9,1.0,8.3,8.1,2,1,1.00,CYCLE,E
IND,208,6415,59485,03/10/2021,12:28:45,15,0,18.1,1.1,0.6,0.4,2,1,1.00,CYCLE,E
IND,208,6415,59485,03/10/2021,12:29:04,15,0,30.1,1.0,19.5,19.3,2,1,1.00,CYCLE,E
IND,208,6415,59486,03/10/2021,12:29:08,15,1,21.6,1.0,39.0,38.9,2,1,1.00,CYCLE,W
IND,208,6415,59486,03/10/2021,12:29:08,15,1,22.6,1.0,0.2,0.1,2,1,1.00,CYCLE,W
IND,208,6415,59485,03/10/2021,12:29:11,15,0,23.4,1.0,6.6,6.4,2,1,1.00,CYCLE,E
IND,208,6415,59486,03/10/2021,12:29:15,15,1,1.7,0.5,7.0,7.6,2,1,0.80,CYCLE,W
IND,208,6415,59485,03/10/2021,12:29:52,15,0,15.4,1.1,41.1,41.0,2,1,1.00,CYCLE,E
IND,208,6415,59485,03/10/2021,12:29:53,15,0,15.6,1.1,0.7,0.5,2,1,1.00,CYCLE,E
IND,208,6415,59485,03/10/2021,12:30:10,15,0,11.7,1.1,17.7,17.4,2,1,1.00,CYCLE,E
IND,208,6415,59486,03/10/2021,12:30:15,15,1,21.5,1.0,59.8,58.8,2,1,1.00,CYCLE,W
IND,208,6415,59486,03/10/2021,12:30:16,15,1,22.5,1.0,0.7,0.6,2,1,1.00,CYCLE,W
IND,208,6415,59486,03/10/2021,12:30:17,15,1,21.5,1.0,0.9,0.7,2,1,1.00,CYCLE,W
IND,208,6415,59486,03/10/2021,12:30:26,15,1,21.5,1.0,9.1,8.9,2,1,1.00,CYCLE,W
IND,208,6415,59486,03/10/2021,12:30:28,15,1,23.4,1.0,2.0,1.8,2,1,1.00,CYCLE,W
IND,208,6415,59485,03/10/2021,12:31:20,15,0,22.2,1.1,69.3,69.0,2,1,1.00,CYCLE,E
IND,208,6415,59486,03/10/2021,12:31:28,15,1,23.7,1.1,59.9,59.7,2,1,1.00,CYCLE,W
IND,208,6415,59486,03/10/2021,12:31:29,15,1,23.3,1.1,1.6,1.5,2,1,1.00,CYCLE,W
IND,208,6415,59486,03/10/2021,12:31:30,15,1,23.1,1.1,0.6,0.4,2,1,1.00,CYCLE,W
IND,208,6415,59485,03/10/2021,12:31:31,15,0,24.6,1.0,10.9,10.7,2,1,1.00,CYCLE,E
IND,208,6415,59485,03/10/2021,12:31:36,15,0,23.4,1.0,4.9,4.7,2,1,1.00,CYCLE,E
IND,208,6415,59486,03/10/2021,12:32:03,15,1,25.8,1.0,33.3,33.1,2,1,1.00,CYCLE,W
IND,208,6415,59486,03/10/2021,12:32:07,15,1,22.1,1.1,3.8,3.7,2,1,1.00,CYCLE,W
IND,208,6415,59486,03/10/2021,12:32:10,15,1,24.8,1.1,3.0,2.8,2,1,1.00,CYCLE,W
IND,208,6415,59486,03/10/2021,12:32:16,15,1,24.3,1.0,6.0,5.8,2,1,1.00,CYCLE,W
IND,208,6415,59486,03/10/2021,12:32:21,15,1,26.2,1.0,4.7,4.5,2,1,1.00,CYCLE,W
IND,208,6415,59486,03/10/2021,12:32:44,15,1,21.4,1.1,23.0,22.9,2,1,1.00,CYCLE,W
IND,208,6415,59485,03/10/2021,12:32:50,15,0,19.5,1.0,74.4,74.3,2,1,1.00,CYCLE,E
IND,208,6415,59486,03/10/2021,12:32:55,15,1,18.4,0.7,11.6,11.4,2,1,1.00,CYCLE,W
IND,208,6415,59486,03/10/2021,12:33:03,15,1,18.3,0.9,7.7,7.6,2,1,1.00,CYCLE,W
IND,208,6415,59486,03/10/2021,12:34:09,15,1,23.8,1.0,66.0,65.9,2,1,1.00,CYCLE,W
IND,208,6415,59485,03/10/2021,12:34:11,15,0,16.5,1.1,81.4,81.2,2,1,1.00,CYCLE,E
IND,208,6415,59486,03/10/2021,12:34:17,15,1,18.6,1.1,7.9,7.8,2,1,1.00,CYCLE,W
IND,208,6415,59486,03/10/2021,12:34:19,15,1,16.2,1.1,1.9,1.6,2,1,1.00,CYCLE,W
IND,208,6415,59486,03/10/2021,12:34:20,15,1,15.3,1.0,1.1,0.9,2,1,1.00,CYCLE,W
IND,208,6415,59486,03/10/2021,12:34:21,15,1,15.8,1.1,1.0,0.7,2,1,1.00,CYCLE,W
IND,208,6415,59486,03/10/2021,12:34:28,15,1,11.6,1.2,7.3,7.1,2,1,1.00,CYCLE,W
IND,208,6415,59485,03/10/2021,12:34:59,15,0,10.6,1.1,47.4,47.1,2,1,1.00,CYCLE,E
IND,208,6415,59485,03/10/2021,12:35:39,15,0,17.8,1.2,40.6,40.3,2,1,1.00,CYCLE,E
IND,208,6415,59485,03/10/2021,12:35:54,15,0,15.2,1.0,14.4,14.2,2,1,1.00,CYCLE,E
IND,208,6415,59485,03/10/2021,12:35:56,15,0,15.8,1.2,1.8,1.5,2,1,1.00,CYCLE,E
IND,208,6415,59486,03/10/2021,12:36:31,15,1,22.9,1.0,122.2,121.8,2,1,0.50,CYCLE,W
IND,208,6415,59485,03/10/2021,12:36:31,15,0,22.9,1.0,0.0,0.0,2,1,0.50,CYCLE,E
IND,208,6415,59485,03/10/2021,12:36:32,15,0,11.6,1.0,36.2,35.9,2,1,1.00,CYCLE,E
IND,208,6415,59485,03/10/2021,12:37:14,15,0,16.1,1.1,5.4,5.2,2,1,1.00,CYCLE,E
IND,208,6415,59485,03/10/2021,12:37:52,15,0,22.0,1.1,38.2,37.9,2,1,1.00,CYCLE,E
IND,208,6415,59485,03/10/2021,12:37:54,15,0,23.7,1.1,2.6,2.4,2,1,1.00,CYCLE,E
IND,208,6415,59486,03/10/2021,12:38:01,15,1,15.2,1.1,90.1,89.7,2,1,1.00,CYCLE,W
IND,208,6415,59486,03/10/2021,12:38:02,15,1,14.5,1.0,1.4,1.4,2,1,0.80,CYCLE,W
IND,208,6415,59485,03/10/2021,12:39:05,15,0,22.1,1.0,70.3,70.1,2,1,1.00,CYCLE,E
IND,208,6415,59486,03/10/2021,12:39:35,15,1,21.2,1.0,93.3,92.8,2,1,1.00,CYCLE,W
IND,208,6415,59485,03/10/2021,12:39:46,15,0,12.9,1.0,40.9,40.7,2,1,1.00,CYCLE,E
IND,208,6415,59485,03/10/2021,12:39:47,15,0,13.9,1.1,1.4,1.2,2,1,1.00,CYCLE,E
IND,208,6415,59485,03/10/2021,12:40:36,15,0,16.3,1.1,48.7,48.4,2,1,1.00,CYCLE,E
IND,208,6415,59485,03/10/2021,12:40:36,15,0,16.1,1.1,0.7,0.5,2,1,1.00,CYCLE,E
IND,208,6415,59486,03/10/2021,12:41:18,15,1,5.0,1.0,102.8,102.8,2,1,0.50,CYCLE,W
IND,208,6415,59485,03/10/2021,12:41:18,15,0,5.0,1.0,0.0,0.0,2,1,0.50,CYCLE,E
IND,208,6415,59486,03/10/2021,12:41:23,15,1,9.1,1.0,5.2,3.9,2,1,1.00,CYCLE,W
IND,208,6415,59485,03/10/2021,12:41:45,15,0,23.7,1.0,52.9,52.9,2,1,1.00,CYCLE,E
IND,208,6415,59486,03/10/2021,12:42:07,15,1,23.8,1.1,43.7,43.3,2,1,1.00,CYCLE,W
IND,208,6415,59486,03/10/2021,12:42:09,15,1,23.9,1.0,1.5,1.4,2,1,1.00,CYCLE,W
IND,208,6415,59485,03/10/2021,12:42:23,15,0,12.0,1.0,38.6,39.4,2,1,0.80,CYCLE,E
IND,208,6415,59485,03/10/2021,12:42:23,15,0,12.0,1.0,0.0,0.0,2,1,0.80,CYCLE,E
IND,208,6415,59485,03/10/2021,12:42:29,15,0,17.5,1.0,6.0,4.0,2,1,1.00,CYCLE,E
IND,208,6415,59485,03/10/2021,12:42:46,15,0,17.3,1.1,16.4,16.2,2,1,1.00,CYCLE,E
IND,208,6415,59485,03/10/2021,12:42:49,15,0,17.7,1.2,3.7,3.5,2,1,1.00,CYCLE,E
IND,208,6415,59486,03/10/2021,12:42:57,15,1,20.4,1.1,48.1,48.0,2,1,1.00,CYCLE,W
IND,208,6415,59486,03/10/2021,12:42:58,15,1,18.8,0.9,1.6,1.4,2,1,1.00,CYCLE,W
IND,208,6415,59486,03/10/2021,12:42:59,15,1,18.8,1.0,1.0,0.8,2,1,1.00,CYCLE,W
IND,208,6415,59486,03/10/2021,12:43:24,15,1,23.3,1.0,24.8,24.6,2,1,1.00,CYCLE,W
IND,208,6415,59486,03/10/2021,12:43:47,15,1,26.1,1.0,23.1,23.0,2,1,1.00,CYCLE,W
IND,208,6415,59486,03/10/2021,12:43:50,15,1,22.7,1.0,2.8,2.7,2,1,1.00,CYCLE,W
IND,208,6415,59486,03/10/2021,12:43:52,15,1,23.8,1.0,2.0,1.9,2,1,1.00,CYCLE,W
IND,208,6415,59486,03/10/2021,12:43:59,15,1,19.6,1.1,7.2,7.0,2,1,1.00,CYCLE,W
IND,208,6415,59486,03/10/2021,12:43:59,15,1,23.5,1.1,0.3,0.1,2,1,1.00,CYCLE,W
IND,208,6415,59486,03/10/2021,12:44:40,15,1,18.5,0.8,40.1,39.9,2,1,1.00,CYCLE,W
IND,208,6415,59486,03/10/2021,12:44:41,15,1,18.7,0.9,1.5,1.4,2,1,1.00,CYCLE,W
IND,208,6415,59486,03/10/2021,12:44:43,15,1,16.5,1.0,2.0,1.7,2,1,0.44,CYCLE,W
IND,208,6415,59486,03/10/2021,12:44:43,15,1,16.5,1.0,0.0,0.0,2,1,0.44,CYCLE,W
IND,208,6415,59486,03/10/2021,12:44:45,15,1,16.2,1.0,1.9,1.1,2,1,1.00,CYCLE,W
IND,208,6415,59486,03/10/2021,12:44:46,15,1,16.4,1.1,0.7,0.5,2,1,1.00,CYCLE,W
IND,208,6415,59485,03/10/2021,12:44:51,15,0,22.1,1.0,121.6,121.3,2,1,1.00,CYCLE,E
IND,208,6415,59486,03/10/2021,12:45:01,15,1,18.4,1.1,15.2,15.0,2,1,1.00,CYCLE,W
IND,208,6415,59486,03/10/2021,12:45:04,15,1,22.8,1.1,1.0,0.8,2,1,1.00,CYCLE,W
IND,208,6415,59486,03/10/2021,12:45:27,15,1,16.0,1.1,8.6,8.5,2,1,1.00,CYCLE,W
IND,208,6415,59486,03/10/2021,12:45:30,15,1,11.2,1.0,0.7,0.2,2,1,0.40,CYCLE,W
IND,208,6415,59485,03/10/2021,12:45:48,15,0,17.6,1.0,56.9,56.7,2,1,1.00,CYCLE,E
IND,208,6415,59486,03/10/2021,12:45:54,15,1,26.8,1.0,23.8,23.1,2,1,1.00,CYCLE,W
IND,208,6415,59485,03/10/2021,12:46:01,15,0,19.1,1.0,13.6,13.6,2,1,0.86,CYCLE,E
IND,208,6415,59486,03/10/2021,12:46:14,15,1,28.1,1.0,20.1,19.9,2,1,1.00,CYCLE,W
IND,208,6415,59485,03/10/2021,12:46:53,15,0,20.8,1.1,51.7,50.4,2,1,1.00,CYCLE,E
IND,208,6415,59485,03/10/2021,12:47:40,15,0,20.4,1.1,47.1,46.9,2,1,1.00,CYCLE,E
IND,208,6415,59486,03/10/2021,12:47:44,15,1,14.2,1.1,90.3,90.3,2,1,1.00,CYCLE,W
IND,208,6415,59486,03/10/2021,12:47:58,15,1,15.7,0.9,14.2,14.0,2,1,1.00,CYCLE,W
IND,208,6415,59486,03/10/2021,12:47:59,15,1,17.4,1.0,0.9,0.7,2,1,1.00,CYCLE,W
IND,208,6415,59486,03/10/2021,12:48:00,15,1,16.1,1.1,0.7,0.5,2,1,1.00,CYCLE,W
IND,208,6415,59486,03/10/2021,12:48:35,15,1,20.6,1.0,31.9,31.3,2,1,1.00,CYCLE,W
IND,208,6415,59486,03/10/2021,12:48:36,15,1,20.5,1.1,1.0,0.8,2,1,1.00,CYCLE,W
IND,208,6415,59486,03/10/2021,12:48:38,15,1,18.6,1.0,1.9,1.7,2,1,1.00,CYCLE,W
IND,208,6415,59486,03/10/2021,12:50:10,15,1,23.8,1.0,91.8,91.6,2,1,1.00,CYCLE,W
IND,208,6415,59486,03/10/2021,12:50:13,15,1,23.0,1.1,3.7,3.6,2,1,1.00,CYCLE,W
IND,208,6415,59486,03/10/2021,12:51:19,15,1,22.4,1.1,65.5,65.4,2,1,1.00,CYCLE,W
IND,208,6415,59485,03/10/2021,12:51:38,15,0,21.0,1.1,237.6,237.4,2,1,1.00,CYCLE,E
IND,208,6415,59486,03/10/2021,12:51:43,15,1,21.5,1.0,24.3,24.1,2,1,1.00,CYCLE,W
IND,208,6415,59486,03/10/2021,12:51:45,15,1,22.5,1.0,1.7,1.5,2,1,1.00,CYCLE,W
IND,208,6415,59486,03/10/2021,12:51:46,15,1,24.1,1.0,0.9,0.7,2,1,1.00,CYCLE,W
IND,208,6415,59486,03/10/2021,12:52:43,15,1,4.2,1.0,56.9,57.0,2,1,0.80,CYCLE,W
IND,208,6415,59485,03/10/2021,12:53:17,15,0,21.4,1.1,99.7,99.5,2,1,1.00,CYCLE,E
IND,208,6415,59485,03/10/2021,12:53:22,15,0,17.9,1.1,4.6,4.4,2,1,1.00,CYCLE,E
IND,208,6415,59486,03/10/2021,12:53:38,15,1,20.1,1.0,54.8,53.5,2,1,1.00,CYCLE,W
IND,208,6415,59486,03/10/2021,12:55:40,15,1,25.1,1.0,113.3,112.2,2,1,1.00,CYCLE,W
IND,208,6415,59486,03/10/2021,12:55:53,15,1,14.2,1.2,13.0,12.9,2,1,1.00,CYCLE,W
IND,208,6415,59486,03/10/2021,12:55:56,15,1,16.0,1.0,2.9,2.6,2,1,1.00,CYCLE,W
IND,208,6415,59486,03/10/2021,12:55:59,15,1,11.0,0.8,3.2,2.4,2,1,1.00,CYCLE,W
IND,208,6415,59486,03/10/2021,12:56:12,15,1,22.4,1.1,12.2,11.9,2,1,1.00,CYCLE,W
IND,208,6415,59486,03/10/2021,12:56:13,15,1,23.1,1.0,1.1,0.9,2,1,1.00,CYCLE,W
IND,208,6415,59486,03/10/2021,12:58:32,15,1,24.6,1.0,139.3,139.1,2,1,1.00,CYCLE,W
IND,208,6415,59486,03/10/2021,12:58:57,15,1,26.0,1.0,25.3,25.2,2,1,1.00,CYCLE,W
IND,208,6415,59486,03/10/2021,12:58:58,15,1,24.7,1.0,1.2,1.1,2,1,1.00,CYCLE,W
IND,208,6415,59486,03/10/2021,12:59:05,15,1,33.0,1.0,6.9,6.8,2,1,1.00,CYCLE,W
IND,208,6415,59486,03/10/2021,12:59:10,15,1,20.0,1.1,4.8,4.8,2,1,1.00,CYCLE,W
IND,208,6415,59486,03/10/2021,12:59:11,15,1,19.3,1.1,0.4,0.2,2,1,1.00,CYCLE,W
IND,208,6415,59486,03/10/2021,12:59:11,15,1,13.5,1.1,0.6,0.4,2,1,1.00,CYCLE,W
IND,208,6415,59486,03/10/2021,12:59:18,15,1,20.6,0.9,6.4,6.1,2,1,1.00,CYCLE,W
IND,208,6415,59485,03/10/2021,12:59:29,15,0,19.2,1.0,366.9,366.7,2,1,0.57,CYCLE,E
IND,208,6415,59486,03/10/2021,12:59:38,15,1,24.4,1.0,20.0,19.8,2,1,1.00,CYCLE,W
IND,208,6415,59486,03/10/2021,12:59:39,15,1,24.0,1.0,1.2,1.0,2,1,1.00,CYCLE,W
IND,208,6415,59485,03/10/2021,12:59:45,15,0,15.3,1.0,15.8,15.4,2,1,1.00,CYCLE,E
IND,208,6415,59486,03/10/2021,12:59:58,15,1,12.0,1.0,19.0,19.0,2,1,1.00,CYCLE,W
IND,208,6415,59486,03/10/2021,13:00:47,15,1,29.7,0.9,49.3,48.3,2,1,1.00,CYCLE,W
IND,208,6415,59486,03/10/2021,13:00:51,15,1,23.3,1.0,4.3,4.2,2,1,1.00,CYCLE,W
IND,208,6415,59486,03/10/2021,13:00:53,15,1,22.7,1.1,1.6,1.5,2,1,1.00,CYCLE,W
IND,208,6415,59486,03/10/2021,13:01:24,15,1,22.3,1.1,31.3,31.1,2,1,1.00,CYCLE,W
IND,208,6415,59486,03/10/2021,13:02:28,15,1,17.4,1.1,63.9,63.7,2,1,1.00,CYCLE,W
IND,208,6415,59486,03/10/2021,13:02:47,15,1,22.3,1.1,18.7,18.4,2,1,1.00,CYCLE,W
IND,208,6415,59486,03/10/2021,13:02:49,15,1,18.2,1.0,2.3,2.0,2,1,0.40,CYCLE,W
IND,208,6415,59486,03/10/2021,13:02:49,15,1,18.2,1.0,0.0,0.0,2,1,0.40,CYCLE,W
IND,208,6415,59486,03/10/2021,13:03:03,15,1,29.6,1.0,14.0,12.9,2,1,1.00,CYCLE,W
IND,208,6415,59486,03/10/2021,13:03:31,15,1,33.8,1.0,27.7,27.6,2,1,1.00,CYCLE,W
IND,208,6415,59486,03/10/2021,13:03:41,15,1,31.0,1.0,10.4,11.1,2,1,0.80,CYCLE,W
IND,208,6415,59486,03/10/2021,13:03:44,15,1,36.0,1.0,3.2,2.3,2,1,1.00,CYCLE,W
IND,208,6415,59486,03/10/2021,13:03:47,15,1,22.8,1.0,2.6,2.5,2,1,1.00,CYCLE,W
IND,208,6415,59486,03/10/2021,13:03:54,15,1,21.0,1.0,6.7,6.6,2,1,1.00,CYCLE,W
IND,208,6415,59486,03/10/2021,13:03:55,15,1,21.0,1.0,0.7,0.6,2,1,1.00,CYCLE,W
IND,208,6415,59486,03/10/2021,13:03:56,15,1,20.5,1.0,1.0,0.8,2,1,1.00,CYCLE,W
IND,208,6415,59486,03/10/2021,13:03:56,15,1,20.2,1.0,0.4,0.2,2,1,1.00,CYCLE,W
IND,208,6415,59486,03/10/2021,13:03:57,15,1,19.9,1.0,1.4,1.2,2,1,1.00,CYCLE,W
IND,208,6415,59486,03/10/2021,13:03:58,15,1,20.0,1.0,0.7,0.5,2,1,1.00,CYCLE,W
IND,208,6415,59486,03/10/2021,13:04:09,15,1,18.1,1.0,10.9,10.8,2,1,1.00,CYCLE,W
IND,208,6415,59486,03/10/2021,13:04:11,15,1,19.7,0.9,2.4,2.2,2,1,1.00,CYCLE,W
IND,208,6415,59486,03/10/2021,13:04:13,15,1,19.3,1.1,1.3,1.2,2,1,1.00,CYCLE,W
IND,208,6415,59486,03/10/2021,13:04:49,15,1,20.4,1.0,36.3,36.1,2,1,1.00,CYCLE,W
IND,208,6415,59485,03/10/2021,13:04:53,15,0,17.4,1.1,308.3,308.1,2,1,1.00,CYCLE,E
IND,208,6415,59485,03/10/2021,13:04:54,15,0,16.7,1.1,0.8,0.5,2,1,1.00,CYCLE,E
IND,208,6415,59486,03/10/2021,13:05:16,15,1,26.6,1.0,26.6,26.4,2,1,0.67,CYCLE,W
IND,208,6415,59486,03/10/2021,13:05:45,15,1,28.3,1.1,29.3,28.4,2,1,1.00,CYCLE,W
IND,208,6415,59485,03/10/2021,13:05:53,15,0,25.6,1.1,59.1,58.8,2,1,1.00,CYCLE,E
IND,208,6415,59486,03/10/2021,13:06:14,15,1,26.0,1.0,28.8,28.6,2,1,1.00,CYCLE,W
IND,208,6415,59486,03/10/2021,13:06:16,15,1,23.4,1.1,1.8,1.6,2,1,1.00,CYCLE,W
IND,208,6415,59486,03/10/2021,13:07:36,15,1,20.0,1.0,81.0,80.8,2,1,1.00,CYCLE,W
IND,208,6415,59486,03/10/2021,13:07:38,15,1,24.0,1.0,1.3,1.1,2,1,1.00,CYCLE,W
IND,208,6415,59485,03/10/2021,13:07:41,15,0,22.7,1.0,107.6,107.4,2,1,1.00,CYCLE,E
IND,208,6415,59485,03/10/2021,13:07:44,15,0,22.4,1.0,3.0,2.8,2,1,1.00,CYCLE,E
IND,208,6415,59485,03/10/2021,13:07:47,15,0,16.6,1.0,3.0,2.8,2,1,1.00,CYCLE,E
IND,208,6415,59485,03/10/2021,13:07:49,15,0,20.3,1.1,2.5,2.3,2,1,1.00,CYCLE,E
IND,208,6415,59485,03/10/2021,13:07:51,15,0,20.1,1.1,1.2,1.0,2,1,1.00,CYCLE,E
IND,208,6415,59485,03/10/2021,13:07:54,15,0,20.0,1.1,3.7,3.5,2,1,1.00,CYCLE,E
IND,208,6415,59486,03/10/2021,13:08:29,15,1,21.8,1.1,51.1,51.0,2,1,1.00,CYCLE,W
IND,208,6415,59485,03/10/2021,13:08:56,15,0,20.2,1.0,62.2,62.0,2,1,1.00,CYCLE,E
IND,208,6415,59485,03/10/2021,13:08:59,15,0,20.5,1.0,2.5,2.3,2,1,1.00,CYCLE,E
IND,208,6415,59485,03/10/2021,13:08:59,15,0,7.9,1.0,0.5,0.3,2,1,1.00,CYCLE,E
IND,208,6415,59485,03/10/2021,13:09:02,15,0,21.5,1.0,2.5,2.0,2,1,1.00,CYCLE,E
IND,208,6415,59485,03/10/2021,13:09:36,15,0,17.7,0.9,34.4,34.3,2,1,1.00,CYCLE,E
IND,208,6415,59485,03/10/2021,13:09:38,15,0,20.0,1.0,1.3,1.1,2,1,1.00,CYCLE,E
IND,208,6415,59485,03/10/2021,13:09:40,15,0,17.1,1.1,2.6,2.4,2,1,1.00,CYCLE,E
IND,208,6415,59485,03/10/2021,13:09:44,15,0,22.8,1.1,3.9,3.7,2,1,1.00,CYCLE,E
IND,208,6415,59486,03/10/2021,13:11:11,15,1,24.5,1.0,162.4,162.2,2,1,1.00,CYCLE,W
IND,208,6415,59485,03/10/2021,13:11:14,15,0,15.3,1.1,89.5,89.3,2,1,1.00,CYCLE,E
IND,208,6415,59485,03/10/2021,13:11:14,15,0,15.3,1.1,0.6,0.3,2,1,1.00,CYCLE,E
IND,208,6415,59485,03/10/2021,13:11:23,15,0,17.1,1.1,8.6,8.3,2,1,1.00,CYCLE,E
IND,208,6415,59485,03/10/2021,13:11:26,15,0,27.0,1.0,3.5,3.3,2,1,1.00,CYCLE,E
IND,208,6415,59485,03/10/2021,13:11:56,15,0,15.9,1.1,9.6,9.3,2,1,1.00,CYCLE,E
IND,208,6415,59486,03/10/2021,13:11:57,15,1,19.1,1.0,45.7,45.6,2,1,1.00,CYCLE,W
IND,208,6415,59485,03/10/2021,13:11:57,15,0,15.2,1.0,1.8,1.5,2,1,1.00,CYCLE,E
IND,208,6415,59486,03/10/2021,13:11:58,15,1,19.1,1.0,1.0,0.7,2,1,0.57,CYCLE,W
IND,208,6415,59486,03/10/2021,13:11:58,15,1,19.1,1.0,0.0,0.0,2,1,0.57,CYCLE,W
IND,208,6415,59485,03/10/2021,13:11:59,15,0,16.3,1.1,1.8,1.5,2,1,1.00,CYCLE,E
IND,208,6415,59486,03/10/2021,13:12:02,15,1,22.4,1.1,1.4,1.4,2,1,1.00,CYCLE,W
IND,208,6415,59485,03/10/2021,13:12:03,15,0,16.0,1.0,3.6,3.4,2,1,1.00,CYCLE,E
IND,208,6415,59485,03/10/2021,13:12:03,15,0,16.2,1.1,0.3,0.1,2,1,1.00,CYCLE,E
IND,208,6415,59485,03/10/2021,13:12:06,15,0,15.3,0.9,3.0,2.7,2,1,1.00,CYCLE,E
IND,208,6415,59485,03/10/2021,13:12:07,15,0,16.0,1.1,1.1,0.8,2,1,1.00,CYCLE,E
IND,208,6415,59485,03/10/2021,13:12:09,15,0,14.9,1.1,1.7,1.5,2,1,1.00,CYCLE,E
IND,208,6415,59485,03/10/2021,13:12:22,15,0,16.7,1.1,13.6,13.3,2,1,1.00,CYCLE,E
IND,208,6415,59485,03/10/2021,13:12:23,15,0,17.2,1.0,1.0,0.7,2,1,1.00,CYCLE,E
IND,208,6415,59485,03/10/2021,13:12:50,15,0,17.0,1.1,26.3,26.1,2,1,1.00,CYCLE,E
IND,208,6415,59486,03/10/2021,13:12:52,15,1,22.9,1.0,49.9,49.8,2,1,1.00,CYCLE,W
IND,208,6415,59486,03/10/2021,13:12:53,15,1,25.2,1.0,1.4,1.2,2,1,1.00,CYCLE,W
IND,208,6415,59486,03/10/2021,13:13:03,15,1,22.0,1.1,10.0,9.8,2,1,1.00,CYCLE,W
IND,208,6415,59486,03/10/2021,13:13:04,15,1,20.7,1.0,1.2,1.0,2,1,1.00,CYCLE,W
IND,208,6415,59486,03/10/2021,13:13:06,15,1,20.5,1.0,1.7,1.5,2,1,1.00,CYCLE,W
IND,208,6415,59486,03/10/2021,13:13:08,15,1,21.6,1.0,2.0,1.8,2,1,1.00,CYCLE,W
IND,208,6415,59485,03/10/2021,13:13:15,15,0,23.5,1.1,24.9,24.7,2,1,1.00,CYCLE,E
IND,208,6415,59486,03/10/2021,13:13:22,15,1,26.0,1.2,13.9,13.7,2,1,1.00,CYCLE,W
IND,208,6415,59485,03/10/2021,13:13:23,15,0,23.1,1.2,8.3,8.1,2,1,1.00,CYCLE,E
IND,208,6415,59486,03/10/2021,13:13:32,15,1,26.6,1.1,10.4,10.2,2,1,1.00,CYCLE,W
IND,208,6415,59486,03/10/2021,13:14:05,15,1,14.1,1.0,32.6,32.5,2,1,1.00,CYCLE,W
IND,208,6415,59486,03/10/2021,13:14:05,15,1,15.3,1.0,0.8,0.6,2,1,1.00,CYCLE,W
IND,208,6415,59486,03/10/2021,13:14:07,15,1,17.2,1.1,1.3,1.0,2,1,1.00,CYCLE,W
IND,208,6415,59486,03/10/2021,13:14:12,15,1,20.5,1.0,5.6,5.4,2,1,1.00,CYCLE,W
IND,208,6415,59486,03/10/2021,13:14:13,15,1,21.4,1.0,0.3,0.1,2,1,1.00,CYCLE,W
IND,208,6415,59485,03/10/2021,13:14:29,15,0,22.4,1.0,66.4,66.3,2,1,1.00,CYCLE,E
IND,208,6415,59485,03/10/2021,13:14:30,15,0,23.2,1.1,0.5,0.3,2,1,1.00,CYCLE,E
IND,208,6415,59486,03/10/2021,13:14:32,15,1,26.9,1.1,19.9,19.7,2,1,1.00,CYCLE,W
IND,208,6415,59485,03/10/2021,13:15:35,15,0,18.9,1.0,65.4,65.2,2,1,1.00,CYCLE,E
IND,208,6415,59486,03/10/2021,13:15:36,15,1,22.8,1.0,63.5,63.4,2,1,1.00,CYCLE,W
IND,208,6415,59486,03/10/2021,13:15:37,15,1,20.1,0.9,0.9,0.7,2,1,1.00,CYCLE,W
IND,208,6415,59486,03/10/2021,13:16:33,15,1,23.5,1.1,56.4,56.2,2,1,1.00,CYCLE,W
IND,208,6415,59486,03/10/2021,13:16:34,15,1,24.5,1.0,0.7,0.6,2,1,1.00,CYCLE,W
IND,208,6415,59486,03/10/2021,13:16:43,15,1,24.5,1.0,8.9,8.8,2,1,1.00,CYCLE,W
IND,208,6415,59486,03/10/2021,13:16:45,15,1,26.2,1.1,1.9,1.7,2,1,1.00,CYCLE,W
IND,208,6415,59485,03/10/2021,13:17:07,15,0,18.7,1.1,91.6,91.4,2,1,1.00,CYCLE,E
IND,208,6415,59485,03/10/2021,13:17:23,15,0,20.4,1.0,15.7,15.5,2,1,1.00,CYCLE,E
IND,208,6415,59485,03/10/2021,13:17:24,15,0,20.8,1.0,1.1,0.9,2,1,1.00,CYCLE,E
IND,208,6415,59486,03/10/2021,13:18:08,15,1,14.2,1.1,83.5,83.4,2,1,1.00,CYCLE,W
IND,208,6415,59486,03/10/2021,13:18:09,15,1,12.0,1.1,0.6,0.4,2,1,1.00,CYCLE,W
IND,208,6415,59486,03/10/2021,13:18:11,15,1,13.9,1.1,1.7,1.3,2,1,1.00,CYCLE,W
IND,208,6415,59486,03/10/2021,13:18:15,15,1,18.0,1.0,4.0,3.7,2,1,1.00,CYCLE,W
IND,208,6415,59486,03/10/2021,13:18:15,15,1,19.9,1.0,0.7,0.5,2,1,1.00,CYCLE,W
IND,208,6415,59486,03/10/2021,13:18:17,15,1,21.5,1.0,1.5,1.3,2,1,1.00,CYCLE,W
IND,208,6415,59486,03/10/2021,13:18:18,15,1,22.2,1.0,1.1,0.9,2,1,1.00,CYCLE,W
IND,208,6415,59486,03/10/2021,13:18:25,15,1,28.1,1.0,6.9,6.7,2,1,1.00,CYCLE,W
IND,208,6415,59485,03/10/2021,13:19:28,15,0,11.5,1.1,124.4,124.3,2,1,1.00,CYCLE,E
IND,208,6415,59486,03/10/2021,13:20:10,15,1,21.7,1.0,105.4,105.3,2,1,1.00,CYCLE,W
IND,208,6415,59485,03/10/2021,13:20:23,15,0,12.9,1.1,55.1,54.7,2,1,1.00,CYCLE,E
IND,208,6415,59485,03/10/2021,13:20:24,15,0,12.3,1.1,0.7,0.4,2,1,1.00,CYCLE,E
IND,208,6415,59485,03/10/2021,13:21:19,15,0,24.9,1.2,54.7,54.4,2,1,1.00,CYCLE,E
IND,208,6415,59485,03/10/2021,13:21:44,15,0,16.2,0.9,25.2,25.0,2,1,1.00,CYCLE,E
IND,208,6415,59485,03/10/2021,13:21:52,15,0,25.2,1.1,8.4,8.2,2,1,1.00,CYCLE,E
IND,208,6415,59485,03/10/2021,13:21:57,15,0,21.5,1.0,4.7,4.6,2,1,1.00,CYCLE,E
IND,208,6415,59485,03/10/2021,13:21:57,15,0,14.9,0.9,0.3,0.2,2,1,1.00,CYCLE,E
IND,208,6415,59485,03/10/2021,13:21:58,15,0,19.0,1.0,1.0,0.8,2,1,0.73,CYCLE,E
IND,208,6415,59485,03/10/2021,13:21:58,15,0,19.0,1.0,0.0,0.0,2,1,0.73,CYCLE,E
IND,208,6415,59486,03/10/2021,13:22:38,15,1,27.4,1.0,148.1,147.9,2,1,1.00,CYCLE,W
IND,208,6415,59486,03/10/2021,13:22:40,15,1,25.7,1.1,1.5,1.4,2,1,1.00,CYCLE,W
IND,208,6415,59486,03/10/2021,13:22:45,15,1,21.6,1.0,5.5,5.4,2,1,1.00,CYCLE,W
IND,208,6415,59486,03/10/2021,13:22:48,15,1,20.7,1.0,2.3,2.1,2,1,1.00,CYCLE,W
IND,208,6415,59485,03/10/2021,13:22:49,15,0,14.0,1.0,50.9,50.2,2,1,1.00,CYCLE,E
IND,208,6415,59485,03/10/2021,13:22:50,15,0,15.8,1.0,0.8,0.6,2,1,1.00,CYCLE,E
IND,208,6415,59485,03/10/2021,13:22:57,15,0,17.7,1.0,6.6,6.3,2,1,1.00,CYCLE,E
IND,208,6415,59485,03/10/2021,13:23:00,15,0,18.4,1.0,3.9,3.7,2,1,1.00,CYCLE,E
IND,208,6415,59486,03/10/2021,13:23:04,15,1,13.0,1.0,16.1,16.0,2,1,1.00,CYCLE,W
IND,208,6415,59486,03/10/2021,13:23:07,15,1,23.3,1.1,3.0,2.7,2,1,1.00,CYCLE,W
IND,208,6415,59486,03/10/2021,13:23:14,15,1,23.6,1.0,7.5,7.4,2,1,1.00,CYCLE,W
IND,208,6415,59485,03/10/2021,13:23:21,15,0,24.2,1.1,16.4,15.7,2,1,1.00,CYCLE,E
IND,208,6415,59486,03/10/2021,13:23:31,15,1,25.9,1.1,17.0,16.9,2,1,1.00,CYCLE,W
IND,208,6415,59486,03/10/2021,13:23:36,15,1,24.9,1.0,4.8,4.7,2,1,1.00,CYCLE,W
IND,208,6415,59486,03/10/2021,13:23:36,15,1,19.3,1.0,0.4,0.3,2,1,1.00,CYCLE,W
IND,208,6415,59486,03/10/2021,13:23:37,15,1,20.6,1.0,0.5,0.3,2,1,1.00,CYCLE,W
IND,208,6415,59486,03/10/2021,13:24:04,15,1,16.5,1.1,26.8,26.7,2,1,1.00,CYCLE,W
IND,208,6415,59486,03/10/2021,13:24:05,15,1,14.0,1.1,1.1,0.9,2,1,1.00,CYCLE,W
IND,208,6415,59486,03/10/2021,13:24:05,15,1,13.3,1.0,0.6,0.3,2,1,1.00,CYCLE,W
IND,208,6415,59486,03/10/2021,13:24:07,15,1,20.5,1.0,1.5,1.1,2,1,1.00,CYCLE,W
IND,208,6415,59486,03/10/2021,13:24:37,15,1,21.4,1.0,20.1,19.9,2,1,1.00,CYCLE,W
IND,208,6415,59486,03/10/2021,13:24:37,15,1,22.4,1.1,0.4,0.2,2,1,1.00,CYCLE,W
IND,208,6415,59485,03/10/2021,13:25:41,15,0,23.3,1.0,140.5,140.3,2,1,1.00,CYCLE,E
IND,208,6415,59485,03/10/2021,13:25:44,15,0,20.8,1.0,2.7,2.6,2,1,1.00,CYCLE,E
IND,208,6415,59486,03/10/2021,13:26:05,15,1,11.4,1.1,88.5,88.4,2,1,1.00,CYCLE,W
IND,208,6415,59485,03/10/2021,13:27:16,15,0,22.9,1.1,92.5,92.3,2,1,1.00,CYCLE,E
IND,208,6415,59485,03/10/2021,13:27:25,15,0,20.5,1.1,8.9,8.7,2,1,1.00,CYCLE,E
IND,208,6415,59485,03/10/2021,13:27:45,15,0,11.1,1.0,19.9,19.7,2,1,1.00,CYCLE,E
IND,208,6415,59485,03/10/2021,13:27:47,15,0,13.9,1.0,1.9,1.6,2,1,1.00,CYCLE,E
IND,208,6415,59485,03/10/2021,13:27:53,15,0,12.3,1.0,5.7,5.5,2,1,1.00,CYCLE,E
IND,208,6415,59486,03/10/2021,13:28:05,15,1,14.7,1.1,119.2,118.9,2,1,1.00,CYCLE,W
IND,208,6415,59485,03/10/2021,13:29:46,15,0,20.8,1.0,113.4,113.1,2,1,1.00,CYCLE,E
IND,208,6415,59485,03/10/2021,13:30:29,15,0,19.2,1.0,42.5,42.3,2,1,1.00,CYCLE,E
IND,208,6415,59485,03/10/2021,13:30:30,15,0,19.5,1.1,0.8,0.6,2,1,1.00,CYCLE,E
IND,208,6415,59486,03/10/2021,13:31:19,15,1,23.4,1.1,194.7,194.4,2,1,1.00,CYCLE,W
IND,208,6415,59486,03/10/2021,13:32:00,15,1,25.2,1.1,40.8,40.6,2,1,1.00,CYCLE,W
IND,208,6415,59486,03/10/2021,13:32:14,15,1,21.6,1.1,13.7,13.6,2,1,1.00,CYCLE,W
IND,208,6415,59486,03/10/2021,13:32:32,15,1,21.6,1.0,18.2,18.0,2,1,1.00,CYCLE,W
IND,208,6415,59486,03/10/2021,13:33:01,15,1,23.7,1.0,28.5,28.3,2,1,1.00,CYCLE,W
IND,208,6415,59486,03/10/2021,13:34:08,15,1,29.2,1.1,67.8,67.6,2,1,1.00,CYCLE,W
IND,208,6415,59486,03/10/2021,13:34:15,15,1,28.9,1.0,6.7,6.5,2,1,1.00,CYCLE,W
IND,208,6415,59486,03/10/2021,13:34:22,15,1,25.4,1.0,6.9,6.8,2,1,1.00,CYCLE,W
IND,208,6415,59485,03/10/2021,13:34:28,15,0,19.0,1.0,238.4,238.2,2,1,1.00,CYCLE,E
IND,208,6415,59486,03/10/2021,13:34:30,15,1,24.9,1.1,8.0,7.9,2,1,1.00,CYCLE,W
IND,208,6415,59486,03/10/2021,13:34:31,15,1,24.7,1.0,0.7,0.6,2,1,1.00,CYCLE,W
IND,208,6415,59486,03/10/2021,13:34:31,15,1,28.1,0.9,0.4,0.3,2,1,1.00,CYCLE,W
IND,208,6415,59486,03/10/2021,13:34:33,15,1,22.1,1.0,1.4,1.3,2,1,1.00,CYCLE,W
IND,208,6415,59486,03/10/2021,13:34:33,15,1,22.3,1.0,0.8,0.6,2,1,1.00,CYCLE,W
IND,208,6415,59486,03/10/2021,13:35:00,15,1,26.5,1.0,27.1,27.0,2,1,1.00,CYCLE,W
IND,208,6415,59485,03/10/2021,13:35:08,15,0,22.1,1.0,39.8,39.6,2,1,1.00,CYCLE,E
IND,208,6415,59485,03/10/2021,13:35:10,15,0,19.9,1.0,2.1,2.0,2,1,1.00,CYCLE,E
IND,208,6415,59485,03/10/2021,13:35:19,15,0,21.3,1.0,4.4,4.1,2,1,1.00,CYCLE,E
IND,208,6415,59485,03/10/2021,13:37:36,15,0,13.6,1.1,137.7,137.5,2,1,1.00,CYCLE,E
IND,208,6415,59485,03/10/2021,13:37:41,15,0,22.0,1.1,5.0,4.7,2,1,1.00,CYCLE,E
IND,208,6415,59485,03/10/2021,13:37:58,15,0,18.3,1.1,16.7,16.6,2,1,1.00,CYCLE,E
IND,208,6415,59486,03/10/2021,13:38:03,15,1,28.7,1.0,182.1,182.0,2,1,1.00,CYCLE,W
IND,208,6415,59485,03/10/2021,13:38:30,15,0,25.3,1.0,31.5,31.3,2,1,1.00,CYCLE,E
IND,208,6415,59486,03/10/2021,13:38:53,15,1,22.3,1.0,50.6,50.5,2,1,1.00,CYCLE,W
IND,208,6415,59486,03/10/2021,13:39:01,15,1,21.8,1.0,8.0,7.8,2,1,1.00,CYCLE,W
IND,208,6415,59485,03/10/2021,13:39:14,15,0,22.1,1.0,44.6,44.5,2,1,1.00,CYCLE,E
IND,208,6415,59485,03/10/2021,13:39:17,15,0,22.4,1.0,2.8,2.7,2,1,1.00,CYCLE,E
IND,208,6415,59485,03/10/2021,13:39:19,15,0,20.6,1.1,1.7,1.5,2,1,1.00,CYCLE,E
IND,208,6415,59485,03/10/2021,13:39:47,15,0,16.0,1.0,27.9,27.7,2,1,1.00,CYCLE,E
IND,208,6415,59485,03/10/2021,13:40:45,15,0,15.9,1.0,57.8,57.5,2,1,1.00,CYCLE,E
IND,208,6415,59485,03/10/2021,13:40:45,15,0,16.8,1.1,0.8,0.6,2,1,1.00,CYCLE,E
IND,208,6415,59486,03/10/2021,13:41:01,15,1,23.9,1.1,119.9,119.8,2,1,1.00,CYCLE,W
IND,208,6415,59485,03/10/2021,13:41:05,15,0,24.0,1.0,19.8,19.6,2,1,1.00,CYCLE,E
IND,208,6415,59485,03/10/2021,13:41:29,15,0,21.8,1.0,23.8,23.6,2,1,1.00,CYCLE,E
IND,208,6415,59485,03/10/2021,13:41:30,15,0,22.1,1.0,0.7,0.5,2,1,1.00,CYCLE,E
IND,208,6415,59486,03/10/2021,13:42:48,15,1,22.6,1.0,107.0,106.8,2,1,1.00,CYCLE,W
IND,208,6415,59486,03/10/2021,13:43:30,15,1,32.4,1.0,41.5,41.3,2,1,1.00,CYCLE,W
IND,208,6415,59486,03/10/2021,13:43:32,15,1,28.5,1.0,2.1,2.0,2,1,1.00,CYCLE,W
IND,208,6415,59486,03/10/2021,13:43:37,15,1,23.8,1.0,5.6,5.5,2,1,1.00,CYCLE,W
IND,208,6415,59485,03/10/2021,13:44:44,15,0,16.6,1.0,194.5,194.4,2,1,1.00,CYCLE,E
IND,208,6415,59485,03/10/2021,13:44:45,15,0,18.0,1.1,1.0,0.8,2,1,1.00,CYCLE,E
IND,208,6415,59485,03/10/2021,13:44:47,15,0,18.8,1.0,2.0,1.7,2,1,1.00,CYCLE,E
IND,208,6415,59486,03/10/2021,13:44:55,15,1,27.3,1.0,77.5,77.4,2,1,1.00,CYCLE,W
IND,208,6415,59485,03/10/2021,13:45:53,15,0,34.6,0.9,61.7,61.3,2,1,1.00,CYCLE,E
IND,208,6415,59485,03/10/2021,13:46:00,15,0,18.5,1.1,7.6,7.5,2,1,1.00,CYCLE,E
IND,208,6415,59485,03/10/2021,13:46:06,15,0,17.0,1.1,5.7,5.5,2,1,1.00,CYCLE,E
IND,208,6415,59485,03/10/2021,13:46:08,15,0,16.9,1.1,1.7,1.5,2,1,1.00,CYCLE,E
IND,208,6415,59486,03/10/2021,13:46:28,15,1,20.5,1.0,93.0,92.9,2,1,1.00,CYCLE,W
IND,208,6415,59486,03/10/2021,13:48:19,15,1,17.9,1.0,111.2,111.0,2,1,1.00,CYCLE,W
IND,208,6415,59486,03/10/2021,13:48:20,15,1,18.6,1.0,0.5,0.3,2,1,1.00,CYCLE,W
IND,208,6415,59486,03/10/2021,13:48:22,15,1,24.7,1.0,2.1,1.8,2,1,1.00,CYCLE,W
IND,208,6415,59486,03/10/2021,13:48:57,15,1,20.2,1.0,35.4,35.3,2,1,1.00,CYCLE,W
IND,208,6415,59486,03/10/2021,13:49:15,15,1,29.6,1.0,18.2,18.0,2,1,1.00,CYCLE,W
IND,208,6415,59486,03/10/2021,13:49:22,15,1,24.6,1.0,6.9,6.8,2,1,1.00,CYCLE,W
IND,208,6415,59485,03/10/2021,13:50:15,15,0,21.8,1.0,247.1,246.9,2,1,1.00,CYCLE,E
IND,208,6415,59485,03/10/2021,13:50:35,15,0,17.5,1.1,20.4,20.3,2,1,1.00,CYCLE,E
IND,208,6415,59486,03/10/2021,13:50:54,15,1,19.3,1.0,92.2,92.1,2,1,1.00,CYCLE,W
IND,208,6415,59486,03/10/2021,13:52:14,15,1,28.5,1.0,79.1,78.9,2,1,1.00,CYCLE,W
IND,208,6415,59486,03/10/2021,13:52:51,15,1,25.9,1.1,37.1,37.0,2,1,1.00,CYCLE,W
IND,208,6415,59486,03/10/2021,13:52:51,15,1,26.8,1.0,0.6,0.4,2,1,1.00,CYCLE,W
IND,208,6415,59486,03/10/2021,13:53:03,15,1,24.1,1.0,11.3,11.2,2,1,1.00,CYCLE,W
IND,208,6415,59486,03/10/2021,13:53:07,15,1,22.3,1.1,4.8,4.6,2,1,1.00,CYCLE,W
IND,208,6415,59485,03/10/2021,13:53:23,15,0,18.9,1.0,167.4,167.2,2,1,1.00,CYCLE,E
IND,208,6415,59486,03/10/2021,13:53:25,15,1,17.6,1.1,17.9,17.8,2,1,1.00,CYCLE,W
IND,208,6415,59486,03/10/2021,13:53:26,15,1,13.3,1.0,0.9,1.6,2,1,0.89,CYCLE,W
IND,208,6415,59486,03/10/2021,13:53:26,15,1,13.3,1.0,0.0,0.0,2,1,0.89,CYCLE,W
IND,208,6415,59486,03/10/2021,13:53:29,15,1,15.0,1.0,3.2,1.2,2,1,1.00,CYCLE,W
IND,208,6415,59485,03/10/2021,13:53:30,15,0,19.4,1.0,7.2,7.0,2,1,1.00,CYCLE,E
IND,208,6415,59485,03/10/2021,13:53:34,15,0,22.0,1.1,3.6,3.4,2,1,1.00,CYCLE,E
IND,208,6415,59485,03/10/2021,13:53:59,15,0,18.9,1.0,24.9,24.7,2,1,1.00,CYCLE,E
IND,208,6415,59486,03/10/2021,13:54:15,15,1,24.0,1.0,45.2,45.0,2,1,1.00,CYCLE,W
IND,208,6415,59486,03/10/2021,13:54:27,15,1,24.3,1.0,12.2,12.0,2,1,1.00,CYCLE,W
IND,208,6415,59486,03/10/2021,13:54:28,15,1,24.1,1.0,1.5,1.3,2,1,1.00,CYCLE,W
IND,208,6415,59486,03/10/2021,13:54:30,15,1,24.1,1.0,1.6,1.4,2,1,1.00,CYCLE,W
IND,208,6415,59485,03/10/2021,13:54:53,15,0,22.1,1.0,54.1,53.9,2,1,1.00,CYCLE,E
IND,208,6415,59485,03/10/2021,13:54:54,15,0,22.4,1.0,0.9,0.7,2,1,1.00,CYCLE,E
IND,208,6415,59486,03/10/2021,13:55:07,15,1,20.5,1.0,37.5,37.4,2,1,1.00,CYCLE,W
IND,208,6415,59486,03/10/2021,13:56:43,15,1,20.3,1.0,95.9,95.8,2,1,1.00,CYCLE,W
IND,208,6415,59486,03/10/2021,13:56:44,15,1,21.7,1.0,0.8,0.6,2,1,1.00,CYCLE,W
IND,208,6415,59486,03/10/2021,13:56:51,15,1,26.6,1.0,6.5,6.3,2,1,1.00,CYCLE,W
IND,208,6415,59486,03/10/2021,13:56:51,15,1,25.8,1.0,0.4,0.3,2,1,1.00,CYCLE,W
IND,208,6415,59486,03/10/2021,13:56:55,15,1,23.9,1.0,3.6,3.4,2,1,1.00,CYCLE,W
IND,208,6415,59486,03/10/2021,13:57:35,15,1,21.5,1.1,40.6,40.5,2,1,1.00,CYCLE,W
IND,208,6415,59486,03/10/2021,13:57:36,15,1,22.3,1.1,0.5,0.3,2,1,1.00,CYCLE,W
IND,208,6415,59486,03/10/2021,13:57:50,15,1,25.7,1.1,14.9,14.7,2,1,1.00,CYCLE,W
IND,208,6415,59486,03/10/2021,13:57:51,15,1,25.4,1.1,0.9,0.8,2,1,1.00,CYCLE,W
IND,208,6415,59486,03/10/2021,13:57:53,15,1,23.6,1.1,2.0,1.9,2,1,1.00,CYCLE,W
IND,208,6415,59485,03/10/2021,13:58:31,15,0,22.5,1.0,1.1,1.1,2,1,1.00,CYCLE,E
IND,208,6415,59485,03/10/2021,13:58:54,15,0,16.8,1.1,22.6,22.5,2,1,1.00,CYCLE,E
IND,208,6415,59486,03/10/2021,13:59:14,15,1,20.3,1.1,80.6,80.4,2,1,1.00,CYCLE,W
IND,208,6415,59485,03/10/2021,13:59:37,15,0,34.3,1.1,42.5,42.3,2,1,1.00,CYCLE,E
IND,208,6415,59486,03/10/2021,14:02:34,15,1,32.5,1.0,199.7,199.5,2,1,1.00,CYCLE,W
IND,208,6415,59485,03/10/2021,14:03:14,15,0,19.5,1.1,217.4,217.3,2,1,1.00,CYCLE,E
IND,208,6415,59485,03/10/2021,14:03:15,15,0,19.5,1.0,0.9,0.7,2,1,1.00,CYCLE,E
IND,208,6415,59486,03/10/2021,14:04:03,15,1,10.3,1.0,89.6,89.4,2,1,0.50,CYCLE,W
IND,208,6415,59486,03/10/2021,14:04:35,15,1,21.9,1.0,31.9,30.5,2,1,1.00,CYCLE,W
IND,208,6415,59486,03/10/2021,14:04:37,15,1,21.5,1.0,1.5,1.3,2,1,1.00,CYCLE,W
IND,208,6415,59486,03/10/2021,14:05:17,15,1,26.1,1.1,40.3,40.1,2,1,1.00,CYCLE,W
IND,208,6415,59486,03/10/2021,14:05:45,15,1,4.6,1.0,28.1,28.3,2,1,0.67,CYCLE,W
IND,208,6415,59486,03/10/2021,14:05:45,15,1,4.6,1.0,0.0,0.0,2,1,0.67,CYCLE,W
IND,208,6415,59485,03/10/2021,14:06:54,15,0,19.2,1.1,219.4,219.2,2,1,1.00,CYCLE,E
IND,208,6415,59485,03/10/2021,14:07:00,15,0,7.6,1.0,6.2,6.2,2,1,0.57,CYCLE,E
IND,208,6415,59485,03/10/2021,14:07:03,15,0,29.1,1.0,2.7,1.0,2,1,0.57,CYCLE,E
IND,208,6415,59485,03/10/2021,14:07:04,15,0,9.4,1.1,1.1,0.7,2,1,1.00,CYCLE,E
IND,208,6415,59485,03/10/2021,14:07:06,15,0,9.5,1.0,1.6,1.2,2,1,1.00,CYCLE,E
IND,208,6415,59485,03/10/2021,14:07:08,15,0,18.6,1.0,1.8,1.4,2,1,1.00,CYCLE,E
IND,208,6415,59485,03/10/2021,14:07:08,15,0,21.2,1.1,0.8,0.7,2,1,1.00,CYCLE,E
IND,208,6415,59485,03/10/2021,14:07:15,15,0,29.2,1.1,6.7,6.5,2,1,1.00,CYCLE,E
IND,208,6415,59485,03/10/2021,14:07:38,15,0,20.4,1.1,23.1,23.0,2,1,1.00,CYCLE,E
IND,208,6415,59486,03/10/2021,14:07:39,15,1,25.0,1.0,114.2,112.6,2,1,0.57,CYCLE,W
IND,208,6415,59486,03/10/2021,14:07:39,15,1,25.0,1.0,0.0,0.0,2,1,0.57,CYCLE,W
IND,208,6415,59486,03/10/2021,14:07:40,15,1,21.0,1.0,1.0,0.7,2,1,1.00,CYCLE,W
IND,208,6415,59486,03/10/2021,14:08:03,15,1,14.9,1.0,22.9,22.7,2,1,1.00,CYCLE,W
IND,208,6415,59486,03/10/2021,14:08:08,15,1,28.2,0.9,4.9,4.6,2,1,1.00,CYCLE,W
IND,208,6415,59486,03/10/2021,14:08:12,15,1,25.8,1.0,4.1,4.0,2,1,1.00,CYCLE,W
IND,208,6415,59486,03/10/2021,14:08:28,15,1,22.4,1.0,16.2,16.1,2,1,1.00,CYCLE,W
IND,208,6415,59485,03/10/2021,14:08:46,15,0,21.2,1.1,67.5,67.4,2,1,1.00,CYCLE,E
IND,208,6415,59485,03/10/2021,14:09:01,15,0,17.0,1.0,15.2,15.0,2,1,1.00,CYCLE,E
IND,208,6415,59485,03/10/2021,14:09:48,15,0,18.9,1.1,46.9,46.7,2,1,1.00,CYCLE,E
IND,208,6415,59485,03/10/2021,14:10:09,15,0,28.7,1.0,20.7,20.5,2,1,1.00,CYCLE,E
IND,208,6415,59486,03/10/2021,14:10:43,15,1,23.2,1.0,134.4,134.3,2,1,1.00,CYCLE,W
IND,208,6415,59485,03/10/2021,14:10:56,15,0,11.7,0.9,47.2,47.0,2,1,1.00,CYCLE,E
IND,208,6415,59485,03/10/2021,14:10:57,15,0,11.8,1.1,1.1,0.8,2,1,1.00,CYCLE,E
IND,208,6415,59485,03/10/2021,14:10:58,15,0,11.4,0.9,1.0,0.7,2,1,1.00,CYCLE,E
IND,208,6415,59486,03/10/2021,14:11:23,15,1,27.3,1.0,40.6,40.4,2,1,1.00,CYCLE,W
IND,208,6415,59485,03/10/2021,14:12:03,15,0,20.0,1.0,65.0,64.7,2,1,0.80,CYCLE,E
IND,208,6415,59485,03/10/2021,14:12:15,15,0,21.1,1.0,11.7,11.5,2,1,1.00,CYCLE,E
IND,208,6415,59485,03/10/2021,14:14:11,15,0,23.3,1.0,101.7,100.9,2,1,1.00,CYCLE,E
IND,208,6415,59485,03/10/2021,14:14:17,15,0,18.7,1.0,6.0,5.9,2,1,1.00,CYCLE,E
IND,208,6415,59486,03/10/2021,14:14:28,15,1,19.6,1.1,1.3,1.1,2,1,1.00,CYCLE,W
IND,208,6415,59485,03/10/2021,14:14:43,15,0,18.1,1.1,26.4,26.2,2,1,1.00,CYCLE,E
IND,208,6415,59485,03/10/2021,14:15:49,15,0,25.3,1.1,65.5,65.3,2,1,1.00,CYCLE,E
IND,208,6415,59486,03/10/2021,14:16:04,15,1,25.7,1.0,95.9,95.7,2,1,1.00,CYCLE,W
IND,208,6415,59486,03/10/2021,14:17:10,15,1,21.3,1.0,66.7,66.5,2,1,1.00,CYCLE,W
IND,208,6415,59486,03/10/2021,14:17:28,15,1,11.0,1.1,17.2,17.1,2,1,1.00,CYCLE,W
IND,208,6415,59485,03/10/2021,14:20:21,15,0,16.6,1.0,54.3,54.3,2,1,1.00,CYCLE,E
IND,208,6415,59486,03/10/2021,14:20:38,15,1,24.3,1.0,190.7,190.2,2,1,1.00,CYCLE,W
IND,208,6415,59485,03/10/2021,14:20:51,15,0,13.5,1.0,29.6,29.4,2,1,0.57,CYCLE,E
IND,208,6415,59485,03/10/2021,14:21:08,15,0,16.9,0.9,17.4,16.9,2,1,1.00,CYCLE,E
IND,208,6415,59485,03/10/2021,14:21:10,15,0,14.4,1.1,2.0,1.9,2,1,1.00,CYCLE,E
IND,208,6415,59485,03/10/2021,14:21:12,15,0,15.1,1.1,0.4,0.1,2,1,1.00,CYCLE,E
IND,208,6415,59485,03/10/2021,14:21:14,15,0,16.9,1.1,1.7,1.5,2,1,1.00,CYCLE,E
IND,208,6415,59485,03/10/2021,14:21:15,15,0,16.0,1.1,1.1,0.9,2,1,1.00,CYCLE,E
IND,208,6415,59485,03/10/2021,14:21:28,15,0,13.1,0.9,12.4,12.1,2,1,1.00,CYCLE,E
IND,208,6415,59485,03/10/2021,14:22:07,15,0,15.6,1.1,39.6,39.4,2,1,1.00,CYCLE,E
IND,208,6415,59486,03/10/2021,14:22:24,15,1,23.2,1.0,105.3,105.2,2,1,1.00,CYCLE,W
IND,208,6415,59486,03/10/2021,14:22:24,15,1,22.8,1.1,0.6,0.4,2,1,1.00,CYCLE,W
IND,208,6415,59485,03/10/2021,14:23:05,15,0,23.3,1.1,57.8,57.5,2,1,1.00,CYCLE,E
IND,208,6415,59485,03/10/2021,14:23:42,15,0,25.0,1.0,36.8,36.7,2,1,1.00,CYCLE,E
IND,208,6415,59485,03/10/2021,14:23:54,15,0,23.7,1.0,12.1,12.0,2,1,1.00,CYCLE,E
IND,208,6415,59485,03/10/2021,14:23:56,15,0,24.7,1.0,1.9,1.8,2,1,1.00,CYCLE,E
IND,208,6415,59485,03/10/2021,14:24:09,15,0,23.5,1.0,12.9,12.7,2,1,1.00,CYCLE,E
IND,208,6415,59485,03/10/2021,14:24:09,15,0,22.4,1.0,0.7,0.5,2,1,1.00,CYCLE,E
IND,208,6415,59485,03/10/2021,14:24:10,15,0,21.3,1.1,0.8,0.6,2,1,1.00,CYCLE,E
IND,208,6415,59485,03/10/2021,14:24:12,15,0,21.6,1.1,1.6,1.4,2,1,1.00,CYCLE,E
IND,208,6415,59486,03/10/2021,14:24:37,15,1,20.8,1.1,133.0,132.8,2,1,1.00,CYCLE,W
IND,208,6415,59486,03/10/2021,14:24:51,15,1,18.4,0.7,14.2,14.0,2,1,1.00,CYCLE,W
IND,208,6415,59486,03/10/2021,14:25:02,15,1,26.0,1.0,10.3,10.1,2,1,1.00,CYCLE,W
IND,208,6415,59486,03/10/2021,14:25:06,15,1,28.4,1.1,3.9,3.8,2,1,1.00,CYCLE,W
IND,208,6415,59486,03/10/2021,14:25:07,15,1,23.2,1.0,1.7,1.6,2,1,1.00,CYCLE,W
IND,208,6415,59486,03/10/2021,14:25:31,15,1,22.5,1.1,24.0,23.9,2,1,1.00,CYCLE,W
IND,208,6415,59486,03/10/2021,14:25:57,15,1,24.5,1.0,25.6,25.4,2,1,1.00,CYCLE,W
IND,208,6415,59486,03/10/2021,14:25:59,15,1,17.8,1.0,2.5,2.4,2,1,1.00,CYCLE,W
IND,208,6415,59486,03/10/2021,14:26:00,15,1,18.3,1.0,0.4,0.2,2,1,1.00,CYCLE,W
IND,208,6415,59485,03/10/2021,14:27:01,15,0,14.5,1.0,169.0,168.8,2,1,1.00,CYCLE,E
IND,208,6415,59485,03/10/2021,14:27:02,15,0,13.1,1.0,1.1,0.8,2,1,1.00,CYCLE,E
IND,208,6415,59486,03/10/2021,14:27:09,15,1,12.8,1.1,68.9,68.7,2,1,1.00,CYCLE,W
IND,208,6415,59486,03/10/2021,14:27:14,15,1,19.7,1.1,5.0,4.6,2,1,1.00,CYCLE,W
IND,208,6415,59486,03/10/2021,14:27:15,15,1,22.6,1.0,1.0,0.8,2,1,1.00,CYCLE,W
IND,208,6415,59485,03/10/2021,14:27:36,15,0,16.2,1.0,34.6,34.3,2,1,1.00,CYCLE,E
IND,208,6415,59485,03/10/2021,14:27:41,15,0,20.9,1.1,5.1,4.9,2,1,1.00,CYCLE,E
IND,208,6415,59486,03/10/2021,14:29:18,15,1,27.5,1.1,123.1,122.9,2,1,1.00,CYCLE,W
IND,208,6415,59485,03/10/2021,14:29:21,15,0,25.0,1.1,99.7,99.5,2,1,1.00,CYCLE,E
IND,208,6415,59486,03/10/2021,14:30:05,15,1,22.6,1.1,46.8,46.7,2,1,1.00,CYCLE,W
IND,208,6415,59485,03/10/2021,14:30:09,15,0,25.3,1.1,47.5,47.4,2,1,1.00,CYCLE,E
IND,208,6415,59486,03/10/2021,14:30:52,15,1,20.8,0.8,47.5,47.3,2,1,1.00,CYCLE,W
IND,208,6415,59486,03/10/2021,14:30:53,15,1,21.2,0.8,0.8,0.7,2,1,1.00,CYCLE,W
IND,208,6415,59485,03/10/2021,14:31:24,15,0,23.7,1.1,75.3,75.1,2,1,1.00,CYCLE,E
IND,208,6415,59486,03/10/2021,14:32:27,15,1,25.2,1.0,94.4,94.2,2,1,1.00,CYCLE,W
IND,208,6415,59486,03/10/2021,14:32:28,15,1,24.4,1.0,0.9,0.7,2,1,1.00,CYCLE,W
IND,208,6415,59486,03/10/2021,14:33:47,15,1,24.1,1.1,78.9,78.7,2,1,1.00,CYCLE,W
IND,208,6415,59485,03/10/2021,14:33:52,15,0,27.3,1.1,148.2,148.1,2,1,1.00,CYCLE,E
IND,208,6415,59486,03/10/2021,14:34:15,15,1,26.0,1.1,27.3,27.1,2,1,1.00,CYCLE,W
IND,208,6415,59485,03/10/2021,14:34:23,15,0,5.0,1.0,30.5,30.3,2,1,0.80,CYCLE,E
IND,208,6415,59486,03/10/2021,14:34:46,15,1,22.2,1.0,31.6,31.5,2,1,1.00,CYCLE,W
IND,208,6415,59485,03/10/2021,14:35:16,15,0,20.7,1.0,53.1,52.3,2,1,1.00,CYCLE,E
IND,208,6415,59485,03/10/2021,14:35:16,15,0,24.6,1.0,0.7,0.5,2,1,1.00,CYCLE,E
IND,208,6415,59485,03/10/2021,14:35:34,15,0,22.8,1.0,17.1,17.0,2,1,1.00,CYCLE,E
IND,208,6415,59485,03/10/2021,14:35:34,15,0,23.8,1.1,0.7,0.6,2,1,1.00,CYCLE,E
IND,208,6415,59486,03/10/2021,14:36:40,15,1,22.9,1.0,113.9,113.7,2,1,1.00,CYCLE,W
IND,208,6415,59486,03/10/2021,14:36:51,15,1,23.1,1.1,11.0,10.8,2,1,1.00,CYCLE,W
IND,208,6415,59486,03/10/2021,14:37:03,15,1,22.2,1.0,11.6,11.4,2,1,1.00,CYCLE,W
IND,208,6415,59486,03/10/2021,14:37:06,15,1,20.9,1.0,3.4,3.2,2,1,1.00,CYCLE,W
IND,208,6415,59486,03/10/2021,14:38:17,15,1,22.9,1.0,70.8,70.6,2,1,1.00,CYCLE,W
IND,208,6415,59486,03/10/2021,14:38:23,15,1,22.1,1.0,6.3,6.1,2,1,1.00,CYCLE,W
IND,208,6415,59486,03/10/2021,14:38:24,15,1,20.8,1.0,1.5,1.3,2,1,1.00,CYCLE,W
IND,208,6415,59485,03/10/2021,14:39:30,15,0,30.0,1.0,235.3,235.1,2,1,1.00,CYCLE,E
IND,208,6415,59486,03/10/2021,14:39:37,15,1,18.6,1.0,72.6,72.5,2,1,1.00,CYCLE,W
IND,208,6415,59486,03/10/2021,14:41:08,15,1,36.2,1.1,90.9,90.7,2,1,1.00,CYCLE,W
IND,208,6415,59486,03/10/2021,14:41:22,15,1,29.3,1.1,14.1,14.0,2,1,1.00,CYCLE,W
IND,208,6415,59486,03/10/2021,14:41:25,15,1,26.0,1.0,3.4,3.3,2,1,1.00,CYCLE,W
IND,208,6415,59486,03/10/2021,14:41:35,15,1,24.3,1.0,9.7,9.5,2,1,1.00,CYCLE,W
IND,208,6415,59486,03/10/2021,14:41:45,15,1,4.1,1.0,9.6,9.7,2,1,0.50,CYCLE,W
IND,208,6415,59485,03/10/2021,14:41:45,15,0,4.1,1.0,0.0,0.0,2,1,0.50,CYCLE,E
IND,208,6415,59486,03/10/2021,14:41:48,15,1,24.7,1.1,3.8,2.4,2,1,1.00,CYCLE,W
IND,208,6415,59486,03/10/2021,14:43:23,15,1,31.1,1.1,94.5,94.3,2,1,1.00,CYCLE,W
IND,208,6415,59486,03/10/2021,14:43:52,15,1,26.8,1.1,29.3,29.2,2,1,1.00,CYCLE,W
IND,208,6415,59485,03/10/2021,14:43:58,15,0,16.5,1.1,137.7,137.5,2,1,1.00,CYCLE,E
IND,208,6415,59485,03/10/2021,14:44:04,15,0,13.1,1.0,5.9,5.6,2,1,1.00,CYCLE,E
IND,208,6415,59486,03/10/2021,14:44:07,15,1,24.2,1.0,1.5,1.3,2,1,1.00,CYCLE,W
IND,208,6415,59486,03/10/2021,14:44:12,15,1,22.9,1.1,4.9,4.7,2,1,1.00,CYCLE,W
IND,208,6415,59486,03/10/2021,14:44:48,15,1,23.0,1.1,36.0,35.8,2,1,1.00,CYCLE,W
IND,208,6415,59486,03/10/2021,14:44:57,15,1,18.9,1.0,8.8,8.6,2,1,1.00,CYCLE,W
IND,208,6415,59486,03/10/2021,14:45:13,15,1,22.0,0.9,16.6,16.4,2,1,1.00,CYCLE,W
IND,208,6415,59486,03/10/2021,14:45:14,15,1,25.8,1.0,1.2,1.0,2,1,1.00,CYCLE,W
IND,208,6415,59486,03/10/2021,14:45:38,15,1,35.0,1.1,23.1,22.9,2,1,1.00,CYCLE,W
IND,208,6415,59486,03/10/2021,14:46:14,15,1,19.0,1.1,36.5,36.4,2,1,1.00,CYCLE,W
IND,208,6415,59486,03/10/2021,14:46:16,15,1,16.2,1.0,2.0,1.8,2,1,1.00,CYCLE,W
IND,208,6415,59486,03/10/2021,14:47:11,15,1,23.0,1.1,54.7,54.5,2,1,1.00,CYCLE,W
IND,208,6415,59486,03/10/2021,14:47:12,15,1,22.1,1.1,1.1,1.0,2,1,1.00,CYCLE,W
IND,208,6415,59486,03/10/2021,14:47:29,15,1,22.1,1.1,17.0,16.8,2,1,1.00,CYCLE,W
IND,208,6415,59486,03/10/2021,14:47:31,15,1,23.7,1.0,2.2,2.0,2,1,1.00,CYCLE,W
IND,208,6415,59486,03/10/2021,14:47:45,15,1,25.4,1.0,14.4,14.2,2,1,1.00,CYCLE,W
IND,208,6415,59486,03/10/2021,14:47:56,15,1,36.4,1.0,10.1,9.9,2,1,1.00,CYCLE,W
IND,208,6415,59486,03/10/2021,14:47:58,15,1,29.6,1.1,2.7,2.7,2,1,1.00,CYCLE,W
IND,208,6415,59486,03/10/2021,14:48:22,15,1,25.2,1.0,23.9,23.8,2,1,1.00,CYCLE,W
IND,208,6415,59485,03/10/2021,14:48:39,15,0,22.4,1.0,275.7,275.4,2,1,1.00,CYCLE,E
IND,208,6415,59485,03/10/2021,14:48:44,15,0,13.3,1.1,4.4,4.2,2,1,1.00,CYCLE,E
IND,208,6415,59486,03/10/2021,14:49:28,15,1,22.9,1.1,15.2,15.0,2,1,1.00,CYCLE,W
IND,208,6415,59486,03/10/2021,14:50:02,15,1,17.9,1.1,34.0,33.8,2,1,1.00,CYCLE,W
IND,208,6415,59486,03/10/2021,14:50:05,15,1,17.1,1.1,2.6,2.3,2,1,1.00,CYCLE,W
IND,208,6415,59485,03/10/2021,14:51:19,15,0,18.4,1.1,76.3,75.2,2,1,1.00,CYCLE,E
IND,208,6415,59485,03/10/2021,14:52:11,15,0,16.1,1.1,52.4,52.2,2,1,1.00,CYCLE,E
IND,208,6415,59486,03/10/2021,14:53:04,15,1,21.5,1.0,179.1,178.9,2,1,1.00,CYCLE,W
IND,208,6415,59486,03/10/2021,14:53:04,15,1,22.2,1.0,0.4,0.2,2,1,1.00,CYCLE,W
IND,208,6415,59485,03/10/2021,14:53:12,15,0,18.9,1.1,61.4,61.2,2,1,1.00,CYCLE,E
IND,208,6415,59486,03/10/2021,14:53:46,15,1,24.4,1.1,41.5,41.3,2,1,1.00,CYCLE,W
IND,208,6415,59486,03/10/2021,14:54:07,15,1,12.5,1.1,21.2,21.1,2,1,1.00,CYCLE,W
IND,208,6415,59486,03/10/2021,14:54:08,15,1,13.0,1.0,1.6,1.3,2,1,0.80,CYCLE,W
IND,208,6415,59486,03/10/2021,14:54:20,15,1,24.5,1.0,11.5,11.1,2,1,1.00,CYCLE,W
IND,208,6415,59485,03/10/2021,14:54:41,15,0,17.2,1.1,88.3,88.1,2,1,1.00,CYCLE,E
IND,208,6415,59486,03/10/2021,14:54:46,15,1,23.5,1.0,25.8,25.6,2,1,1.00,CYCLE,W
IND,208,6415,59485,03/10/2021,14:54:58,15,0,25.3,1.0,17.4,17.2,2,1,1.00,CYCLE,E
IND,208,6415,59486,03/10/2021,14:55:22,15,1,19.8,1.0,36.3,36.2,2,1,1.00,CYCLE,W
IND,208,6415,59486,03/10/2021,14:55:22,15,1,22.2,1.0,0.5,0.3,2,1,1.00,CYCLE,W
IND,208,6415,59486,03/10/2021,14:55:23,15,1,20.4,1.0,0.5,0.4,2,1,1.00,CYCLE,W
IND,208,6415,59486,03/10/2021,14:55:28,15,1,21.7,1.0,4.6,4.4,2,1,1.00,CYCLE,W
IND,208,6415,59486,03/10/2021,14:55:43,15,1,27.3,1.1,15.4,15.2,2,1,1.00,CYCLE,W
IND,208,6415,59486,03/10/2021,14:56:07,15,1,28.3,1.0,24.2,24.0,2,1,1.00,CYCLE,W
IND,208,6415,59485,03/10/2021,14:56:22,15,0,27.2,1.0,84.0,83.9,2,1,1.00,CYCLE,E
IND,208,6415,59486,03/10/2021,14:56:35,15,1,28.2,1.1,27.9,27.7,2,1,1.00,CYCLE,W
IND,208,6415,59486,03/10/2021,14:56:36,15,1,21.2,1.1,0.6,0.5,2,1,1.00,CYCLE,W
IND,208,6415,59486,03/10/2021,14:58:01,15,1,3.1,1.0,85.8,86.0,2,1,0.33,CYCLE,W
IND,208,6415,59486,03/10/2021,14:58:48,15,1,21.2,1.1,46.9,45.3,2,1,1.00,CYCLE,W
IND,208,6415,59485,03/10/2021,14:58:51,15,0,11.0,1.1,148.9,148.8,2,1,1.00,CYCLE,E
IND,208,6415,59486,03/10/2021,14:59:02,15,1,22.4,1.0,13.9,13.7,2,1,1.00,CYCLE,W
IND,208,6415,59486,03/10/2021,14:59:05,15,1,25.5,1.1,2.9,2.8,2,1,1.00,CYCLE,W
IND,208,6415,59485,03/10/2021,15:00:15,15,0,21.6,1.0,84.4,84.0,2,1,1.00,CYCLE,E
IND,208,6415,59486,03/10/2021,15:01:13,15,1,26.0,1.0,128.2,128.1,2,1,1.00,CYCLE,W
IND,208,6415,59485,03/10/2021,15:01:40,15,0,24.8,1.1,29.2,29.0,2,1,1.00,CYCLE,E
IND,208,6415,59486,03/10/2021,15:01:50,15,1,25.8,1.0,36.9,36.8,2,1,1.00,CYCLE,W
IND,208,6415,59486,03/10/2021,15:02:11,15,1,26.8,1.0,21.1,21.0,2,1,1.00,CYCLE,W
IND,208,6415,59486,03/10/2021,15:02:25,15,1,23.1,1.1,13.4,13.3,2,1,1.00,CYCLE,W
IND,208,6415,59486,03/10/2021,15:05:32,15,1,22.6,1.0,187.5,187.3,2,1,1.00,CYCLE,W
IND,208,6415,59486,03/10/2021,15:06:21,15,1,23.0,1.0,48.5,48.3,2,1,1.00,CYCLE,W
IND,208,6415,59486,03/10/2021,15:06:22,15,1,22.8,1.0,0.8,0.6,2,1,1.00,CYCLE,W
IND,208,6415,59485,03/10/2021,15:07:08,15,0,23.7,1.0,325.5,324.3,2,1,1.00,CYCLE,E
IND,208,6415,59486,03/10/2021,15:07:11,15,1,27.1,1.0,49.6,49.4,2,1,1.00,CYCLE,W
IND,208,6415,59486,03/10/2021,15:08:13,15,1,20.7,1.0,61.8,61.7,2,1,1.00,CYCLE,W
IND,208,6415,59485,03/10/2021,15:08:50,15,0,18.9,1.2,101.3,101.1,2,1,1.00,CYCLE,E
IND,208,6415,59485,03/10/2021,15:08:52,15,0,23.1,1.0,2.6,2.4,2,1,1.00,CYCLE,E
IND,208,6415,59485,03/10/2021,15:08:53,15,0,22.4,1.0,0.4,0.2,2,1,1.00,CYCLE,E
IND,208,6415,59485,03/10/2021,15:08:55,15,0,24.4,1.0,2.2,2.1,2,1,1.00,CYCLE,E
IND,208,6415,59485,03/10/2021,15:08:59,15,0,24.7,0.9,4.4,4.2,2,1,1.00,CYCLE,E
IND,208,6415,59486,03/10/2021,15:09:25,15,1,25.8,1.1,71.9,71.7,2,1,1.00,CYCLE,W
IND,208,6415,59485,03/10/2021,15:10:26,15,0,25.7,1.1,86.9,86.7,2,1,1.00,CYCLE,E
IND,208,6415,59485,03/10/2021,15:10:27,15,0,26.4,1.1,0.7,0.6,2,1,1.00,CYCLE,E
IND,208,6415,59486,03/10/2021,15:11:20,15,1,27.4,1.1,114.7,114.5,2,1,1.00,CYCLE,W
IND,208,6415,59485,03/10/2021,15:11:35,15,0,25.9,1.0,68.2,68.1,2,1,1.00,CYCLE,E
IND,208,6415,59485,03/10/2021,15:12:18,15,0,22.4,1.0,30.7,30.6,2,1,1.00,CYCLE,E
IND,208,6415,59485,03/10/2021,15:12:18,15,0,22.2,1.0,0.5,0.3,2,1,1.00,CYCLE,E
IND,208,6415,59485,03/10/2021,15:13:34,15,0,18.1,1.1,75.5,75.4,2,1,1.00,CYCLE,E
IND,208,6415,59486,03/10/2021,15:13:47,15,1,28.4,0.9,147.1,146.9,2,1,1.00,CYCLE,W
IND,208,6415,59486,03/10/2021,15:13:47,15,1,29.5,1.0,0.7,0.6,2,1,1.00,CYCLE,W
IND,208,6415,59486,03/10/2021,15:13:49,15,1,29.6,1.0,1.6,1.5,2,1,1.00,CYCLE,W
IND,208,6415,59485,03/10/2021,15:14:00,15,0,16.2,1.1,26.4,26.1,2,1,1.00,CYCLE,E
IND,208,6415,59486,03/10/2021,15:15:33,15,1,24.1,1.0,103.6,103.5,2,1,1.00,CYCLE,W
IND,208,6415,59485,03/10/2021,15:16:24,15,0,16.0,1.0,144.3,144.1,2,1,1.00,CYCLE,E
IND,208,6415,59485,03/10/2021,15:16:26,15,0,15.8,0.7,1.6,1.4,2,1,1.00,CYCLE,E
IND,208,6415,59485,03/10/2021,15:16:27,15,0,17.1,1.1,1.1,0.9,2,1,1.00,CYCLE,E
IND,208,6415,59486,03/10/2021,15:17:03,15,1,27.7,1.1,90.7,90.6,2,1,1.00,CYCLE,W
IND,208,6415,59485,03/10/2021,15:17:05,15,0,32.1,1.0,37.7,37.5,2,1,1.00,CYCLE,E
IND,208,6415,59485,03/10/2021,15:17:35,15,0,19.7,1.0,30.1,29.9,2,1,1.00,CYCLE,E
IND,208,6415,59485,03/10/2021,15:17:36,15,0,20.6,1.0,1.0,0.8,2,1,1.00,CYCLE,E
IND,208,6415,59486,03/10/2021,15:17:47,15,1,31.9,1.0,44.0,43.9,2,1,1.00,CYCLE,W
IND,208,6415,59485,03/10/2021,15:17:49,15,0,22.5,1.0,13.3,13.1,2,1,1.00,CYCLE,E
IND,208,6415,59485,03/10/2021,15:17:50,15,0,20.6,1.0,0.9,0.7,2,1,1.00,CYCLE,E
IND,208,6415,59485,03/10/2021,15:18:14,15,0,20.3,1.1,24.4,24.3,2,1,1.00,CYCLE,E
IND,208,6415,59485,03/10/2021,15:18:25,15,0,13.9,1.1,11.0,10.8,2,1,1.00,CYCLE,E
IND,208,6415,59485,03/10/2021,15:18:42,15,0,23.7,1.1,16.7,16.4,2,1,1.00,CYCLE,E
IND,208,6415,59485,03/10/2021,15:18:45,15,0,22.7,1.0,3.1,3.0,2,1,1.00,CYCLE,E
IND,208,6415,59486,03/10/2021,15:19:13,15,1,24.6,1.0,85.2,85.1,2,1,1.00,CYCLE,W
IND,208,6415,59486,03/10/2021,15:19:16,15,1,20.6,1.1,3.7,3.5,2,1,1.00,CYCLE,W
IND,208,6415,59485,03/10/2021,15:19:58,15,0,24.0,0.8,73.0,72.8,2,1,1.00,CYCLE,E
IND,208,6415,59485,03/10/2021,15:20:01,15,0,22.2,0.8,2.7,2.6,2,1,1.00,CYCLE,E
IND,208,6415,59486,03/10/2021,15:20:17,15,1,24.5,1.0,61.0,60.8,2,1,1.00,CYCLE,W
IND,208,6415,59486,03/10/2021,15:20:19,15,1,24.5,1.0,1.4,1.2,2,1,1.00,CYCLE,W
IND,208,6415,59486,03/10/2021,15:20:42,15,1,28.2,1.1,23.4,23.3,2,1,1.00,CYCLE,W
IND,208,6415,59485,03/10/2021,15:21:08,15,0,19.7,1.1,66.6,66.5,2,1,1.00,CYCLE,E
IND,208,6415,59485,03/10/2021,15:22:14,15,0,17.7,1.1,66.5,66.3,2,1,1.00,CYCLE,E
IND,208,6415,59486,03/10/2021,15:22:24,15,1,17.6,1.1,101.6,101.5,2,1,1.00,CYCLE,W
IND,208,6415,59486,03/10/2021,15:22:25,15,1,18.8,1.1,1.7,1.4,2,1,1.00,CYCLE,W
IND,208,6415,59485,03/10/2021,15:22:55,15,0,22.8,1.1,41.3,41.1,2,1,1.00,CYCLE,E
IND,208,6415,59485,03/10/2021,15:22:56,15,0,22.5,1.0,0.3,0.1,2,1,1.00,CYCLE,E
IND,208,6415,59485,03/10/2021,15:23:15,15,0,17.3,1.1,19.2,19.1,2,1,1.00,CYCLE,E
IND,208,6415,59485,03/10/2021,15:23:16,15,0,18.5,1.0,0.6,0.3,2,1,1.00,CYCLE,E
IND,208,6415,59486,03/10/2021,15:23:16,15,1,18.7,0.9,50.8,50.6,2,1,1.00,CYCLE,W
IND,208,6415,59486,03/10/2021,15:23:17,15,1,19.0,1.1,0.9,0.7,2,1,1.00,CYCLE,W
IND,208,6415,59486,03/10/2021,15:24:05,15,1,32.8,1.0,48.5,48.3,2,1,1.00,CYCLE,W
IND,208,6415,59486,03/10/2021,15:24:06,15,1,32.9,1.0,0.2,0.1,2,1,1.00,CYCLE,W
IND,208,6415,59486,03/10/2021,15:24:35,15,1,26.5,1.0,23.2,22.7,2,1,1.00,CYCLE,W
IND,208,6415,59486,03/10/2021,15:25:03,15,1,18.8,1.0,27.5,27.4,2,1,1.00,CYCLE,W
IND,208,6415,59486,03/10/2021,15:25:16,15,1,26.1,1.0,13.0,12.7,2,1,1.00,CYCLE,W
IND,208,6415,59486,03/10/2021,15:25:46,15,1,27.3,1.0,29.9,29.7,2,1,1.00,CYCLE,W
IND,208,6415,59486,03/10/2021,15:25:49,15,1,25.3,1.1,3.6,3.5,2,1,1.00,CYCLE,W
IND,208,6415,59486,03/10/2021,15:25:52,15,1,26.7,1.1,2.8,2.7,2,1,1.00,CYCLE,W
IND,208,6415,59486,03/10/2021,15:25:53,15,1,24.5,1.0,1.2,1.0,2,1,1.00,CYCLE,W
IND,208,6415,59485,03/10/2021,15:27:11,15,0,21.7,1.0,235.8,235.6,2,1,1.00,CYCLE,E
IND,208,6415,59485,03/10/2021,15:27:11,15,0,21.7,1.0,0.0,0.0,2,1,1.00,CYCLE,E
IND,208,6415,59486,03/10/2021,15:28:26,15,1,23.2,1.0,152.3,152.2,2,1,1.00,CYCLE,W
IND,208,6415,59485,03/10/2021,15:29:03,15,0,16.4,1.0,112.0,111.7,2,1,1.00,CYCLE,E
IND,208,6415,59486,03/10/2021,15:30:07,15,1,22.1,1.0,100.9,100.8,2,1,1.00,CYCLE,W
IND,208,6415,59486,03/10/2021,15:30:16,15,1,27.0,1.0,9.5,9.3,2,1,1.00,CYCLE,W
IND,208,6415,59485,03/10/2021,15:30:42,15,0,22.3,1.1,98.3,98.0,2,1,1.00,CYCLE,E
IND,208,6415,59486,03/10/2021,15:31:01,15,1,17.3,1.0,44.4,44.3,2,1,1.00,CYCLE,W
IND,208,6415,59485,03/10/2021,15:31:41,15,0,16.8,1.0,59.4,59.2,2,1,1.00,CYCLE,E
IND,208,6415,59485,03/10/2021,15:31:54,15,0,18.5,1.0,12.6,12.4,2,1,1.00,CYCLE,E
IND,208,6415,59485,03/10/2021,15:32:00,15,0,25.0,1.1,6.7,6.5,2,1,1.00,CYCLE,E
IND,208,6415,59485,03/10/2021,15:32:02,15,0,26.4,1.0,2.0,1.8,2,1,1.00,CYCLE,E
IND,208,6415,59485,03/10/2021,15:32:53,15,0,15.1,1.1,51.0,50.9,2,1,1.00,CYCLE,E
IND,208,6415,59485,03/10/2021,15:32:54,15,0,13.9,1.0,1.0,0.7,2,1,1.00,CYCLE,E
IND,208,6415,59486,03/10/2021,15:33:30,15,1,26.5,1.0,149.7,149.5,2,1,1.00,CYCLE,W
IND,208,6415,59486,03/10/2021,15:34:00,15,1,27.1,1.0,30.0,30.1,2,1,0.80,CYCLE,W
IND,208,6415,59485,03/10/2021,15:34:53,15,0,19.9,1.0,118.5,118.3,2,1,1.00,CYCLE,E
IND,208,6415,59485,03/10/2021,15:35:56,15,0,24.6,1.0,63.6,63.4,2,1,1.00,CYCLE,E
IND,208,6415,59486,03/10/2021,15:36:57,15,1,28.1,1.1,176.5,176.2,2,1,1.00,CYCLE,W
IND,208,6415,59485,03/10/2021,15:37:54,15,0,25.3,1.0,117.2,117.0,2,1,1.00,CYCLE,E
IND,208,6415,59485,03/10/2021,15:37:54,15,0,21.3,1.1,0.7,0.6,2,1,1.00,CYCLE,E
IND,208,6415,59486,03/10/2021,15:38:22,15,1,17.9,0.5,85.6,85.5,2,1,1.00,CYCLE,W
IND,208,6415,59485,03/10/2021,15:38:27,15,0,14.2,1.0,32.3,32.1,2,1,1.00,CYCLE,E
IND,208,6415,59485,03/10/2021,15:38:28,15,0,13.9,1.1,1.0,0.7,2,1,1.00,CYCLE,E
IND,208,6415,59486,03/10/2021,15:40:13,15,1,18.3,1.1,110.7,110.6,2,1,1.00,CYCLE,W
IND,208,6415,59486,03/10/2021,15:40:15,15,1,16.9,1.0,1.7,1.5,2,1,1.00,CYCLE,W
IND,208,6415,59486,03/10/2021,15:40:37,15,1,18.9,1.1,22.3,22.1,2,1,1.00,CYCLE,W
IND,208,6415,59486,03/10/2021,15:40:38,15,1,19.8,1.0,0.8,0.6,2,1,1.00,CYCLE,W
IND,208,6415,59486,03/10/2021,15:41:11,15,1,24.8,1.0,32.6,32.4,2,1,1.00,CYCLE,W
IND,208,6415,59486,03/10/2021,15:41:12,15,1,26.1,1.1,1.8,1.7,2,1,1.00,CYCLE,W
IND,208,6415,59486,03/10/2021,15:42:13,15,1,20.0,1.0,60.8,60.6,2,1,1.00,CYCLE,W
IND,208,6415,59486,03/10/2021,15:42:13,15,1,17.0,0.9,0.3,0.1,2,1,1.00,CYCLE,W
IND,208,6415,59486,03/10/2021,15:42:16,15,1,25.7,1.0,2.9,2.7,2,1,1.00,CYCLE,W
IND,208,6415,59485,03/10/2021,15:42:40,15,0,18.5,1.0,252.3,252.0,2,1,1.00,CYCLE,E
IND,208,6415,59485,03/10/2021,15:42:40,15,0,18.4,1.1,0.7,0.5,2,1,1.00,CYCLE,E
IND,208,6415,59485,03/10/2021,15:43:32,15,0,27.1,1.0,51.6,51.4,2,1,1.00,CYCLE,E
IND,208,6415,59486,03/10/2021,15:45:16,15,1,31.8,1.0,179.3,179.1,2,1,1.00,CYCLE,W
IND,208,6415,59485,03/10/2021,15:45:54,15,0,22.3,1.1,141.5,141.4,2,1,1.00,CYCLE,E
IND,208,6415,59486,03/10/2021,15:46:14,15,1,24.2,1.0,58.5,58.4,2,1,1.00,CYCLE,W
IND,208,6415,59485,03/10/2021,15:46:31,15,0,22.1,1.0,17.1,17.1,2,1,1.00,CYCLE,E
IND,208,6415,59485,03/10/2021,15:46:31,15,0,22.1,1.0,0.0,0.0,2,1,1.00,CYCLE,E
IND,208,6415,59486,03/10/2021,15:46:48,15,1,24.8,1.0,33.5,33.3,2,1,1.00,CYCLE,W
IND,208,6415,59485,03/10/2021,15:46:53,15,0,21.1,1.0,21.6,21.4,2,1,1.00,CYCLE,E
IND,208,6415,59485,03/10/2021,15:47:49,15,0,24.1,1.0,56.2,56.1,2,1,1.00,CYCLE,E
IND,208,6415,59485,03/10/2021,15:47:50,15,0,20.3,1.1,0.5,0.3,2,1,1.00,CYCLE,E
IND,208,6415,59485,03/10/2021,15:48:28,15,0,19.4,1.0,37.9,37.7,2,1,1.00,CYCLE,E
IND,208,6415,59485,03/10/2021,15:48:56,15,0,20.1,1.1,28.1,27.9,2,1,1.00,CYCLE,E
IND,208,6415,59485,03/10/2021,15:48:57,15,0,19.3,1.1,1.2,1.0,2,1,1.00,CYCLE,E
IND,208,6415,59485,03/10/2021,15:49:03,15,0,20.6,1.1,6.3,6.1,2,1,1.00,CYCLE,E
IND,208,6415,59485,03/10/2021,15:49:59,15,0,20.0,1.0,55.7,55.5,2,1,1.00,CYCLE,E
IND,208,6415,59485,03/10/2021,15:53:25,15,0,21.6,1.1,205.7,205.5,2,1,1.00,CYCLE,E
IND,208,6415,59486,03/10/2021,15:55:49,15,1,28.1,1.0,541.7,541.5,2,1,1.00,CYCLE,W
IND,208,6415,59485,03/10/2021,15:56:19,15,0,25.8,1.1,174.4,174.2,2,1,1.00,CYCLE,E
IND,208,6415,59486,03/10/2021,15:56:23,15,1,25.0,1.0,34.0,33.9,2,1,1.00,CYCLE,W
IND,208,6415,59485,03/10/2021,15:56:52,15,0,29.9,1.0,32.7,32.6,2,1,1.00,CYCLE,E
IND,208,6415,59486,03/10/2021,15:57:00,15,1,27.9,1.0,36.3,36.2,2,1,1.00,CYCLE,W
IND,208,6415,59486,03/10/2021,15:59:21,15,1,28.4,1.0,77.9,76.2,2,1,1.00,CYCLE,W
IND,208,6415,59486,03/10/2021,16:00:05,15,1,4.1,1.0,44.5,44.6,2,1,1.00,CYCLE,W
IND,208,6415,59486,03/10/2021,16:05:48,15,1,24.2,1.0,342.9,341.7,2,1,1.00,CYCLE,W
IND,208,6415,59486,03/10/2021,16:05:48,15,1,23.4,1.0,0.4,0.3,2,1,1.00,CYCLE,W
IND,208,6415,59485,03/10/2021,16:07:13,15,0,22.4,1.0,48.1,48.1,2,1,1.00,CYCLE,E
IND,208,6415,59485,03/10/2021,16:07:15,15,0,10.1,0.9,1.6,1.4,2,1,1.00,CYCLE,E
IND,208,6415,59485,03/10/2021,16:07:16,15,0,9.9,1.0,0.7,0.4,2,1,1.00,CYCLE,E
IND,208,6415,59485,03/10/2021,16:07:20,15,0,13.2,1.0,4.3,3.9,2,1,1.00,CYCLE,E
IND,208,6415,59486,03/10/2021,16:08:05,15,1,15.3,1.0,136.7,136.5,2,1,0.67,CYCLE,W
IND,208,6415,59486,03/10/2021,16:08:05,15,1,15.3,1.0,0.0,0.0,2,1,0.67,CYCLE,W
IND,208,6415,59485,03/10/2021,16:09:03,15,0,25.3,1.1,102.5,102.2,2,1,1.00,CYCLE,E
IND,208,6415,59485,03/10/2021,16:10:00,15,0,16.7,1.0,57.8,57.7,2,1,1.00,CYCLE,E
IND,208,6415,59485,03/10/2021,16:10:00,15,0,16.7,1.0,0.0,0.0,2,1,1.00,CYCLE,E
IND,208,6415,59485,03/10/2021,16:12:34,15,0,21.5,1.1,153.5,153.2,2,1,1.00,CYCLE,E
IND,208,6415,59485,03/10/2021,16:13:07,15,0,26.8,1.0,33.2,33.0,2,1,1.00,CYCLE,E
IND,208,6415,59486,03/10/2021,16:16:06,15,1,24.8,1.1,481.2,480.4,2,1,1.00,CYCLE,W
IND,208,6415,59485,03/10/2021,16:16:07,15,0,22.0,1.1,179.9,179.8,2,1,1.00,CYCLE,E
IND,208,6415,59486,03/10/2021,16:17:43,15,1,24.4,1.0,96.2,96.1,2,1,1.00,CYCLE,W
IND,208,6415,59485,03/10/2021,16:17:52,15,0,13.3,1.1,104.9,104.7,2,1,1.00,CYCLE,E
IND,208,6415,59485,03/10/2021,16:17:53,15,0,13.6,1.0,1.0,0.7,2,1,1.00,CYCLE,E
IND,208,6415,59485,03/10/2021,16:18:51,15,0,28.9,1.1,57.9,57.6,2,1,1.00,CYCLE,E
IND,208,6415,59486,03/10/2021,16:20:36,15,1,24.3,1.0,173.1,173.0,2,1,1.00,CYCLE,W
IND,208,6415,59486,03/10/2021,16:21:22,15,1,21.7,1.1,46.2,46.1,2,1,1.00,CYCLE,W
IND,208,6415,59486,03/10/2021,16:22:25,15,1,20.5,1.0,62.7,62.6,2,1,1.00,CYCLE,W
IND,208,6415,59485,03/10/2021,16:22:48,15,0,15.2,1.0,237.2,237.1,2,1,1.00,CYCLE,E
IND,208,6415,59485,03/10/2021,16:22:49,15,0,14.3,1.1,0.9,0.7,2,1,1.00,CYCLE,E
IND,208,6415,59485,03/10/2021,16:23:00,15,0,16.3,1.0,11.1,10.8,2,1,1.00,CYCLE,E
IND,208,6415,59485,03/10/2021,16:23:01,15,0,16.6,1.0,0.8,0.6,2,1,1.00,CYCLE,E
IND,208,6415,59485,03/10/2021,16:25:31,15,0,22.4,1.0,150.0,149.8,2,1,1.00,CYCLE,E
IND,208,6415,59486,03/10/2021,16:27:10,15,1,30.2,0.9,285.5,285.3,2,1,1.00,CYCLE,W
IND,208,6415,59486,03/10/2021,16:27:44,15,1,28.6,1.0,34.2,34.1,2,1,1.00,CYCLE,W
IND,208,6415,59485,03/10/2021,16:29:16,15,0,26.4,1.0,225.1,224.9,2,1,1.00,CYCLE,E
IND,208,6415,59485,03/10/2021,16:30:48,15,0,23.6,1.0,91.9,91.7,2,1,1.00,CYCLE,E
IND,208,6415,59485,03/10/2021,16:31:06,15,0,19.8,1.1,18.7,18.5,2,1,1.00,CYCLE,E
IND,208,6415,59485,03/10/2021,16:31:39,15,0,13.3,0.5,32.9,32.7,2,1,1.00,CYCLE,E
IND,208,6415,59486,03/10/2021,16:31:54,15,1,20.2,0.4,249.1,249.0,2,1,1.00,CYCLE,W
IND,208,6415,59485,03/10/2021,16:32:18,15,0,22.1,0.4,2.2,2.2,2,1,0.80,CYCLE,E
IND,208,6415,59485,03/10/2021,16:33:24,15,0,21.6,1.0,66.0,66.0,2,1,1.00,CYCLE,E
IND,208,6415,59485,03/10/2021,16:36:29,15,0,25.9,1.0,185.4,185.2,2,1,1.00,CYCLE,E
IND,208,6415,59485,03/10/2021,16:39:44,15,0,15.9,1.0,194.8,194.6,2,1,1.00,CYCLE,E
IND,208,6415,59485,03/10/2021,16:39:45,15,0,17.9,1.1,1.1,0.8,2,1,1.00,CYCLE,E
IND,208,6415,59486,03/10/2021,16:40:14,15,1,29.6,1.0,500.6,500.5,2,1,1.00,CYCLE,W
IND,208,6415,59486,03/10/2021,16:41:22,15,1,21.4,1.0,68.0,67.9,2,1,1.00,CYCLE,W
IND,208,6415,59485,03/10/2021,16:41:38,15,0,19.5,1.0,112.6,112.4,2,1,1.00,CYCLE,E
IND,208,6415,59485,03/10/2021,16:44:10,15,0,21.2,1.0,152.4,152.2,2,1,1.00,CYCLE,E
IND,208,6415,59485,03/10/2021,16:48:24,15,0,17.8,1.0,254.1,253.9,2,1,1.00,CYCLE,E
IND,208,6415,59485,03/10/2021,16:48:26,15,0,15.8,1.1,1.6,1.3,2,1,1.00,CYCLE,E
IND,208,6415,59485,03/10/2021,16:57:10,15,0,12.5,1.0,524.4,524.2,2,1,1.00,CYCLE,E
IND,208,6415,59485,03/10/2021,16:57:10,15,0,11.9,1.0,0.5,0.2,2,1,1.00,CYCLE,E
IND,208,6415,59486,03/10/2021,16:58:29,15,1,6.2,0.8,1026.6,1026.6,2,1,0.80,CYCLE,W
IND,208,6415,59486,03/10/2021,17:03:51,15,1,24.2,1.1,322.2,321.7,2,1,1.00,CYCLE,W
IND,208,6415,59486,03/10/2021,17:04:27,15,1,27.9,1.0,36.4,36.2,2,1,1.00,CYCLE,W
IND,208,6415,59485,03/10/2021,17:05:40,15,0,29.7,1.1,509.8,509.6,2,1,1.00,CYCLE,E
IND,208,6415,59485,03/10/2021,17:08:40,15,0,18.3,1.1,179.4,179.3,2,1,1.00,CYCLE,E
IND,208,6415,59485,03/10/2021,17:16:03,15,0,21.2,1.1,443.8,443.5,2,1,1.00,CYCLE,E
IND,208,6415,59486,03/10/2021,17:17:41,15,1,22.7,1.0,794.0,793.8,2,1,1.00,CYCLE,W
IND,208,6415,59486,03/10/2021,17:18:12,15,1,21.2,1.0,31.1,31.0,2,1,1.00,CYCLE,W
IND,208,6415,59485,03/10/2021,17:25:27,15,0,21.2,1.1,563.6,563.4,2,1,1.00,CYCLE,E
IND,208,6415,59486,03/10/2021,17:39:12,15,1,29.4,1.1,1259.4,1259.2,2,1,1.00,CYCLE,W
IND,208,6415,59486,03/10/2021,17:44:30,15,1,26.7,1.1,318.3,318.1,2,1,1.00,CYCLE,W
IND,208,6415,59486,03/10/2021,17:46:59,15,1,27.9,1.0,149.3,149.2,2,1,1.00,CYCLE,W
IND,208,6415,59485,03/10/2021,17:47:58,15,0,23.3,1.0,1350.6,1350.4,2,1,1.00,CYCLE,E
IND,208,6415,59485,03/10/2021,17:48:32,15,0,28.1,1.1,34.8,34.6,2,1,1.00,CYCLE,E
IND,208,6415,59485,03/10/2021,17:51:44,15,0,23.2,1.1,191.3,191.2,2,1,1.00,CYCLE,E
IND,208,6415,59486,03/10/2021,17:52:02,15,1,21.0,1.0,303.1,302.9,2,1,1.00,CYCLE,W
IND,208,6415,59485,03/10/2021,18:10:29,15,0,16.8,1.0,1125.1,1124.9,2,1,1.00,CYCLE,E
IND,208,6415,59486,03/10/2021,18:11:35,15,1,27.3,1.0,1172.3,1172.1,2,1,1.00,CYCLE,W
IND,208,6415,59485,03/10/2021,18:13:14,15,0,23.2,1.0,165.3,165.1,2,1,1.00,CYCLE,E
IND,208,6415,59486,03/10/2021,18:17:01,15,1,21.6,1.1,232.6,232.5,2,1,1.00,CYCLE,W
IND,208,6415,59486,03/10/2021,18:23:00,15,1,23.9,1.1,358.9,358.7,2,1,1.00,CYCLE,W
IND,208,6415,59485,03/10/2021,18:57:57,15,0,18.3,1.0,2682.5,2682.4,2,1,1.00,CYCLE,E
IND,208,6415,59486,03/10/2021,19:03:45,15,1,23.4,1.0,2444.9,2444.7,2,1,1.00,CYCLE,W
IND,208,6415,59486,03/10/2021,19:03:45,15,1,23.4,1.0,0.0,0.0,2,1,1.00,CYCLE,W
IND,208,6415,59485,03/10/2021,19:18:20,15,0,18.4,1.0,1223.1,1222.9,2,1,1.00,CYCLE,E
