DATA_TYPE,TIS_DATA_REQUEST,SITE_XN_ROUTE,LOC_LEG,DATE,TIME,CLASS,LANE,SPEED,WHEELBASE,HEADWAY,GAP,AXLE,AXLE_GROUPING,RHO,VEHICLE,DIRECTION
IND,208,7604,59467,22/03/2021,04:46:03,15,1,22.9,1.0,2054.1,2054.1,2,1,1.00,CYCLE,S
IND,208,7604,59467,22/03/2021,04:59:14,15,1,20.0,1.0,791.0,790.8,2,1,1.00,CYCLE,S
IND,208,7604,59467,22/03/2021,05:11:31,15,1,13.5,1.0,736.7,736.5,2,1,1.00,CYCLE,S
IND,208,7604,59467,22/03/2021,05:19:57,15,1,17.2,1.1,506.1,505.8,2,1,1.00,CYCLE,S
IND,208,7604,59466,22/03/2021,05:28:35,15,0,33.2,1.1,4606.1,4606.1,2,1,1.00,CYCLE,N
IND,208,7604,59467,22/03/2021,05:31:38,15,1,20.5,1.0,701.4,701.2,2,1,1.00,CYCLE,S
IND,208,7604,59466,22/03/2021,05:33:28,15,0,25.2,1.0,293.2,293.1,2,1,1.00,CYCLE,N
IND,208,7604,59466,22/03/2021,05:33:29,15,0,25.2,1.0,0.8,0.6,2,1,1.00,CYCLE,N
IND,208,7604,59467,22/03/2021,05:33:40,15,1,24.8,1.1,121.4,121.2,2,1,1.00,CYCLE,S
IND,208,7604,59466,22/03/2021,05:34:00,15,0,30.0,1.0,30.8,30.7,2,1,1.00,CYCLE,N
IND,208,7604,59467,22/03/2021,05:34:17,15,1,19.7,1.0,37.9,37.7,2,1,1.00,CYCLE,S
IND,208,7604,59467,22/03/2021,05:36:29,15,1,16.7,1.1,131.8,131.6,2,1,1.00,CYCLE,S
IND,208,7604,59467,22/03/2021,05:43:23,15,1,20.5,1.1,413.5,413.3,2,1,1.00,CYCLE,S
IND,208,7604,59466,22/03/2021,05:44:27,15,0,35.3,1.1,626.7,626.6,2,1,1.00,CYCLE,N
IND,208,7604,59467,22/03/2021,05:45:26,15,1,18.3,1.1,123.1,122.9,2,1,1.00,CYCLE,S
IND,208,7604,59467,22/03/2021,05:47:51,15,1,19.6,1.0,144.8,144.6,2,1,1.00,CYCLE,S
IND,208,7604,59466,22/03/2021,05:48:43,15,0,27.8,1.0,256.5,256.3,2,1,1.00,CYCLE,N
IND,208,7604,59467,22/03/2021,05:49:25,15,1,13.1,1.0,93.9,93.8,2,1,1.00,CYCLE,S
IND,208,7604,59467,22/03/2021,05:51:09,15,1,16.7,1.1,104.6,104.3,2,1,1.00,CYCLE,S
IND,208,7604,59467,22/03/2021,05:53:57,15,1,28.3,1.1,168.1,167.9,2,1,1.00,CYCLE,S
IND,208,7604,59466,22/03/2021,05:54:00,15,0,26.0,1.1,317.3,317.1,2,1,1.00,CYCLE,N
IND,208,7604,59467,22/03/2021,05:56:04,15,1,21.5,1.1,126.7,126.6,2,1,1.00,CYCLE,S
IND,208,7604,59467,22/03/2021,05:57:09,15,1,19.6,1.0,64.7,64.5,2,1,1.00,CYCLE,S
IND,208,7604,59467,22/03/2021,05:57:58,15,1,24.0,1.0,49.0,48.8,2,1,1.00,CYCLE,S
IND,208,7604,59467,22/03/2021,05:58:04,15,1,15.6,1.1,6.9,6.8,2,1,1.00,CYCLE,S
IND,208,7604,59467,22/03/2021,05:58:35,15,1,19.3,1.1,30.1,29.8,2,1,1.00,CYCLE,S
IND,208,7604,59467,22/03/2021,05:59:08,15,1,20.0,1.0,33.0,32.8,2,1,1.00,CYCLE,S
IND,208,7604,59467,22/03/2021,05:59:12,15,1,18.1,1.0,4.4,4.2,2,1,1.00,CYCLE,S
IND,208,7604,59467,22/03/2021,06:01:43,15,1,26.1,1.1,150.6,150.3,2,1,1.00,CYCLE,S
IND,208,7604,59467,22/03/2021,06:03:43,15,1,22.4,1.0,120.5,120.4,2,1,1.00,CYCLE,S
IND,208,7604,59467,22/03/2021,06:03:43,15,1,22.3,1.0,0.4,0.3,2,1,1.00,CYCLE,S
IND,208,7604,59467,22/03/2021,06:04:22,15,1,19.7,1.0,38.6,38.5,2,1,1.00,CYCLE,S
IND,208,7604,59466,22/03/2021,06:05:00,15,0,35.8,1.0,659.5,659.4,2,1,1.00,CYCLE,N
IND,208,7604,59466,22/03/2021,06:05:01,15,0,39.3,1.0,1.1,1.0,2,1,1.00,CYCLE,N
IND,208,7604,59467,22/03/2021,06:05:20,15,1,19.4,1.0,58.0,57.9,2,1,1.00,CYCLE,S
IND,208,7604,59467,22/03/2021,06:05:58,15,1,24.1,1.0,37.7,37.5,2,1,1.00,CYCLE,S
IND,208,7604,59467,22/03/2021,06:05:59,15,1,24.8,1.0,0.8,0.6,2,1,1.00,CYCLE,S
IND,208,7604,59467,22/03/2021,06:06:15,15,1,17.7,1.0,16.4,16.3,2,1,1.00,CYCLE,S
IND,208,7604,59467,22/03/2021,06:09:54,15,1,18.5,1.1,218.7,218.5,2,1,1.00,CYCLE,S
IND,208,7604,59466,22/03/2021,06:10:16,15,0,33.7,1.0,30.5,30.5,2,1,1.00,CYCLE,N
IND,208,7604,59467,22/03/2021,06:10:19,15,1,16.6,1.1,25.6,25.5,2,1,1.00,CYCLE,S
IND,208,7604,59467,22/03/2021,06:11:50,15,1,22.1,1.0,90.1,89.8,2,1,1.00,CYCLE,S
IND,208,7604,59466,22/03/2021,06:17:39,15,0,31.8,1.1,442.7,442.6,2,1,1.00,CYCLE,N
IND,208,7604,59466,22/03/2021,06:19:02,15,0,33.5,1.0,83.7,83.5,2,1,1.00,CYCLE,N
IND,208,7604,59467,22/03/2021,06:19:03,15,1,29.9,1.1,433.7,433.5,2,1,1.00,CYCLE,S
IND,208,7604,59466,22/03/2021,06:20:24,15,0,38.0,1.2,81.5,81.4,2,1,1.00,CYCLE,N
IND,208,7604,59467,22/03/2021,06:21:20,15,1,19.8,1.0,137.0,136.9,2,1,1.00,CYCLE,S
IND,208,7604,59466,22/03/2021,06:21:43,15,0,39.3,1.0,79.0,78.9,2,1,1.00,CYCLE,N
IND,208,7604,59466,22/03/2021,06:22:54,15,0,40.5,1.0,70.8,70.7,2,1,1.00,CYCLE,N
IND,208,7604,59467,22/03/2021,06:22:57,15,1,27.4,1.0,96.6,96.4,2,1,1.00,CYCLE,S
IND,208,7604,59466,22/03/2021,06:23:30,15,0,20.0,1.0,36.1,36.0,2,1,1.00,CYCLE,N
IND,208,7604,59466,22/03/2021,06:23:30,15,0,20.8,1.0,0.5,0.3,2,1,1.00,CYCLE,N
IND,208,7604,59467,22/03/2021,06:24:19,15,1,15.0,1.0,82.4,82.3,2,1,1.00,CYCLE,S
IND,208,7604,59466,22/03/2021,06:28:08,15,0,34.2,1.1,277.5,277.4,2,1,1.00,CYCLE,N
IND,208,7604,59467,22/03/2021,06:29:04,15,1,17.1,1.1,284.7,284.5,2,1,1.00,CYCLE,S
IND,208,7604,59466,22/03/2021,06:29:57,15,0,38.4,1.0,109.4,109.3,2,1,1.00,CYCLE,N
IND,208,7604,59467,22/03/2021,06:33:34,15,1,16.8,1.1,269.7,269.4,2,1,1.00,CYCLE,S
IND,208,7604,59467,22/03/2021,06:33:36,15,1,17.5,1.1,2.0,1.7,2,1,1.00,CYCLE,S
IND,208,7604,59467,22/03/2021,06:33:41,15,1,18.8,1.0,5.5,5.3,2,1,1.00,CYCLE,S
IND,208,7604,59466,22/03/2021,06:35:46,15,0,35.3,1.1,71.7,71.6,2,1,1.00,CYCLE,N
IND,208,7604,59467,22/03/2021,06:36:36,15,1,17.6,1.0,174.9,174.7,2,1,1.00,CYCLE,S
IND,208,7604,59467,22/03/2021,06:37:17,15,1,14.1,1.1,41.2,41.0,2,1,1.00,CYCLE,S
IND,208,7604,59466,22/03/2021,06:37:48,15,0,37.4,1.0,122.2,122.1,2,1,1.00,CYCLE,N
IND,208,7604,59467,22/03/2021,06:38:16,15,1,21.0,1.0,59.3,59.0,2,1,1.00,CYCLE,S
IND,208,7604,59467,22/03/2021,06:38:29,15,1,16.3,1.0,12.6,12.5,2,1,1.00,CYCLE,S
IND,208,7604,59467,22/03/2021,06:38:30,15,1,16.0,1.1,1.3,1.1,2,1,1.00,CYCLE,S
IND,208,7604,59467,22/03/2021,06:39:44,15,1,15.9,1.0,74.0,73.8,2,1,1.00,CYCLE,S
IND,208,7604,59467,22/03/2021,06:40:24,15,1,22.1,1.1,40.0,39.7,2,1,1.00,CYCLE,S
IND,208,7604,59467,22/03/2021,06:41:12,15,1,25.1,1.0,48.1,47.9,2,1,1.00,CYCLE,S
IND,208,7604,59467,22/03/2021,06:43:04,15,1,23.2,1.0,111.2,111.1,2,1,1.00,CYCLE,S
IND,208,7604,59467,22/03/2021,06:43:04,15,1,23.2,1.0,0.0,0.0,2,1,1.00,CYCLE,S
IND,208,7604,59467,22/03/2021,06:43:34,15,1,23.9,1.2,30.8,30.6,2,1,1.00,CYCLE,S
IND,208,7604,59467,22/03/2021,06:44:09,15,1,19.0,1.1,34.6,34.4,2,1,1.00,CYCLE,S
IND,208,7604,59467,22/03/2021,06:45:22,15,1,14.2,1.0,73.5,73.3,2,1,1.00,CYCLE,S
IND,208,7604,59466,22/03/2021,06:45:31,15,0,39.3,1.0,463.2,463.2,2,1,1.00,CYCLE,N
IND,208,7604,59466,22/03/2021,06:45:48,15,0,35.2,1.1,16.6,16.5,2,1,1.00,CYCLE,N
IND,208,7604,59467,22/03/2021,06:47:06,15,1,19.4,1.1,103.6,103.4,2,1,1.00,CYCLE,S
IND,208,7604,59467,22/03/2021,06:47:51,15,1,23.5,1.0,45.3,45.1,2,1,1.00,CYCLE,S
IND,208,7604,59467,22/03/2021,06:48:51,15,1,19.6,1.0,59.8,59.7,2,1,1.00,CYCLE,S
IND,208,7604,59466,22/03/2021,06:49:10,15,0,33.7,1.0,202.4,202.3,2,1,1.00,CYCLE,N
IND,208,7604,59467,22/03/2021,06:49:58,15,1,19.3,1.0,67.0,66.9,2,1,1.00,CYCLE,S
IND,208,7604,59467,22/03/2021,06:52:47,15,1,19.6,1.2,169.2,169.0,2,1,1.00,CYCLE,S
IND,208,7604,59467,22/03/2021,06:52:49,15,1,19.6,1.0,1.4,1.2,2,1,1.00,CYCLE,S
IND,208,7604,59466,22/03/2021,06:53:52,15,0,35.4,1.0,281.7,281.6,2,1,1.00,CYCLE,N
IND,208,7604,59466,22/03/2021,06:54:21,15,0,39.5,1.1,29.4,29.3,2,1,1.00,CYCLE,N
IND,208,7604,59467,22/03/2021,06:54:29,15,1,11.9,1.0,100.3,100.1,2,1,1.00,CYCLE,S
IND,208,7604,59467,22/03/2021,06:55:04,15,1,21.0,1.1,34.7,34.4,2,1,1.00,CYCLE,S
IND,208,7604,59466,22/03/2021,06:55:17,15,0,31.7,1.1,55.7,55.6,2,1,1.00,CYCLE,N
IND,208,7604,59467,22/03/2021,06:56:24,15,1,18.5,1.0,80.4,80.3,2,1,1.00,CYCLE,S
IND,208,7604,59467,22/03/2021,06:57:43,15,1,23.3,1.0,79.0,78.8,2,1,1.00,CYCLE,S
IND,208,7604,59467,22/03/2021,07:00:20,15,1,15.4,1.0,156.5,156.3,2,1,1.00,CYCLE,S
IND,208,7604,59466,22/03/2021,07:00:31,15,0,28.4,1.1,314.1,314.0,2,1,1.00,CYCLE,N
IND,208,7604,59466,22/03/2021,07:01:26,15,0,39.3,1.0,55.2,55.0,2,1,1.00,CYCLE,N
IND,208,7604,59467,22/03/2021,07:01:48,15,1,19.9,1.0,88.7,88.5,2,1,1.00,CYCLE,S
IND,208,7604,59467,22/03/2021,07:02:42,15,1,23.3,1.0,53.5,53.3,2,1,1.00,CYCLE,S
IND,208,7604,59467,22/03/2021,07:03:09,15,1,18.5,1.0,27.2,27.0,2,1,1.00,CYCLE,S
IND,208,7604,59467,22/03/2021,07:03:24,15,1,15.6,1.1,14.5,14.3,2,1,1.00,CYCLE,S
IND,208,7604,59467,22/03/2021,07:03:47,15,1,22.0,1.0,23.4,23.1,2,1,1.00,CYCLE,S
IND,208,7604,59467,22/03/2021,07:04:46,15,1,16.1,1.1,59.4,59.3,2,1,1.00,CYCLE,S
IND,208,7604,59467,22/03/2021,07:06:18,15,1,22.2,1.1,91.8,91.5,2,1,1.00,CYCLE,S
IND,208,7604,59467,22/03/2021,07:06:21,15,1,22.2,1.1,2.7,2.5,2,1,1.00,CYCLE,S
IND,208,7604,59466,22/03/2021,07:07:16,15,0,26.4,1.0,350.1,350.0,2,1,1.00,CYCLE,N
IND,208,7604,59466,22/03/2021,07:08:03,15,0,31.9,1.0,46.7,46.5,2,1,1.00,CYCLE,N
IND,208,7604,59466,22/03/2021,07:08:06,15,0,29.6,1.0,2.6,2.5,2,1,1.00,CYCLE,N
IND,208,7604,59466,22/03/2021,07:08:14,15,0,33.5,1.0,8.8,8.7,2,1,1.00,CYCLE,N
IND,208,7604,59467,22/03/2021,07:08:20,15,1,12.4,1.0,119.2,119.1,2,1,1.00,CYCLE,S
IND,208,7604,59467,22/03/2021,07:09:46,15,1,17.3,1.1,86.1,85.8,2,1,1.00,CYCLE,S
IND,208,7604,59466,22/03/2021,07:09:58,15,0,33.3,1.1,103.7,103.5,2,1,1.00,CYCLE,N
IND,208,7604,59467,22/03/2021,07:10:57,15,1,19.8,0.9,70.6,70.3,2,1,1.00,CYCLE,S
IND,208,7604,59467,22/03/2021,07:11:33,15,1,18.1,1.1,35.9,35.7,2,1,1.00,CYCLE,S
IND,208,7604,59467,22/03/2021,07:12:26,15,1,22.5,1.0,53.2,53.0,2,1,1.00,CYCLE,S
IND,208,7604,59467,22/03/2021,07:13:21,15,1,22.4,1.1,54.8,54.7,2,1,1.00,CYCLE,S
IND,208,7604,59466,22/03/2021,07:15:08,15,0,31.3,1.1,310.4,310.3,2,1,1.00,CYCLE,N
IND,208,7604,59466,22/03/2021,07:15:09,15,0,34.6,1.1,0.5,0.4,2,1,1.00,CYCLE,N
IND,208,7604,59467,22/03/2021,07:16:00,15,1,18.8,1.0,159.5,159.3,2,1,1.00,CYCLE,S
IND,208,7604,59467,22/03/2021,07:16:18,15,1,25.1,1.1,18.3,18.1,2,1,1.00,CYCLE,S
IND,208,7604,59467,22/03/2021,07:17:34,15,1,19.8,1.0,75.7,75.5,2,1,1.00,CYCLE,S
IND,208,7604,59466,22/03/2021,07:19:54,15,0,32.6,1.0,284.5,284.4,2,1,1.00,CYCLE,N
IND,208,7604,59467,22/03/2021,07:22:36,15,1,18.9,1.0,301.4,301.2,2,1,1.00,CYCLE,S
IND,208,7604,59467,22/03/2021,07:22:37,15,1,16.9,1.0,1.1,0.9,2,1,1.00,CYCLE,S
IND,208,7604,59467,22/03/2021,07:25:21,15,1,16.2,1.1,164.5,164.3,2,1,1.00,CYCLE,S
IND,208,7604,59467,22/03/2021,07:26:41,15,1,20.0,1.0,80.2,79.9,2,1,1.00,CYCLE,S
IND,208,7604,59467,22/03/2021,07:29:29,15,1,18.9,1.0,167.4,167.2,2,1,1.00,CYCLE,S
IND,208,7604,59467,22/03/2021,07:30:54,15,1,23.4,1.0,85.1,84.9,2,1,1.00,CYCLE,S
IND,208,7604,59466,22/03/2021,07:32:35,15,0,29.9,1.0,761.7,761.6,2,1,1.00,CYCLE,N
IND,208,7604,59467,22/03/2021,07:33:35,15,1,19.9,1.0,160.9,160.8,2,1,1.00,CYCLE,S
IND,208,7604,59466,22/03/2021,07:35:10,15,0,31.9,1.0,155.1,155.0,2,1,1.00,CYCLE,N
IND,208,7604,59466,22/03/2021,07:35:39,15,0,33.2,1.1,28.7,28.5,2,1,1.00,CYCLE,N
IND,208,7604,59467,22/03/2021,07:38:24,15,1,15.7,1.0,288.7,288.5,2,1,1.00,CYCLE,S
IND,208,7604,59467,22/03/2021,07:38:56,15,1,12.8,1.1,31.8,31.6,2,1,1.00,CYCLE,S
IND,208,7604,59466,22/03/2021,07:39:32,15,0,23.4,1.1,232.7,232.6,2,1,1.00,CYCLE,N
IND,208,7604,59467,22/03/2021,07:39:45,15,1,15.2,1.1,49.8,49.5,2,1,1.00,CYCLE,S
IND,208,7604,59466,22/03/2021,07:42:08,15,0,37.8,1.1,155.8,155.6,2,1,1.00,CYCLE,N
IND,208,7604,59467,22/03/2021,07:44:08,15,1,18.4,1.0,110.7,110.5,2,1,1.00,CYCLE,S
IND,208,7604,59466,22/03/2021,07:44:25,15,0,33.9,1.0,137.9,137.8,2,1,1.00,CYCLE,N
IND,208,7604,59467,22/03/2021,07:44:38,15,1,15.1,1.1,30.3,30.1,2,1,1.00,CYCLE,S
IND,208,7604,59467,22/03/2021,07:44:46,15,1,19.3,1.0,8.1,7.8,2,1,1.00,CYCLE,S
IND,208,7604,59467,22/03/2021,07:45:07,15,1,22.5,1.1,21.4,21.2,2,1,1.00,CYCLE,S
IND,208,7604,59466,22/03/2021,07:45:17,15,0,31.5,1.1,51.2,51.1,2,1,1.00,CYCLE,N
IND,208,7604,59467,22/03/2021,07:46:51,15,1,17.0,1.0,103.5,103.3,2,1,1.00,CYCLE,S
IND,208,7604,59467,22/03/2021,07:47:28,15,1,14.9,1.0,37.5,37.3,2,1,1.00,CYCLE,S
IND,208,7604,59467,22/03/2021,07:48:21,15,1,20.0,1.0,52.4,52.1,2,1,1.00,CYCLE,S
IND,208,7604,59467,22/03/2021,07:48:52,15,1,16.8,1.1,31.6,31.5,2,1,1.00,CYCLE,S
IND,208,7604,59466,22/03/2021,07:49:31,15,0,38.8,1.1,254.0,253.8,2,1,1.00,CYCLE,N
IND,208,7604,59467,22/03/2021,07:51:36,15,1,24.9,1.0,163.7,163.4,2,1,1.00,CYCLE,S
IND,208,7604,59466,22/03/2021,07:53:19,15,0,36.6,1.1,228.6,228.5,2,1,1.00,CYCLE,N
IND,208,7604,59466,22/03/2021,07:53:29,15,0,30.6,1.1,10.1,10.0,2,1,1.00,CYCLE,N
IND,208,7604,59466,22/03/2021,07:53:35,15,0,22.8,1.1,5.3,5.2,2,1,1.00,CYCLE,N
IND,208,7604,59466,22/03/2021,07:53:42,15,0,20.2,1.1,7.7,7.5,2,1,1.00,CYCLE,N
IND,208,7604,59466,22/03/2021,07:56:10,15,0,33.1,1.0,37.4,37.3,2,1,1.00,CYCLE,N
IND,208,7604,59467,22/03/2021,07:59:53,15,1,18.9,1.0,496.6,496.4,2,1,1.00,CYCLE,S
IND,208,7604,59466,22/03/2021,08:00:45,15,0,33.3,1.1,275.3,275.2,2,1,1.00,CYCLE,N
IND,208,7604,59466,22/03/2021,08:03:45,15,0,30.5,1.1,179.9,179.8,2,1,1.00,CYCLE,N
IND,208,7604,59467,22/03/2021,08:04:31,15,1,26.1,1.2,278.7,278.5,2,1,1.00,CYCLE,S
IND,208,7604,59467,22/03/2021,08:05:19,15,1,15.8,1.0,48.0,47.8,2,1,1.00,CYCLE,S
IND,208,7604,59467,22/03/2021,08:05:28,15,1,20.8,1.0,8.7,8.4,2,1,1.00,CYCLE,S
IND,208,7604,59467,22/03/2021,08:09:25,15,1,19.6,1.0,237.1,236.9,2,1,1.00,CYCLE,S
IND,208,7604,59467,22/03/2021,08:11:16,15,1,39.5,0.1,111.5,111.3,2,1,1.00,CYCLE,S
IND,208,7604,59467,22/03/2021,08:11:38,15,1,18.4,1.0,21.9,21.9,2,1,1.00,CYCLE,S
IND,208,7604,59467,22/03/2021,08:11:49,15,1,15.4,1.0,10.5,10.3,2,1,1.00,CYCLE,S
IND,208,7604,59467,22/03/2021,08:11:51,15,1,15.9,1.1,1.7,1.5,2,1,1.00,CYCLE,S
IND,208,7604,59467,22/03/2021,08:11:53,15,1,13.2,1.0,2.9,2.7,2,1,1.00,CYCLE,S
IND,208,7604,59467,22/03/2021,08:11:54,15,1,13.5,1.1,0.7,0.4,2,1,1.00,CYCLE,S
IND,208,7604,59467,22/03/2021,08:11:58,15,1,14.5,1.0,4.3,4.0,2,1,1.00,CYCLE,S
IND,208,7604,59466,22/03/2021,08:12:34,15,0,32.5,1.1,529.4,529.3,2,1,1.00,CYCLE,N
IND,208,7604,59466,22/03/2021,08:12:37,15,0,28.9,1.0,2.3,2.2,2,1,1.00,CYCLE,N
IND,208,7604,59467,22/03/2021,08:12:40,15,1,24.0,1.1,41.6,41.3,2,1,1.00,CYCLE,S
IND,208,7604,59467,22/03/2021,08:19:42,15,1,20.0,1.0,421.7,421.5,2,1,1.00,CYCLE,S
IND,208,7604,59467,22/03/2021,08:20:14,15,1,18.3,1.0,32.3,32.1,2,1,1.00,CYCLE,S
IND,208,7604,59467,22/03/2021,08:21:06,15,1,26.6,1.1,51.8,51.6,2,1,1.00,CYCLE,S
IND,208,7604,59466,22/03/2021,08:25:42,15,0,31.7,1.0,785.7,785.6,2,1,1.00,CYCLE,N
IND,208,7604,59466,22/03/2021,08:26:46,15,0,34.3,1.0,63.8,63.6,2,1,1.00,CYCLE,N
IND,208,7604,59466,22/03/2021,08:27:36,15,0,21.2,0.9,50.4,50.2,2,1,1.00,CYCLE,N
IND,208,7604,59467,22/03/2021,08:29:44,15,1,18.9,1.0,518.2,518.1,2,1,1.00,CYCLE,S
IND,208,7604,59467,22/03/2021,08:29:51,15,1,21.3,1.0,6.5,6.3,2,1,1.00,CYCLE,S
IND,208,7604,59466,22/03/2021,08:30:01,15,0,33.2,1.1,145.0,144.8,2,1,1.00,CYCLE,N
IND,208,7604,59466,22/03/2021,08:30:55,15,0,33.2,1.1,54.0,53.9,2,1,1.00,CYCLE,N
IND,208,7604,59466,22/03/2021,08:31:24,15,0,35.0,1.0,28.8,28.7,2,1,1.00,CYCLE,N
IND,208,7604,59467,22/03/2021,08:32:31,15,1,22.1,1.1,160.7,160.6,2,1,1.00,CYCLE,S
IND,208,7604,59467,22/03/2021,08:35:31,15,1,13.2,1.1,180.0,179.8,2,1,1.00,CYCLE,S
IND,208,7604,59467,22/03/2021,08:36:50,15,1,18.0,1.1,78.5,78.2,2,1,1.00,CYCLE,S
IND,208,7604,59466,22/03/2021,08:41:26,15,0,24.4,1.0,602.1,602.0,2,1,1.00,CYCLE,N
IND,208,7604,59467,22/03/2021,08:44:22,15,1,13.9,1.1,452.5,452.3,2,1,1.00,CYCLE,S
IND,208,7604,59467,22/03/2021,08:45:50,15,1,27.3,1.0,87.8,87.5,2,1,1.00,CYCLE,S
IND,208,7604,59467,22/03/2021,08:48:20,15,1,19.6,1.0,150.0,149.9,2,1,1.00,CYCLE,S
IND,208,7604,59467,22/03/2021,08:51:19,15,1,18.7,1.0,179.3,179.1,2,1,1.00,CYCLE,S
IND,208,7604,59466,22/03/2021,08:51:37,15,0,36.1,1.0,610.8,610.6,2,1,1.00,CYCLE,N
IND,208,7604,59467,22/03/2021,08:52:10,15,1,22.7,1.0,50.5,50.3,2,1,1.00,CYCLE,S
IND,208,7604,59467,22/03/2021,08:52:56,15,1,25.7,1.0,46.0,45.8,2,1,1.00,CYCLE,S
IND,208,7604,59466,22/03/2021,08:52:59,15,0,36.3,1.0,81.7,81.6,2,1,1.00,CYCLE,N
IND,208,7604,59467,22/03/2021,08:53:46,15,1,20.4,1.0,50.1,49.9,2,1,1.00,CYCLE,S
IND,208,7604,59467,22/03/2021,08:54:53,15,1,18.2,1.1,67.1,66.9,2,1,1.00,CYCLE,S
IND,208,7604,59467,22/03/2021,08:55:46,15,1,15.1,1.0,53.2,53.0,2,1,1.00,CYCLE,S
IND,208,7604,59467,22/03/2021,08:55:47,15,1,14.8,0.9,0.4,0.2,2,1,1.00,CYCLE,S
IND,208,7604,59466,22/03/2021,09:00:25,15,0,37.8,1.0,446.7,446.6,2,1,1.00,CYCLE,N
IND,208,7604,59466,22/03/2021,09:05:17,15,0,33.2,1.0,291.2,291.1,2,1,1.00,CYCLE,N
IND,208,7604,59467,22/03/2021,09:05:21,15,1,17.0,1.0,574.4,574.2,2,1,1.00,CYCLE,S
IND,208,7604,59466,22/03/2021,09:06:44,15,0,4.6,1.1,87.1,87.0,2,1,0.80,CYCLE,N
IND,208,7604,59467,22/03/2021,09:06:51,15,1,10.5,1.0,90.1,89.9,2,1,1.00,CYCLE,S
IND,208,7604,59467,22/03/2021,09:09:04,15,1,11.0,1.0,132.4,132.1,2,1,1.00,CYCLE,S
IND,208,7604,59467,22/03/2021,09:09:04,15,1,11.2,1.1,0.8,0.5,2,1,1.00,CYCLE,S
IND,208,7604,59467,22/03/2021,09:11:30,15,1,16.8,1.0,145.4,145.0,2,1,1.00,CYCLE,S
IND,208,7604,59467,22/03/2021,09:15:09,15,1,15.2,1.1,219.1,218.9,2,1,1.00,CYCLE,S
IND,208,7604,59467,22/03/2021,09:15:28,15,1,14.9,1.1,18.7,18.5,2,1,1.00,CYCLE,S
IND,208,7604,59467,22/03/2021,09:17:06,15,1,18.9,1.1,98.5,98.2,2,1,1.00,CYCLE,S
IND,208,7604,59467,22/03/2021,09:17:46,15,1,10.8,1.1,39.9,39.7,2,1,1.00,CYCLE,S
IND,208,7604,59466,22/03/2021,09:18:18,15,0,33.4,1.1,79.7,79.7,2,1,1.00,CYCLE,N
IND,208,7604,59467,22/03/2021,09:18:35,15,1,21.6,1.1,49.4,49.0,2,1,1.00,CYCLE,S
IND,208,7604,59467,22/03/2021,09:20:08,15,1,18.6,1.0,92.9,92.7,2,1,1.00,CYCLE,S
IND,208,7604,59467,22/03/2021,09:23:58,15,1,19.3,1.0,229.3,229.1,2,1,1.00,CYCLE,S
IND,208,7604,59466,22/03/2021,09:24:12,15,0,24.2,1.0,353.9,353.8,2,1,1.00,CYCLE,N
IND,208,7604,59466,22/03/2021,09:24:12,15,0,24.2,1.0,0.0,0.0,2,1,1.00,CYCLE,N
IND,208,7604,59466,22/03/2021,09:25:28,15,0,34.8,1.1,75.9,75.7,2,1,1.00,CYCLE,N
IND,208,7604,59467,22/03/2021,09:32:45,15,1,13.2,1.0,527.0,526.8,2,1,1.00,CYCLE,S
IND,208,7604,59467,22/03/2021,09:35:05,15,1,11.1,1.0,140.0,139.8,2,1,1.00,CYCLE,S
IND,208,7604,59467,22/03/2021,09:37:48,15,1,15.7,1.0,162.9,162.6,2,1,1.00,CYCLE,S
IND,208,7604,59467,22/03/2021,09:38:09,15,1,13.2,1.0,21.2,21.0,2,1,1.00,CYCLE,S
IND,208,7604,59466,22/03/2021,09:39:11,15,0,34.1,1.1,823.3,823.2,2,1,1.00,CYCLE,N
IND,208,7604,59467,22/03/2021,09:39:56,15,1,22.1,1.0,107.3,107.0,2,1,1.00,CYCLE,S
IND,208,7604,59467,22/03/2021,09:40:15,15,1,16.7,1.1,19.0,18.8,2,1,1.00,CYCLE,S
IND,208,7604,59466,22/03/2021,09:44:10,15,0,36.9,1.0,298.6,298.5,2,1,1.00,CYCLE,N
IND,208,7604,59466,22/03/2021,09:44:16,15,0,37.9,1.0,6.0,5.9,2,1,1.00,CYCLE,N
IND,208,7604,59467,22/03/2021,09:45:17,15,1,12.9,1.0,302.2,302.0,2,1,1.00,CYCLE,S
IND,208,7604,59466,22/03/2021,09:48:04,15,0,31.0,1.1,228.3,228.2,2,1,1.00,CYCLE,N
IND,208,7604,59466,22/03/2021,09:50:51,15,0,33.5,1.0,166.8,166.6,2,1,1.00,CYCLE,N
IND,208,7604,59466,22/03/2021,09:52:48,15,0,38.3,1.1,117.4,117.2,2,1,1.00,CYCLE,N
IND,208,7604,59466,22/03/2021,09:53:04,15,0,22.5,1.1,16.3,16.2,2,1,1.00,CYCLE,N
IND,208,7604,59467,22/03/2021,09:59:17,15,1,13.2,1.1,554.5,554.3,2,1,1.00,CYCLE,S
IND,208,7604,59466,22/03/2021,10:08:21,15,0,25.2,1.0,916.5,916.3,2,1,1.00,CYCLE,N
IND,208,7604,59466,22/03/2021,10:08:26,15,0,39.4,1.0,5.0,4.8,2,1,1.00,CYCLE,N
IND,208,7604,59467,22/03/2021,10:08:36,15,1,21.1,1.0,558.3,557.9,2,1,1.00,CYCLE,S
IND,208,7604,59467,22/03/2021,10:08:37,15,1,20.0,1.1,1.3,1.1,2,1,1.00,CYCLE,S
IND,208,7604,59467,22/03/2021,10:09:43,15,1,19.6,1.1,66.0,65.8,2,1,1.00,CYCLE,S
IND,208,7604,59467,22/03/2021,10:15:18,15,1,20.8,1.0,335.3,335.1,2,1,1.00,CYCLE,S
IND,208,7604,59466,22/03/2021,10:16:32,15,0,37.1,1.0,486.2,486.1,2,1,1.00,CYCLE,N
IND,208,7604,59467,22/03/2021,10:22:04,15,1,23.9,1.0,405.4,405.2,2,1,1.00,CYCLE,S
IND,208,7604,59466,22/03/2021,10:26:29,15,0,43.4,1.0,597.5,597.4,2,1,1.00,CYCLE,N
IND,208,7604,59466,22/03/2021,10:30:05,15,0,35.8,1.0,215.0,215.0,2,1,1.00,CYCLE,N
IND,208,7604,59466,22/03/2021,10:30:05,15,0,36.7,1.0,0.5,0.4,2,1,1.00,CYCLE,N
IND,208,7604,59466,22/03/2021,10:31:39,15,0,31.4,1.0,93.9,93.8,2,1,1.00,CYCLE,N
IND,208,7604,59466,22/03/2021,10:34:59,15,0,24.7,1.0,200.0,199.9,2,1,1.00,CYCLE,N
IND,208,7604,59466,22/03/2021,10:34:59,15,0,24.7,1.0,0.0,0.0,2,1,1.00,CYCLE,N
IND,208,7604,59467,22/03/2021,10:35:20,15,1,25.8,1.0,796.4,796.2,2,1,1.00,CYCLE,S
IND,208,7604,59467,22/03/2021,10:35:29,15,1,24.7,1.0,8.8,8.6,2,1,1.00,CYCLE,S
IND,208,7604,59466,22/03/2021,10:37:49,15,0,35.6,1.0,170.0,169.8,2,1,1.00,CYCLE,N
IND,208,7604,59467,22/03/2021,10:40:18,15,1,11.6,1.1,289.3,289.2,2,1,1.00,CYCLE,S
IND,208,7604,59467,22/03/2021,10:48:44,15,1,23.7,1.0,506.1,505.7,2,1,1.00,CYCLE,S
IND,208,7604,59466,22/03/2021,10:49:48,15,0,38.9,1.0,719.6,719.5,2,1,1.00,CYCLE,N
IND,208,7604,59467,22/03/2021,10:50:05,15,1,19.5,1.0,80.6,80.4,2,1,1.00,CYCLE,S
IND,208,7604,59467,22/03/2021,10:59:38,15,1,19.7,1.1,572.9,572.7,2,1,1.00,CYCLE,S
IND,208,7604,59466,22/03/2021,11:00:04,15,0,37.5,1.1,615.6,615.5,2,1,1.00,CYCLE,N
IND,208,7604,59467,22/03/2021,11:02:04,15,1,13.3,1.1,146.7,146.5,2,1,1.00,CYCLE,S
IND,208,7604,59466,22/03/2021,11:02:11,15,0,38.2,1.0,126.6,126.4,2,1,1.00,CYCLE,N
IND,208,7604,59467,22/03/2021,11:12:39,15,1,16.2,1.0,634.9,634.5,2,1,1.00,CYCLE,S
IND,208,7604,59466,22/03/2021,11:13:01,15,0,19.9,1.0,650.3,650.2,2,1,1.00,CYCLE,N
IND,208,7604,59467,22/03/2021,11:14:48,15,1,11.8,1.0,59.1,58.9,2,1,1.00,CYCLE,S
IND,208,7604,59467,22/03/2021,11:20:17,15,1,20.1,1.0,329.0,328.6,2,1,1.00,CYCLE,S
IND,208,7604,59466,22/03/2021,11:20:33,15,0,28.5,1.1,451.6,451.4,2,1,1.00,CYCLE,N
IND,208,7604,59466,22/03/2021,11:20:34,15,0,30.1,1.0,1.7,1.6,2,1,1.00,CYCLE,N
IND,208,7604,59466,22/03/2021,11:20:36,15,0,28.7,1.0,1.6,1.5,2,1,1.00,CYCLE,N
IND,208,7604,59466,22/03/2021,11:20:37,15,0,27.7,1.1,1.0,0.9,2,1,1.00,CYCLE,N
IND,208,7604,59466,22/03/2021,11:20:41,15,0,27.2,1.1,3.6,3.4,2,1,1.00,CYCLE,N
IND,208,7604,59466,22/03/2021,11:25:24,15,0,39.3,1.2,283.8,283.7,2,1,1.00,CYCLE,N
IND,208,7604,59466,22/03/2021,11:26:00,15,0,37.5,1.0,35.2,35.1,2,1,1.00,CYCLE,N
IND,208,7604,59466,22/03/2021,11:26:00,15,0,36.5,1.0,0.4,0.3,2,1,1.00,CYCLE,N
IND,208,7604,59466,22/03/2021,11:26:12,15,0,36.6,1.0,12.5,12.4,2,1,1.00,CYCLE,N
IND,208,7604,59467,22/03/2021,11:30:22,15,1,13.6,1.0,604.6,604.5,2,1,1.00,CYCLE,S
IND,208,7604,59466,22/03/2021,11:30:24,15,0,39.2,1.0,251.6,251.5,2,1,1.00,CYCLE,N
IND,208,7604,59466,22/03/2021,11:33:15,15,0,37.3,1.0,170.5,170.4,2,1,1.00,CYCLE,N
IND,208,7604,59466,22/03/2021,11:33:16,15,0,38.3,1.0,1.0,0.9,2,1,1.00,CYCLE,N
IND,208,7604,59467,22/03/2021,11:33:50,15,1,13.9,1.1,208.1,207.8,2,1,1.00,CYCLE,S
IND,208,7604,59466,22/03/2021,11:40:46,15,0,37.4,1.1,450.2,450.1,2,1,1.00,CYCLE,N
IND,208,7604,59467,22/03/2021,11:41:51,15,1,25.9,1.0,481.3,480.9,2,1,1.00,CYCLE,S
IND,208,7604,59467,22/03/2021,11:43:08,15,1,19.0,1.0,76.5,76.4,2,1,1.00,CYCLE,S
IND,208,7604,59466,22/03/2021,11:43:27,15,0,21.1,1.1,160.8,160.7,2,1,1.00,CYCLE,N
IND,208,7604,59466,22/03/2021,11:46:15,15,0,6.8,0.6,168.1,167.9,2,1,1.00,CYCLE,N
IND,208,7604,59466,22/03/2021,11:48:07,15,0,25.3,1.1,112.4,112.1,2,1,1.00,CYCLE,N
IND,208,7604,59467,22/03/2021,11:49:04,15,1,20.9,1.0,356.2,356.0,2,1,1.00,CYCLE,S
IND,208,7604,59467,22/03/2021,11:51:42,15,1,13.5,1.0,157.8,157.7,2,1,1.00,CYCLE,S
IND,208,7604,59467,22/03/2021,11:54:50,15,1,18.3,1.1,50.8,50.4,2,1,1.00,CYCLE,S
IND,208,7604,59466,22/03/2021,11:54:55,15,0,28.0,1.0,24.6,24.3,2,1,1.00,CYCLE,N
IND,208,7604,59467,22/03/2021,11:55:18,15,1,21.6,1.0,28.2,28.0,2,1,1.00,CYCLE,S
IND,208,7604,59466,22/03/2021,11:59:28,15,0,34.3,1.0,273.9,273.8,2,1,1.00,CYCLE,N
IND,208,7604,59466,22/03/2021,11:59:29,15,0,27.4,1.0,0.9,0.8,2,1,1.00,CYCLE,N
IND,208,7604,59466,22/03/2021,12:00:18,15,0,23.7,1.1,49.0,48.9,2,1,1.00,CYCLE,N
IND,208,7604,59466,22/03/2021,12:00:29,15,0,41.2,1.0,11.0,10.9,2,1,1.00,CYCLE,N
IND,208,7604,59466,22/03/2021,12:02:08,15,0,38.3,1.0,98.6,98.5,2,1,1.00,CYCLE,N
IND,208,7604,59467,22/03/2021,12:04:40,15,1,15.3,1.0,561.9,561.7,2,1,1.00,CYCLE,S
IND,208,7604,59466,22/03/2021,12:06:16,15,0,38.2,1.0,247.9,247.8,2,1,1.00,CYCLE,N
IND,208,7604,59466,22/03/2021,12:11:47,15,0,33.7,1.1,331.4,331.3,2,1,1.00,CYCLE,N
IND,208,7604,59467,22/03/2021,12:11:57,15,1,6.3,0.6,437.8,437.7,2,1,0.80,CYCLE,S
IND,208,7604,59466,22/03/2021,12:15:29,15,0,39.5,1.0,221.6,221.5,2,1,1.00,CYCLE,N
IND,208,7604,59466,22/03/2021,12:15:31,15,0,37.3,1.0,2.3,2.2,2,1,1.00,CYCLE,N
IND,208,7604,59466,22/03/2021,12:16:42,15,0,31.9,1.0,70.7,70.6,2,1,1.00,CYCLE,N
IND,208,7604,59466,22/03/2021,12:16:46,15,0,36.8,1.1,4.6,4.5,2,1,1.00,CYCLE,N
IND,208,7604,59466,22/03/2021,12:16:49,15,0,34.4,1.1,2.7,2.6,2,1,1.00,CYCLE,N
IND,208,7604,59467,22/03/2021,12:16:55,15,1,6.0,0.6,297.9,297.6,2,1,0.80,CYCLE,S
IND,208,7604,59467,22/03/2021,12:19:22,15,1,23.6,1.0,146.2,145.7,2,1,1.00,CYCLE,S
IND,208,7604,59467,22/03/2021,12:23:54,15,1,15.3,1.1,272.1,272.0,2,1,1.00,CYCLE,S
IND,208,7604,59467,22/03/2021,12:26:02,15,1,14.1,1.0,128.7,128.4,2,1,1.00,CYCLE,S
IND,208,7604,59466,22/03/2021,12:34:51,15,0,28.6,1.0,1081.5,1081.4,2,1,1.00,CYCLE,N
IND,208,7604,59467,22/03/2021,12:43:04,15,1,17.7,1.1,1021.7,1021.4,2,1,1.00,CYCLE,S
IND,208,7604,59466,22/03/2021,12:43:38,15,0,37.9,1.0,527.0,526.8,2,1,1.00,CYCLE,N
IND,208,7604,59466,22/03/2021,12:43:53,15,0,38.6,1.1,15.2,15.1,2,1,1.00,CYCLE,N
IND,208,7604,59466,22/03/2021,12:45:52,15,0,32.3,1.0,119.3,119.2,2,1,1.00,CYCLE,N
IND,208,7604,59466,22/03/2021,12:55:28,15,0,33.7,1.1,576.0,575.8,2,1,1.00,CYCLE,N
IND,208,7604,59467,22/03/2021,13:03:46,15,1,17.1,1.0,16.9,16.7,2,1,1.00,CYCLE,S
IND,208,7604,59467,22/03/2021,13:03:47,15,1,13.5,0.9,1.1,0.9,2,1,1.00,CYCLE,S
IND,208,7604,59467,22/03/2021,13:05:46,15,1,15.6,0.9,118.6,118.3,2,1,1.00,CYCLE,S
IND,208,7604,59467,22/03/2021,13:11:48,15,1,17.7,1.1,362.2,361.9,2,1,1.00,CYCLE,S
IND,208,7604,59467,22/03/2021,13:12:27,15,1,13.1,1.0,38.6,38.4,2,1,1.00,CYCLE,S
IND,208,7604,59466,22/03/2021,13:14:32,15,0,39.3,1.1,1144.0,1143.9,2,1,1.00,CYCLE,N
IND,208,7604,59466,22/03/2021,13:15:48,15,0,24.8,1.1,76.1,76.0,2,1,1.00,CYCLE,N
IND,208,7604,59467,22/03/2021,13:19:06,15,1,17.8,0.9,399.8,399.5,2,1,1.00,CYCLE,S
IND,208,7604,59467,22/03/2021,13:19:07,15,1,18.1,1.0,0.7,0.5,2,1,1.00,CYCLE,S
IND,208,7604,59467,22/03/2021,13:19:11,15,1,18.0,1.0,3.9,3.7,2,1,1.00,CYCLE,S
IND,208,7604,59467,22/03/2021,13:19:59,15,1,15.7,1.0,47.8,47.6,2,1,1.00,CYCLE,S
IND,208,7604,59467,22/03/2021,13:20:00,15,1,16.6,1.0,0.9,0.6,2,1,1.00,CYCLE,S
IND,208,7604,59467,22/03/2021,13:20:55,15,1,30.3,1.1,55.5,55.3,2,1,1.00,CYCLE,S
IND,208,7604,59467,22/03/2021,13:20:58,15,1,24.9,1.0,2.3,2.2,2,1,1.00,CYCLE,S
IND,208,7604,59466,22/03/2021,13:21:13,15,0,35.3,1.0,324.9,324.8,2,1,1.00,CYCLE,N
IND,208,7604,59467,22/03/2021,13:22:36,15,1,13.5,1.0,98.1,98.0,2,1,1.00,CYCLE,S
IND,208,7604,59466,22/03/2021,13:23:26,15,0,35.2,1.0,133.3,133.2,2,1,1.00,CYCLE,N
IND,208,7604,59467,22/03/2021,13:23:40,15,1,21.9,1.0,63.9,63.6,2,1,1.00,CYCLE,S
IND,208,7604,59466,22/03/2021,13:33:17,15,0,38.1,1.1,590.5,590.4,2,1,1.00,CYCLE,N
IND,208,7604,59466,22/03/2021,13:35:08,15,0,39.5,1.1,111.3,111.2,2,1,1.00,CYCLE,N
IND,208,7604,59466,22/03/2021,13:35:11,15,0,36.4,1.1,2.5,2.4,2,1,1.00,CYCLE,N
IND,208,7604,59466,22/03/2021,13:39:47,15,0,35.4,1.1,276.5,276.4,2,1,1.00,CYCLE,N
IND,208,7604,59467,22/03/2021,13:44:51,15,1,24.0,1.2,1271.1,1270.9,2,1,1.00,CYCLE,S
IND,208,7604,59466,22/03/2021,13:46:03,15,0,34.8,1.1,376.2,376.1,2,1,1.00,CYCLE,N
IND,208,7604,59467,22/03/2021,13:48:23,15,1,24.1,1.0,211.8,211.7,2,1,1.00,CYCLE,S
IND,208,7604,59466,22/03/2021,13:50:39,15,0,35.1,1.0,275.3,275.2,2,1,1.00,CYCLE,N
IND,208,7604,59467,22/03/2021,13:57:54,15,1,19.1,1.0,571.9,571.7,2,1,1.00,CYCLE,S
IND,208,7604,59467,22/03/2021,13:58:00,15,1,24.6,0.9,5.2,5.0,2,1,1.00,CYCLE,S
IND,208,7604,59466,22/03/2021,14:19:34,15,0,21.5,1.0,1473.8,1473.6,2,1,1.00,CYCLE,N
IND,208,7604,59467,22/03/2021,14:25:16,15,1,21.1,1.1,1635.9,1635.8,2,1,1.00,CYCLE,S
IND,208,7604,59467,22/03/2021,14:25:39,15,1,18.9,1.1,24.0,23.8,2,1,1.00,CYCLE,S
IND,208,7604,59466,22/03/2021,14:25:42,15,0,31.8,1.1,368.2,367.9,2,1,1.00,CYCLE,N
IND,208,7604,59467,22/03/2021,14:29:13,15,1,26.4,1.2,213.3,213.0,2,1,1.00,CYCLE,S
IND,208,7604,59467,22/03/2021,14:29:17,15,1,19.3,1.0,4.2,4.0,2,1,1.00,CYCLE,S
IND,208,7604,59467,22/03/2021,14:29:54,15,1,13.3,1.1,37.3,37.2,2,1,1.00,CYCLE,S
IND,208,7604,59467,22/03/2021,14:31:13,15,1,13.5,1.1,79.2,78.9,2,1,1.00,CYCLE,S
IND,208,7604,59467,22/03/2021,14:31:33,15,1,14.6,1.1,19.7,19.4,2,1,1.00,CYCLE,S
IND,208,7604,59466,22/03/2021,14:36:54,15,0,41.2,1.0,671.8,671.7,2,1,1.00,CYCLE,N
IND,208,7604,59467,22/03/2021,14:37:16,15,1,10.9,1.0,93.0,92.7,2,1,1.00,CYCLE,S
IND,208,7604,59467,22/03/2021,14:37:16,15,1,10.9,1.0,0.0,0.0,2,1,1.00,CYCLE,S
IND,208,7604,59467,22/03/2021,14:37:52,15,1,15.3,1.0,36.4,35.8,2,1,1.00,CYCLE,S
IND,208,7604,59466,22/03/2021,14:44:31,15,0,34.4,1.1,457.8,457.7,2,1,1.00,CYCLE,N
IND,208,7604,59467,22/03/2021,14:47:34,15,1,14.3,1.2,581.7,581.5,2,1,1.00,CYCLE,S
IND,208,7604,59466,22/03/2021,14:48:41,15,0,40.6,1.0,249.9,249.8,2,1,1.00,CYCLE,N
IND,208,7604,59467,22/03/2021,14:49:36,15,1,20.2,1.0,122.5,122.2,2,1,1.00,CYCLE,S
IND,208,7604,59466,22/03/2021,14:52:12,15,0,37.3,1.1,210.6,210.5,2,1,1.00,CYCLE,N
IND,208,7604,59467,22/03/2021,14:52:58,15,1,22.2,1.0,201.2,201.0,2,1,1.00,CYCLE,S
IND,208,7604,59467,22/03/2021,14:59:40,15,1,25.0,1.0,402.3,402.2,2,1,1.00,CYCLE,S
IND,208,7604,59467,22/03/2021,15:05:55,15,1,20.5,1.0,374.9,374.8,2,1,1.00,CYCLE,S
IND,208,7604,59466,22/03/2021,15:06:52,15,0,25.6,1.0,415.7,415.5,2,1,1.00,CYCLE,N
IND,208,7604,59467,22/03/2021,15:07:00,15,1,9.6,1.0,65.5,65.4,2,1,1.00,CYCLE,S
IND,208,7604,59466,22/03/2021,15:07:03,15,0,32.6,1.0,10.6,10.5,2,1,1.00,CYCLE,N
IND,208,7604,59466,22/03/2021,15:09:06,15,0,33.4,1.1,123.5,123.4,2,1,1.00,CYCLE,N
IND,208,7604,59466,22/03/2021,15:15:03,15,0,36.7,1.0,356.7,356.6,2,1,1.00,CYCLE,N
IND,208,7604,59467,22/03/2021,15:21:07,15,1,18.6,1.1,846.2,845.8,2,1,1.00,CYCLE,S
IND,208,7604,59467,22/03/2021,15:23:39,15,1,15.3,1.1,152.1,151.9,2,1,1.00,CYCLE,S
IND,208,7604,59466,22/03/2021,15:24:01,15,0,27.2,1.1,538.0,537.9,2,1,1.00,CYCLE,N
IND,208,7604,59466,22/03/2021,15:25:09,15,0,29.2,1.0,68.1,68.0,2,1,1.00,CYCLE,N
IND,208,7604,59466,22/03/2021,15:34:40,15,0,39.6,1.0,571.0,570.9,2,1,1.00,CYCLE,N
IND,208,7604,59466,22/03/2021,15:38:57,15,0,41.2,1.1,256.5,256.4,2,1,1.00,CYCLE,N
IND,208,7604,59467,22/03/2021,15:39:37,15,1,19.8,1.0,957.9,957.6,2,1,1.00,CYCLE,S
IND,208,7604,59466,22/03/2021,15:41:50,15,0,24.9,1.2,173.3,173.2,2,1,1.00,CYCLE,N
IND,208,7604,59467,22/03/2021,15:42:09,15,1,14.3,1.0,152.2,152.1,2,1,1.00,CYCLE,S
IND,208,7604,59466,22/03/2021,15:42:43,15,0,34.6,1.1,52.6,52.4,2,1,1.00,CYCLE,N
IND,208,7604,59466,22/03/2021,15:46:42,15,0,38.4,1.0,239.4,239.3,2,1,1.00,CYCLE,N
IND,208,7604,59466,22/03/2021,15:49:37,15,0,29.8,1.0,175.2,175.1,2,1,1.00,CYCLE,N
IND,208,7604,59466,22/03/2021,15:49:40,15,0,33.0,1.1,3.2,3.1,2,1,1.00,CYCLE,N
IND,208,7604,59466,22/03/2021,15:50:25,15,0,37.7,1.0,44.3,44.2,2,1,1.00,CYCLE,N
IND,208,7604,59466,22/03/2021,15:51:49,15,0,36.4,1.1,84.1,84.0,2,1,1.00,CYCLE,N
IND,208,7604,59466,22/03/2021,15:52:04,15,0,38.1,1.0,14.8,14.7,2,1,1.00,CYCLE,N
IND,208,7604,59466,22/03/2021,15:55:19,15,0,38.6,1.0,195.1,195.0,2,1,1.00,CYCLE,N
IND,208,7604,59466,22/03/2021,15:56:25,15,0,26.3,1.1,65.9,65.8,2,1,1.00,CYCLE,N
IND,208,7604,59466,22/03/2021,15:58:29,15,0,39.5,1.0,124.8,124.6,2,1,1.00,CYCLE,N
IND,208,7604,59466,22/03/2021,15:58:45,15,0,35.1,1.1,15.5,15.4,2,1,1.00,CYCLE,N
IND,208,7604,59467,22/03/2021,16:01:24,15,1,6.1,0.6,1155.1,1155.0,2,1,0.80,CYCLE,S
IND,208,7604,59467,22/03/2021,16:02:16,15,1,19.2,1.1,51.7,51.2,2,1,1.00,CYCLE,S
IND,208,7604,59466,22/03/2021,16:02:19,15,0,36.8,1.2,214.0,213.9,2,1,1.00,CYCLE,N
IND,208,7604,59467,22/03/2021,16:03:21,15,1,24.7,1.0,65.6,65.4,2,1,1.00,CYCLE,S
IND,208,7604,59466,22/03/2021,16:04:02,15,0,38.0,1.1,103.5,103.4,2,1,1.00,CYCLE,N
IND,208,7604,59466,22/03/2021,16:06:49,15,0,36.4,1.0,166.4,166.3,2,1,1.00,CYCLE,N
IND,208,7604,59466,22/03/2021,16:07:30,15,0,32.9,1.0,41.3,41.2,2,1,1.00,CYCLE,N
IND,208,7604,59466,22/03/2021,16:08:34,15,0,36.2,1.0,63.6,63.5,2,1,1.00,CYCLE,N
IND,208,7604,59466,22/03/2021,16:08:52,15,0,37.4,1.1,18.6,18.5,2,1,1.00,CYCLE,N
IND,208,7604,59467,22/03/2021,16:12:37,15,1,22.7,1.1,556.0,555.8,2,1,1.00,CYCLE,S
IND,208,7604,59467,22/03/2021,16:14:29,15,1,15.5,1.0,112.2,112.0,2,1,1.00,CYCLE,S
IND,208,7604,59467,22/03/2021,16:14:29,15,1,15.5,1.0,0.0,0.0,2,1,1.00,CYCLE,S
IND,208,7604,59466,22/03/2021,16:15:22,15,0,33.3,1.1,389.8,389.7,2,1,1.00,CYCLE,N
IND,208,7604,59466,22/03/2021,16:16:16,15,0,39.0,1.1,54.2,54.1,2,1,1.00,CYCLE,N
IND,208,7604,59466,22/03/2021,16:16:34,15,0,37.7,1.1,17.2,17.1,2,1,1.00,CYCLE,N
IND,208,7604,59467,22/03/2021,16:17:46,15,1,10.0,1.1,197.2,196.8,2,1,1.00,CYCLE,S
IND,208,7604,59466,22/03/2021,16:18:19,15,0,37.0,1.0,105.8,105.7,2,1,1.00,CYCLE,N
IND,208,7604,59466,22/03/2021,16:24:09,15,0,35.4,1.1,349.9,349.8,2,1,1.00,CYCLE,N
IND,208,7604,59466,22/03/2021,16:24:21,15,0,29.3,1.1,11.6,11.5,2,1,1.00,CYCLE,N
IND,208,7604,59466,22/03/2021,16:24:24,15,0,37.5,1.1,3.0,2.9,2,1,1.00,CYCLE,N
IND,208,7604,59466,22/03/2021,16:30:13,15,0,42.4,1.1,349.3,349.2,2,1,1.00,CYCLE,N
IND,208,7604,59467,22/03/2021,16:34:20,15,1,12.3,1.0,993.3,992.9,2,1,1.00,CYCLE,S
IND,208,7604,59467,22/03/2021,16:34:45,15,1,12.8,1.0,25.0,24.7,2,1,1.00,CYCLE,S
IND,208,7604,59466,22/03/2021,16:37:38,15,0,35.2,1.1,445.2,445.1,2,1,1.00,CYCLE,N
IND,208,7604,59467,22/03/2021,16:38:39,15,1,17.8,1.1,226.1,226.0,2,1,1.00,CYCLE,S
IND,208,7604,59466,22/03/2021,16:38:39,15,0,36.2,1.0,60.5,60.4,2,1,1.00,CYCLE,N
IND,208,7604,59466,22/03/2021,16:38:40,15,0,36.3,1.0,1.2,1.1,2,1,1.00,CYCLE,N
IND,208,7604,59467,22/03/2021,16:40:09,15,1,18.3,1.0,90.6,90.4,2,1,1.00,CYCLE,S
IND,208,7604,59466,22/03/2021,16:43:51,15,0,39.1,1.1,311.0,310.9,2,1,1.00,CYCLE,N
IND,208,7604,59467,22/03/2021,16:44:24,15,1,20.7,1.1,255.1,254.9,2,1,1.00,CYCLE,S
IND,208,7604,59466,22/03/2021,16:45:02,15,0,37.8,1.1,70.8,70.7,2,1,1.00,CYCLE,N
IND,208,7604,59466,22/03/2021,16:47:08,15,0,38.0,1.1,126.1,126.0,2,1,1.00,CYCLE,N
IND,208,7604,59466,22/03/2021,16:47:58,15,0,28.7,1.0,50.4,50.3,2,1,1.00,CYCLE,N
IND,208,7604,59467,22/03/2021,16:48:57,15,1,24.1,1.0,272.5,272.4,2,1,1.00,CYCLE,S
IND,208,7604,59466,22/03/2021,16:49:29,15,0,32.2,1.1,90.1,90.0,2,1,1.00,CYCLE,N
IND,208,7604,59467,22/03/2021,16:50:06,15,1,22.4,1.0,69.8,69.6,2,1,1.00,CYCLE,S
IND,208,7604,59466,22/03/2021,16:50:07,15,0,36.8,1.1,38.2,38.0,2,1,1.00,CYCLE,N
IND,208,7604,59466,22/03/2021,16:52:14,15,0,36.3,1.0,127.1,127.0,2,1,1.00,CYCLE,N
IND,208,7604,59466,22/03/2021,16:55:19,15,0,38.0,1.0,184.7,184.6,2,1,1.00,CYCLE,N
IND,208,7604,59466,22/03/2021,16:57:12,15,0,34.3,1.1,113.4,113.3,2,1,1.00,CYCLE,N
IND,208,7604,59466,22/03/2021,16:57:30,15,0,37.1,1.1,18.4,18.3,2,1,1.00,CYCLE,N
IND,208,7604,59466,22/03/2021,16:57:36,15,0,37.9,1.0,5.8,5.7,2,1,1.00,CYCLE,N
IND,208,7604,59466,22/03/2021,16:58:15,15,0,35.8,1.0,39.1,39.0,2,1,1.00,CYCLE,N
IND,208,7604,59467,22/03/2021,16:58:28,15,1,26.0,1.1,501.1,500.9,2,1,1.00,CYCLE,S
IND,208,7604,59466,22/03/2021,16:58:36,15,0,32.1,1.0,20.4,20.3,2,1,1.00,CYCLE,N
IND,208,7604,59466,22/03/2021,17:00:24,15,0,40.6,1.0,108.1,108.0,2,1,1.00,CYCLE,N
IND,208,7604,59466,22/03/2021,17:01:32,15,0,33.9,1.0,68.7,68.6,2,1,1.00,CYCLE,N
IND,208,7604,59466,22/03/2021,17:04:21,15,0,37.3,1.0,168.8,168.7,2,1,1.00,CYCLE,N
IND,208,7604,59466,22/03/2021,17:06:39,15,0,34.3,1.0,137.5,137.4,2,1,1.00,CYCLE,N
IND,208,7604,59467,22/03/2021,17:07:17,15,1,24.0,1.0,529.6,529.5,2,1,1.00,CYCLE,S
IND,208,7604,59467,22/03/2021,17:10:15,15,1,20.4,1.2,177.3,177.2,2,1,1.00,CYCLE,S
IND,208,7604,59466,22/03/2021,17:10:40,15,0,36.3,1.0,240.9,240.8,2,1,1.00,CYCLE,N
IND,208,7604,59466,22/03/2021,17:12:57,15,0,42.2,1.2,137.5,137.4,2,1,1.00,CYCLE,N
IND,208,7604,59466,22/03/2021,17:18:25,15,0,34.7,1.0,327.4,327.3,2,1,1.00,CYCLE,N
IND,208,7604,59466,22/03/2021,17:18:39,15,0,37.8,1.0,14.6,14.5,2,1,1.00,CYCLE,N
IND,208,7604,59466,22/03/2021,17:22:00,15,0,34.4,1.1,200.4,200.3,2,1,1.00,CYCLE,N
IND,208,7604,59466,22/03/2021,17:24:42,15,0,40.4,1.0,162.3,162.2,2,1,1.00,CYCLE,N
IND,208,7604,59466,22/03/2021,17:25:11,15,0,38.3,1.0,29.0,28.9,2,1,1.00,CYCLE,N
IND,208,7604,59466,22/03/2021,17:25:59,15,0,20.8,1.1,47.7,47.6,2,1,1.00,CYCLE,N
IND,208,7604,59466,22/03/2021,17:27:04,15,0,37.8,1.1,65.8,65.6,2,1,1.00,CYCLE,N
IND,208,7604,59467,22/03/2021,17:29:12,15,1,15.2,1.1,1137.6,1137.4,2,1,1.00,CYCLE,S
IND,208,7604,59466,22/03/2021,17:36:11,15,0,35.9,1.0,546.7,546.6,2,1,1.00,CYCLE,N
IND,208,7604,59466,22/03/2021,17:36:27,15,0,38.6,1.0,16.4,16.3,2,1,1.00,CYCLE,N
IND,208,7604,59467,22/03/2021,17:38:11,15,1,14.9,1.1,538.4,538.1,2,1,1.00,CYCLE,S
IND,208,7604,59466,22/03/2021,17:38:39,15,0,26.4,1.1,131.7,131.6,2,1,1.00,CYCLE,N
IND,208,7604,59466,22/03/2021,17:42:21,15,0,35.3,1.0,221.8,221.6,2,1,1.00,CYCLE,N
IND,208,7604,59466,22/03/2021,17:47:04,15,0,37.5,1.2,283.0,282.9,2,1,1.00,CYCLE,N
IND,208,7604,59466,22/03/2021,17:50:23,15,0,37.7,1.1,199.2,199.1,2,1,1.00,CYCLE,N
IND,208,7604,59466,22/03/2021,17:50:53,15,0,32.0,1.1,30.0,29.9,2,1,1.00,CYCLE,N
IND,208,7604,59466,22/03/2021,17:51:32,15,0,36.3,1.1,38.8,38.7,2,1,1.00,CYCLE,N
IND,208,7604,59466,22/03/2021,17:55:54,15,0,39.7,1.0,262.3,262.2,2,1,1.00,CYCLE,N
IND,208,7604,59466,22/03/2021,18:00:38,15,0,37.6,1.1,283.7,283.6,2,1,1.00,CYCLE,N
IND,208,7604,59466,22/03/2021,18:02:24,15,0,38.6,1.2,106.0,105.9,2,1,1.00,CYCLE,N
IND,208,7604,59466,22/03/2021,18:04:06,15,0,39.2,1.1,102.4,102.2,2,1,1.00,CYCLE,N
IND,208,7604,59466,22/03/2021,18:06:48,15,0,35.5,1.0,161.5,161.4,2,1,1.00,CYCLE,N
IND,208,7604,59466,22/03/2021,18:07:42,15,0,35.2,1.0,54.4,54.3,2,1,1.00,CYCLE,N
IND,208,7604,59466,22/03/2021,18:08:32,15,0,36.4,1.1,49.8,49.7,2,1,1.00,CYCLE,N
IND,208,7604,59466,22/03/2021,18:14:26,15,0,35.7,1.1,353.6,353.5,2,1,1.00,CYCLE,N
IND,208,7604,59466,22/03/2021,18:15:18,15,0,35.8,1.0,52.3,52.2,2,1,1.00,CYCLE,N
IND,208,7604,59466,22/03/2021,18:18:41,15,0,36.3,1.1,202.9,202.8,2,1,1.00,CYCLE,N
IND,208,7604,59466,22/03/2021,18:20:28,15,0,31.7,1.0,107.1,107.0,2,1,1.00,CYCLE,N
IND,208,7604,59466,22/03/2021,18:25:08,15,0,40.1,1.1,279.8,279.7,2,1,1.00,CYCLE,N
IND,208,7604,59466,22/03/2021,18:29:52,15,0,34.7,1.1,284.7,284.6,2,1,1.00,CYCLE,N
IND,208,7604,59466,22/03/2021,18:34:09,15,0,31.2,1.0,256.4,256.3,2,1,1.00,CYCLE,N
IND,208,7604,59466,22/03/2021,18:39:44,15,0,26.0,1.0,335.0,334.9,2,1,1.00,CYCLE,N
IND,208,7604,59467,22/03/2021,18:41:11,15,1,17.0,1.0,3780.8,3780.6,2,1,1.00,CYCLE,S
IND,208,7604,59467,22/03/2021,19:13:19,15,1,25.8,1.0,1927.5,1927.2,2,1,1.00,CYCLE,S
IND,208,7604,59467,22/03/2021,19:26:23,15,1,12.9,1.0,784.5,784.4,2,1,1.00,CYCLE,S
IND,208,7604,59467,22/03/2021,19:26:23,15,1,12.9,1.0,0.0,0.0,2,1,1.00,CYCLE,S
IND,208,7604,59466,22/03/2021,19:49:09,15,0,25.9,1.0,4165.4,4165.2,2,1,1.00,CYCLE,N
IND,208,7604,59467,22/03/2021,19:58:37,15,1,14.9,1.0,1933.2,1932.8,2,1,1.00,CYCLE,S
IND,208,7604,59466,22/03/2021,19:59:00,15,0,17.4,1.0,590.8,590.6,2,1,1.00,CYCLE,N
IND,208,7604,59466,23/03/2021,04:47:30,15,0,35.5,1.0,31710.4,31710.1,2,1,1.00,CYCLE,N
IND,208,7604,59467,23/03/2021,05:02:40,15,1,9.3,1.1,32643.0,32642.8,2,1,1.00,CYCLE,S
IND,208,7604,59466,23/03/2021,05:11:17,15,0,5.5,1.1,1388.4,1388.4,2,1,1.00,CYCLE,N
IND,208,7604,59467,23/03/2021,05:35:50,15,1,18.5,1.1,1990.4,1990.0,2,1,1.00,CYCLE,S
IND,208,7604,59466,23/03/2021,05:46:02,15,0,20.9,1.1,2084.6,2083.9,2,1,1.00,CYCLE,N
IND,208,7604,59467,23/03/2021,05:56:23,15,1,23.8,1.0,1233.4,1233.2,2,1,1.00,CYCLE,S
IND,208,7604,59467,23/03/2021,05:56:29,15,1,22.3,1.0,5.3,5.1,2,1,1.00,CYCLE,S
IND,208,7604,59467,23/03/2021,06:00:44,15,1,16.3,1.1,255.7,255.6,2,1,1.00,CYCLE,S
IND,208,7604,59467,23/03/2021,06:01:09,15,1,17.0,1.1,24.4,24.1,2,1,1.00,CYCLE,S
IND,208,7604,59467,23/03/2021,06:01:59,15,1,20.3,1.0,50.0,49.8,2,1,1.00,CYCLE,S
IND,208,7604,59467,23/03/2021,06:02:11,15,1,21.7,1.0,12.5,12.3,2,1,1.00,CYCLE,S
IND,208,7604,59466,23/03/2021,06:02:58,15,0,31.8,1.0,1016.2,1016.1,2,1,1.00,CYCLE,N
IND,208,7604,59466,23/03/2021,06:03:29,15,0,33.2,1.1,30.7,30.5,2,1,1.00,CYCLE,N
IND,208,7604,59467,23/03/2021,06:06:49,15,1,24.7,1.1,277.8,277.6,2,1,1.00,CYCLE,S
IND,208,7604,59466,23/03/2021,06:07:49,15,0,34.4,1.0,260.5,260.4,2,1,1.00,CYCLE,N
IND,208,7604,59466,23/03/2021,06:07:50,15,0,34.3,1.0,1.1,1.0,2,1,1.00,CYCLE,N
IND,208,7604,59467,23/03/2021,06:11:00,15,1,17.2,1.0,250.6,250.5,2,1,1.00,CYCLE,S
IND,208,7604,59467,23/03/2021,06:13:53,15,1,19.7,1.1,173.3,173.1,2,1,1.00,CYCLE,S
IND,208,7604,59466,23/03/2021,06:14:22,15,0,38.4,1.1,391.6,391.5,2,1,1.00,CYCLE,N
IND,208,7604,59467,23/03/2021,06:14:46,15,1,24.9,1.0,53.3,53.1,2,1,1.00,CYCLE,S
IND,208,7604,59467,23/03/2021,06:15:46,15,1,18.9,1.0,59.3,59.2,2,1,1.00,CYCLE,S
IND,208,7604,59467,23/03/2021,06:18:57,15,1,17.0,1.1,191.7,191.5,2,1,1.00,CYCLE,S
IND,208,7604,59467,23/03/2021,06:25:40,15,1,18.5,1.0,402.3,402.0,2,1,1.00,CYCLE,S
IND,208,7604,59466,23/03/2021,06:29:35,15,0,35.6,1.0,912.4,912.3,2,1,1.00,CYCLE,N
IND,208,7604,59467,23/03/2021,06:30:54,15,1,24.3,1.0,314.1,313.9,2,1,1.00,CYCLE,S
IND,208,7604,59467,23/03/2021,06:38:58,15,1,20.7,1.0,484.3,484.1,2,1,1.00,CYCLE,S
IND,208,7604,59467,23/03/2021,06:39:32,15,1,19.7,1.0,33.9,33.8,2,1,1.00,CYCLE,S
IND,208,7604,59467,23/03/2021,06:39:58,15,1,20.6,1.0,26.0,25.8,2,1,1.00,CYCLE,S
IND,208,7604,59467,23/03/2021,06:43:09,15,1,20.0,1.0,190.7,190.5,2,1,1.00,CYCLE,S
IND,208,7604,59466,23/03/2021,06:43:12,15,0,40.9,1.0,817.5,817.4,2,1,1.00,CYCLE,N
IND,208,7604,59467,23/03/2021,06:43:59,15,1,19.5,1.1,50.9,50.7,2,1,1.00,CYCLE,S
IND,208,7604,59467,23/03/2021,06:44:12,15,1,19.1,1.0,13.0,12.8,2,1,1.00,CYCLE,S
IND,208,7604,59467,23/03/2021,06:45:15,15,1,19.7,1.0,62.1,61.9,2,1,1.00,CYCLE,S
IND,208,7604,59467,23/03/2021,06:46:24,15,1,16.1,1.1,69.3,69.2,2,1,1.00,CYCLE,S
IND,208,7604,59467,23/03/2021,06:47:48,15,1,20.0,1.1,84.5,84.3,2,1,1.00,CYCLE,S
IND,208,7604,59467,23/03/2021,06:48:11,15,1,22.6,1.1,22.8,22.5,2,1,1.00,CYCLE,S
IND,208,7604,59466,23/03/2021,06:48:12,15,0,31.9,1.0,299.8,299.7,2,1,1.00,CYCLE,N
IND,208,7604,59466,23/03/2021,06:48:39,15,0,35.0,1.0,27.4,27.2,2,1,1.00,CYCLE,N
IND,208,7604,59467,23/03/2021,06:51:16,15,1,21.9,1.0,185.3,185.2,2,1,1.00,CYCLE,S
IND,208,7604,59467,23/03/2021,06:52:23,15,1,20.3,1.1,67.0,66.9,2,1,1.00,CYCLE,S
IND,208,7604,59466,23/03/2021,06:52:26,15,0,34.1,1.0,226.7,226.6,2,1,1.00,CYCLE,N
IND,208,7604,59467,23/03/2021,06:52:46,15,1,20.0,1.1,22.1,21.9,2,1,1.00,CYCLE,S
IND,208,7604,59466,23/03/2021,06:53:03,15,0,23.0,1.1,37.1,37.0,2,1,1.00,CYCLE,N
IND,208,7604,59467,23/03/2021,06:53:56,15,1,14.7,1.1,70.1,69.9,2,1,1.00,CYCLE,S
IND,208,7604,59467,23/03/2021,06:54:26,15,1,19.1,1.1,30.2,29.9,2,1,1.00,CYCLE,S
IND,208,7604,59467,23/03/2021,06:57:02,15,1,20.5,1.0,155.7,155.5,2,1,1.00,CYCLE,S
IND,208,7604,59467,23/03/2021,06:57:54,15,1,20.0,1.0,52.2,52.0,2,1,1.00,CYCLE,S
IND,208,7604,59466,23/03/2021,06:58:45,15,0,4.3,0.0,341.9,341.7,2,1,1.00,CYCLE,N
IND,208,7604,59467,23/03/2021,06:58:49,15,1,22.4,1.0,55.2,55.0,2,1,1.00,CYCLE,S
IND,208,7604,59466,23/03/2021,07:02:07,15,0,41.1,1.1,201.9,201.9,2,1,1.00,CYCLE,N
IND,208,7604,59466,23/03/2021,07:05:44,15,0,32.5,1.0,216.8,216.7,2,1,1.00,CYCLE,N
IND,208,7604,59466,23/03/2021,07:05:46,15,0,31.5,1.0,2.4,2.3,2,1,1.00,CYCLE,N
IND,208,7604,59467,23/03/2021,07:06:24,15,1,19.8,1.0,21.6,21.7,2,1,1.00,CYCLE,S
IND,208,7604,59467,23/03/2021,07:09:25,15,1,22.0,1.0,181.5,181.3,2,1,1.00,CYCLE,S
IND,208,7604,59467,23/03/2021,07:12:01,15,1,24.3,1.1,155.6,155.4,2,1,1.00,CYCLE,S
IND,208,7604,59467,23/03/2021,07:17:41,15,1,15.8,1.0,340.4,340.2,2,1,1.00,CYCLE,S
IND,208,7604,59467,23/03/2021,07:18:19,15,1,15.5,1.0,37.5,37.3,2,1,1.00,CYCLE,S
IND,208,7604,59467,23/03/2021,07:19:40,15,1,16.7,1.1,80.9,80.6,2,1,1.00,CYCLE,S
IND,208,7604,59467,23/03/2021,07:19:59,15,1,22.3,1.0,19.0,18.7,2,1,1.00,CYCLE,S
IND,208,7604,59466,23/03/2021,07:23:03,15,0,38.7,1.1,1036.9,1036.8,2,1,1.00,CYCLE,N
IND,208,7604,59467,23/03/2021,07:26:33,15,1,14.9,1.0,394.4,394.2,2,1,1.00,CYCLE,S
IND,208,7604,59467,23/03/2021,07:27:11,15,1,22.1,1.1,38.3,38.1,2,1,1.00,CYCLE,S
IND,208,7604,59466,23/03/2021,07:28:41,15,0,29.8,1.0,338.2,338.1,2,1,1.00,CYCLE,N
IND,208,7604,59467,23/03/2021,07:28:51,15,1,18.6,1.0,99.6,99.4,2,1,1.00,CYCLE,S
IND,208,7604,59467,23/03/2021,07:31:09,15,1,26.5,1.0,138.0,137.7,2,1,1.00,CYCLE,S
IND,208,7604,59467,23/03/2021,07:31:10,15,1,20.1,1.1,1.2,1.0,2,1,1.00,CYCLE,S
IND,208,7604,59466,23/03/2021,07:31:55,15,0,30.6,1.0,193.5,193.4,2,1,1.00,CYCLE,N
IND,208,7604,59467,23/03/2021,07:32:12,15,1,26.0,1.1,62.3,62.0,2,1,1.00,CYCLE,S
IND,208,7604,59467,23/03/2021,07:32:24,15,1,22.4,1.1,12.0,11.9,2,1,1.00,CYCLE,S
IND,208,7604,59466,23/03/2021,07:37:08,15,0,33.9,1.0,313.1,313.0,2,1,1.00,CYCLE,N
IND,208,7604,59466,23/03/2021,07:37:14,15,0,31.5,1.0,6.3,6.2,2,1,1.00,CYCLE,N
IND,208,7604,59466,23/03/2021,07:38:02,15,0,29.1,1.1,47.7,47.6,2,1,1.00,CYCLE,N
IND,208,7604,59467,23/03/2021,07:38:13,15,1,23.5,1.0,348.2,348.0,2,1,1.00,CYCLE,S
IND,208,7604,59467,23/03/2021,07:39:24,15,1,13.9,1.0,71.0,70.9,2,1,1.00,CYCLE,S
IND,208,7604,59467,23/03/2021,07:42:25,15,1,25.0,1.1,181.1,180.8,2,1,1.00,CYCLE,S
IND,208,7604,59467,23/03/2021,07:43:33,15,1,12.8,1.0,67.9,67.8,2,1,1.00,CYCLE,S
IND,208,7604,59467,23/03/2021,07:45:39,15,1,25.3,1.0,126.1,125.7,2,1,1.00,CYCLE,S
IND,208,7604,59467,23/03/2021,07:45:50,15,1,14.2,1.0,11.0,10.9,2,1,1.00,CYCLE,S
IND,208,7604,59466,23/03/2021,07:47:09,15,0,28.2,1.0,547.6,547.5,2,1,1.00,CYCLE,N
IND,208,7604,59466,23/03/2021,07:49:33,15,0,38.8,1.1,143.2,143.1,2,1,1.00,CYCLE,N
IND,208,7604,59467,23/03/2021,07:49:53,15,1,23.3,1.1,243.0,242.7,2,1,1.00,CYCLE,S
IND,208,7604,59466,23/03/2021,07:51:46,15,0,33.9,1.1,133.9,133.8,2,1,1.00,CYCLE,N
IND,208,7604,59466,23/03/2021,07:57:13,15,0,30.1,1.1,9.5,9.3,2,1,1.00,CYCLE,N
IND,208,7604,59467,23/03/2021,08:05:12,15,1,14.2,1.0,726.1,725.8,2,1,1.00,CYCLE,S
IND,208,7604,59467,23/03/2021,08:06:18,15,1,18.9,1.0,66.6,66.3,2,1,1.00,CYCLE,S
IND,208,7604,59467,23/03/2021,08:07:00,15,1,12.8,1.0,41.7,41.5,2,1,1.00,CYCLE,S
IND,208,7604,59466,23/03/2021,08:09:48,15,0,37.4,1.0,754.8,754.7,2,1,1.00,CYCLE,N
IND,208,7604,59467,23/03/2021,08:09:59,15,1,23.3,1.0,179.4,179.1,2,1,1.00,CYCLE,S
IND,208,7604,59467,23/03/2021,08:10:00,15,1,23.3,1.0,0.4,0.2,2,1,1.00,CYCLE,S
IND,208,7604,59467,23/03/2021,08:10:00,15,1,23.7,1.0,0.6,0.5,2,1,1.00,CYCLE,S
IND,208,7604,59467,23/03/2021,08:10:01,15,1,23.8,1.0,0.3,0.2,2,1,1.00,CYCLE,S
IND,208,7604,59467,23/03/2021,08:10:02,15,1,23.0,1.0,1.2,1.1,2,1,1.00,CYCLE,S
IND,208,7604,59467,23/03/2021,08:10:03,15,1,22.3,1.0,0.7,0.5,2,1,1.00,CYCLE,S
IND,208,7604,59467,23/03/2021,08:15:26,15,1,21.0,1.0,323.1,323.0,2,1,1.00,CYCLE,S
IND,208,7604,59466,23/03/2021,08:21:01,15,0,33.6,1.1,673.0,672.9,2,1,1.00,CYCLE,N
IND,208,7604,59467,23/03/2021,08:22:07,15,1,23.0,1.0,401.3,401.1,2,1,1.00,CYCLE,S
IND,208,7604,59466,23/03/2021,08:25:48,15,0,27.5,1.1,106.4,106.3,2,1,1.00,CYCLE,N
IND,208,7604,59467,23/03/2021,08:27:35,15,1,16.9,1.0,328.4,328.2,2,1,1.00,CYCLE,S
IND,208,7604,59467,23/03/2021,08:27:36,15,1,17.2,1.1,0.5,0.3,2,1,1.00,CYCLE,S
IND,208,7604,59467,23/03/2021,08:27:37,15,1,16.3,1.0,0.7,0.5,2,1,1.00,CYCLE,S
IND,208,7604,59467,23/03/2021,08:27:37,15,1,16.2,1.0,0.7,0.4,2,1,1.00,CYCLE,S
IND,208,7604,59467,23/03/2021,08:27:38,15,1,16.1,1.0,0.6,0.4,2,1,1.00,CYCLE,S
IND,208,7604,59467,23/03/2021,08:27:39,15,1,15.8,1.1,1.2,1.0,2,1,1.00,CYCLE,S
IND,208,7604,59467,23/03/2021,08:28:00,15,1,17.4,1.1,20.9,20.6,2,1,1.00,CYCLE,S
IND,208,7604,59467,23/03/2021,08:37:29,15,1,24.9,1.1,569.1,568.9,2,1,1.00,CYCLE,S
IND,208,7604,59466,23/03/2021,08:38:09,15,0,34.0,1.1,741.5,741.3,2,1,1.00,CYCLE,N
IND,208,7604,59467,23/03/2021,08:44:40,15,1,15.0,1.0,430.5,430.4,2,1,1.00,CYCLE,S
IND,208,7604,59467,23/03/2021,08:48:47,15,1,14.8,0.9,247.3,247.0,2,1,1.00,CYCLE,S
IND,208,7604,59467,23/03/2021,08:52:19,15,1,24.1,1.0,212.4,212.1,2,1,1.00,CYCLE,S
IND,208,7604,59467,23/03/2021,08:59:26,15,1,13.3,1.1,426.6,426.5,2,1,1.00,CYCLE,S
IND,208,7604,59466,23/03/2021,09:07:57,15,0,27.9,1.0,1788.0,1787.9,2,1,1.00,CYCLE,N
IND,208,7604,59467,23/03/2021,09:12:06,15,1,12.1,1.0,760.4,760.1,2,1,1.00,CYCLE,S
IND,208,7604,59467,23/03/2021,09:12:35,15,1,19.8,1.0,29.1,28.7,2,1,1.00,CYCLE,S
IND,208,7604,59466,23/03/2021,09:14:26,15,0,38.3,1.0,389.0,388.9,2,1,1.00,CYCLE,N
IND,208,7604,59466,23/03/2021,09:18:57,15,0,33.8,1.0,271.4,271.3,2,1,1.00,CYCLE,N
IND,208,7604,59467,23/03/2021,09:20:37,15,1,16.3,1.0,481.3,481.2,2,1,1.00,CYCLE,S
IND,208,7604,59467,23/03/2021,09:23:05,15,1,18.2,1.0,148.6,148.4,2,1,1.00,CYCLE,S
IND,208,7604,59466,23/03/2021,09:30:51,15,0,36.6,1.0,713.5,713.4,2,1,1.00,CYCLE,N
IND,208,7604,59466,23/03/2021,09:30:53,15,0,34.3,1.1,2.3,2.2,2,1,1.00,CYCLE,N
IND,208,7604,59467,23/03/2021,09:32:32,15,1,18.6,1.0,566.3,566.1,2,1,1.00,CYCLE,S
IND,208,7604,59466,23/03/2021,09:35:00,15,0,28.1,1.0,246.7,246.6,2,1,1.00,CYCLE,N
IND,208,7604,59466,23/03/2021,09:35:06,15,0,24.9,1.1,6.5,6.4,2,1,1.00,CYCLE,N
IND,208,7604,59467,23/03/2021,09:35:22,15,1,4.4,0.6,170.8,170.8,2,1,0.80,CYCLE,S
IND,208,7604,59466,23/03/2021,09:37:09,15,0,32.0,1.1,122.5,122.4,2,1,1.00,CYCLE,N
IND,208,7604,59467,23/03/2021,09:39:13,15,1,19.6,1.0,230.6,229.9,2,1,1.00,CYCLE,S
IND,208,7604,59467,23/03/2021,09:40:41,15,1,20.8,1.1,88.0,87.8,2,1,1.00,CYCLE,S
IND,208,7604,59466,23/03/2021,09:41:45,15,0,32.7,1.1,276.1,275.9,2,1,1.00,CYCLE,N
IND,208,7604,59466,23/03/2021,09:41:48,15,0,28.0,1.1,3.4,3.2,2,1,1.00,CYCLE,N
IND,208,7604,59466,23/03/2021,09:41:51,15,0,27.0,1.1,2.8,2.7,2,1,1.00,CYCLE,N
IND,208,7604,59467,23/03/2021,09:50:21,15,1,16.5,1.1,580.3,580.1,2,1,1.00,CYCLE,S
IND,208,7604,59467,23/03/2021,09:53:50,15,1,21.6,1.0,209.1,208.8,2,1,1.00,CYCLE,S
IND,208,7604,59466,23/03/2021,09:55:06,15,0,34.1,1.0,391.4,391.3,2,1,1.00,CYCLE,N
IND,208,7604,59466,23/03/2021,10:09:07,15,0,37.1,1.1,297.8,297.0,2,1,1.00,CYCLE,N
IND,208,7604,59467,23/03/2021,10:13:52,15,1,16.8,1.0,1201.9,1201.8,2,1,1.00,CYCLE,S
IND,208,7604,59467,23/03/2021,10:14:12,15,1,15.6,1.0,19.6,19.4,2,1,1.00,CYCLE,S
IND,208,7604,59467,23/03/2021,10:15:58,15,1,15.9,1.1,105.6,105.4,2,1,1.00,CYCLE,S
IND,208,7604,59466,23/03/2021,10:18:48,15,0,39.1,1.0,581.3,581.2,2,1,1.00,CYCLE,N
IND,208,7604,59466,23/03/2021,10:18:50,15,0,39.6,1.0,1.9,1.8,2,1,1.00,CYCLE,N
IND,208,7604,59466,23/03/2021,10:18:51,15,0,39.7,1.0,1.8,1.7,2,1,1.00,CYCLE,N
IND,208,7604,59466,23/03/2021,10:18:53,15,0,38.5,1.0,2.0,1.9,2,1,1.00,CYCLE,N
IND,208,7604,59466,23/03/2021,10:18:54,15,0,38.3,1.0,0.6,0.5,2,1,1.00,CYCLE,N
IND,208,7604,59466,23/03/2021,10:18:55,15,0,39.4,1.0,1.0,0.9,2,1,1.00,CYCLE,N
IND,208,7604,59466,23/03/2021,10:18:57,15,0,39.3,1.0,1.5,1.4,2,1,1.00,CYCLE,N
IND,208,7604,59466,23/03/2021,10:21:53,15,0,37.9,1.0,176.2,176.1,2,1,1.00,CYCLE,N
IND,208,7604,59466,23/03/2021,10:24:24,15,0,36.4,1.1,151.2,151.1,2,1,1.00,CYCLE,N
IND,208,7604,59467,23/03/2021,10:27:26,15,1,15.8,1.2,688.5,688.3,2,1,1.00,CYCLE,S
IND,208,7604,59466,23/03/2021,10:32:41,15,0,31.9,1.1,496.9,496.8,2,1,1.00,CYCLE,N
IND,208,7604,59466,23/03/2021,10:32:53,15,0,44.0,1.0,12.5,12.4,2,1,1.00,CYCLE,N
IND,208,7604,59466,23/03/2021,10:32:57,15,0,33.1,1.1,3.5,3.4,2,1,1.00,CYCLE,N
IND,208,7604,59467,23/03/2021,10:32:59,15,1,17.0,1.1,332.9,332.6,2,1,1.00,CYCLE,S
IND,208,7604,59467,23/03/2021,10:44:56,15,1,16.9,1.2,717.5,717.2,2,1,1.00,CYCLE,S
IND,208,7604,59467,23/03/2021,10:49:27,15,1,13.2,1.0,270.4,270.2,2,1,1.00,CYCLE,S
IND,208,7604,59467,23/03/2021,10:58:19,15,1,21.8,1.0,532.1,531.8,2,1,1.00,CYCLE,S
IND,208,7604,59467,23/03/2021,10:59:06,15,1,14.6,1.0,47.5,47.4,2,1,1.00,CYCLE,S
IND,208,7604,59467,23/03/2021,10:59:49,15,1,19.0,1.0,42.7,42.4,2,1,1.00,CYCLE,S
IND,208,7604,59467,23/03/2021,11:03:02,15,1,22.1,1.0,192.9,192.7,2,1,1.00,CYCLE,S
IND,208,7604,59467,23/03/2021,11:16:49,15,1,23.8,1.0,128.4,128.1,2,1,1.00,CYCLE,S
IND,208,7604,59466,23/03/2021,11:18:27,15,0,22.6,1.0,1048.6,1048.5,2,1,1.00,CYCLE,N
IND,208,7604,59467,23/03/2021,11:21:19,15,1,14.4,1.0,270.6,270.5,2,1,1.00,CYCLE,S
IND,208,7604,59467,23/03/2021,11:24:56,15,1,10.0,1.0,217.3,217.1,2,1,1.00,CYCLE,S
IND,208,7604,59467,23/03/2021,11:26:40,15,1,9.0,1.0,103.4,103.1,2,1,1.00,CYCLE,S
IND,208,7604,59467,23/03/2021,11:26:42,15,1,9.2,1.1,1.6,1.2,2,1,1.00,CYCLE,S
IND,208,7604,59467,23/03/2021,11:27:33,15,1,20.0,1.0,51.9,51.4,2,1,1.00,CYCLE,S
IND,208,7604,59466,23/03/2021,11:32:28,15,0,36.2,1.0,841.0,840.8,2,1,1.00,CYCLE,N
IND,208,7604,59467,23/03/2021,11:44:14,15,1,17.2,1.0,1000.2,1000.0,2,1,1.00,CYCLE,S
IND,208,7604,59467,23/03/2021,11:44:14,15,1,16.9,1.0,0.7,0.5,2,1,1.00,CYCLE,S
IND,208,7604,59467,23/03/2021,11:44:57,15,1,18.4,1.1,42.4,42.2,2,1,1.00,CYCLE,S
IND,208,7604,59466,23/03/2021,11:46:33,15,0,37.0,1.0,844.7,844.6,2,1,1.00,CYCLE,N
IND,208,7604,59467,23/03/2021,11:47:33,15,1,24.3,1.0,156.3,156.1,2,1,1.00,CYCLE,S
IND,208,7604,59467,23/03/2021,11:49:53,15,1,25.1,1.1,140.2,140.1,2,1,1.00,CYCLE,S
IND,208,7604,59467,23/03/2021,11:51:53,15,1,12.6,1.0,119.9,119.8,2,1,1.00,CYCLE,S
IND,208,7604,59466,23/03/2021,11:52:18,15,0,17.6,1.0,345.0,344.9,2,1,1.00,CYCLE,N
IND,208,7604,59466,23/03/2021,11:57:45,15,0,38.5,1.0,326.5,326.3,2,1,1.00,CYCLE,N
IND,208,7604,59466,23/03/2021,11:58:49,15,0,39.2,1.0,64.9,64.8,2,1,1.00,CYCLE,N
IND,208,7604,59466,23/03/2021,11:59:53,15,0,33.1,1.1,63.4,63.3,2,1,1.00,CYCLE,N
IND,208,7604,59467,23/03/2021,12:04:13,15,1,20.9,1.0,739.5,739.1,2,1,1.00,CYCLE,S
IND,208,7604,59467,23/03/2021,12:06:20,15,1,10.2,1.1,127.3,127.2,2,1,1.00,CYCLE,S
IND,208,7604,59467,23/03/2021,12:07:48,15,1,17.8,1.1,87.8,87.4,2,1,1.00,CYCLE,S
IND,208,7604,59467,23/03/2021,12:17:58,15,1,17.6,1.0,610.7,610.5,2,1,1.00,CYCLE,S
IND,208,7604,59467,23/03/2021,12:21:31,15,1,16.2,1.1,212.0,211.8,2,1,1.00,CYCLE,S
IND,208,7604,59466,23/03/2021,12:22:40,15,0,41.5,1.0,1366.8,1366.7,2,1,1.00,CYCLE,N
IND,208,7604,59466,23/03/2021,12:23:23,15,0,35.5,1.1,43.6,43.5,2,1,1.00,CYCLE,N
IND,208,7604,59466,23/03/2021,12:25:19,15,0,39.7,1.0,115.7,115.5,2,1,1.00,CYCLE,N
IND,208,7604,59467,23/03/2021,12:27:03,15,1,16.4,1.1,332.4,332.2,2,1,1.00,CYCLE,S
IND,208,7604,59467,23/03/2021,12:29:05,15,1,14.4,1.0,121.9,121.7,2,1,1.00,CYCLE,S
IND,208,7604,59467,23/03/2021,12:29:06,15,1,15.9,1.0,1.7,1.4,2,1,1.00,CYCLE,S
IND,208,7604,59466,23/03/2021,12:34:24,15,0,40.1,1.0,544.8,544.7,2,1,1.00,CYCLE,N
IND,208,7604,59467,23/03/2021,12:40:25,15,1,11.0,1.0,678.7,678.5,2,1,1.00,CYCLE,S
IND,208,7604,59467,23/03/2021,12:41:13,15,1,18.1,1.1,47.7,47.3,2,1,1.00,CYCLE,S
IND,208,7604,59467,23/03/2021,12:43:39,15,1,21.3,1.1,146.1,145.9,2,1,1.00,CYCLE,S
IND,208,7604,59466,23/03/2021,12:44:57,15,0,32.9,1.1,511.0,510.9,2,1,1.00,CYCLE,N
IND,208,7604,59467,23/03/2021,12:45:31,15,1,15.3,1.0,112.4,112.3,2,1,1.00,CYCLE,S
IND,208,7604,59467,23/03/2021,12:45:32,15,1,15.7,1.0,0.3,0.1,2,1,1.00,CYCLE,S
IND,208,7604,59466,23/03/2021,12:45:53,15,0,30.6,1.1,56.3,56.2,2,1,1.00,CYCLE,N
IND,208,7604,59466,23/03/2021,12:48:57,15,0,36.1,1.1,183.3,183.2,2,1,1.00,CYCLE,N
IND,208,7604,59467,23/03/2021,12:51:13,15,1,25.8,1.0,341.3,341.0,2,1,1.00,CYCLE,S
IND,208,7604,59467,23/03/2021,12:54:05,15,1,22.3,1.0,172.2,172.0,2,1,1.00,CYCLE,S
IND,208,7604,59467,23/03/2021,12:56:37,15,1,18.8,1.0,151.4,151.2,2,1,1.00,CYCLE,S
IND,208,7604,59467,23/03/2021,12:58:02,15,1,17.0,1.0,85.4,85.2,2,1,1.00,CYCLE,S
IND,208,7604,59466,23/03/2021,13:01:14,15,0,19.2,1.0,737.0,736.9,2,1,1.00,CYCLE,N
IND,208,7604,59466,23/03/2021,13:01:26,15,0,14.8,1.1,12.7,12.5,2,1,1.00,CYCLE,N
IND,208,7604,59466,23/03/2021,13:02:13,15,0,44.2,1.0,46.9,46.7,2,1,1.00,CYCLE,N
IND,208,7604,59467,23/03/2021,13:04:00,15,1,17.4,1.1,357.8,357.6,2,1,1.00,CYCLE,S
IND,208,7604,59466,23/03/2021,13:07:40,15,0,35.4,1.1,326.3,326.2,2,1,1.00,CYCLE,N
IND,208,7604,59466,23/03/2021,13:07:46,15,0,28.0,1.1,5.8,5.7,2,1,1.00,CYCLE,N
IND,208,7604,59466,23/03/2021,13:12:22,15,0,32.5,1.1,276.7,276.6,2,1,1.00,CYCLE,N
IND,208,7604,59467,23/03/2021,13:18:14,15,1,11.6,1.0,854.2,854.0,2,1,1.00,CYCLE,S
IND,208,7604,59467,23/03/2021,13:18:18,15,1,12.9,1.1,3.6,3.3,2,1,1.00,CYCLE,S
IND,208,7604,59466,23/03/2021,13:19:10,15,0,34.9,1.0,407.3,407.2,2,1,1.00,CYCLE,N
IND,208,7604,59467,23/03/2021,13:20:47,15,1,17.3,1.0,149.7,149.3,2,1,1.00,CYCLE,S
IND,208,7604,59466,23/03/2021,13:21:39,15,0,39.5,1.1,149.0,148.9,2,1,1.00,CYCLE,N
IND,208,7604,59466,23/03/2021,13:24:58,15,0,31.7,1.0,199.9,199.8,2,1,1.00,CYCLE,N
IND,208,7604,59467,23/03/2021,13:27:20,15,1,16.9,1.1,392.7,392.5,2,1,1.00,CYCLE,S
IND,208,7604,59467,23/03/2021,13:27:21,15,1,16.0,1.0,1.0,0.8,2,1,1.00,CYCLE,S
IND,208,7604,59467,23/03/2021,13:30:33,15,1,14.5,1.0,192.2,192.0,2,1,1.00,CYCLE,S
IND,208,7604,59466,23/03/2021,13:31:18,15,0,38.8,1.1,341.2,341.2,2,1,1.00,CYCLE,N
IND,208,7604,59466,23/03/2021,13:34:06,15,0,39.9,1.0,167.8,167.7,2,1,1.00,CYCLE,N
IND,208,7604,59467,23/03/2021,13:35:41,15,1,19.8,1.0,308.3,308.1,2,1,1.00,CYCLE,S
IND,208,7604,59466,23/03/2021,13:36:12,15,0,41.5,1.0,126.4,126.3,2,1,1.00,CYCLE,N
IND,208,7604,59466,23/03/2021,13:37:00,15,0,45.2,1.0,47.7,47.6,2,1,1.00,CYCLE,N
IND,208,7604,59466,23/03/2021,13:41:41,15,0,37.0,1.1,281.2,281.1,2,1,1.00,CYCLE,N
IND,208,7604,59466,23/03/2021,13:51:51,15,0,41.9,1.0,609.9,609.8,2,1,1.00,CYCLE,N
IND,208,7604,59467,23/03/2021,13:53:37,15,1,10.3,1.2,1075.8,1075.7,2,1,1.00,CYCLE,S
IND,208,7604,59466,23/03/2021,13:53:48,15,0,40.1,1.0,117.7,117.6,2,1,1.00,CYCLE,N
IND,208,7604,59466,23/03/2021,13:56:19,15,0,40.4,1.1,150.6,150.5,2,1,1.00,CYCLE,N
IND,208,7604,59467,23/03/2021,14:08:56,15,1,10.0,1.0,918.8,918.4,2,1,1.00,CYCLE,S
IND,208,7604,59466,23/03/2021,14:10:22,15,0,36.2,1.1,842.8,842.7,2,1,1.00,CYCLE,N
IND,208,7604,59467,23/03/2021,14:10:25,15,1,18.2,1.0,88.5,88.1,2,1,1.00,CYCLE,S
IND,208,7604,59466,23/03/2021,14:17:23,15,0,39.6,1.1,421.2,421.1,2,1,1.00,CYCLE,N
IND,208,7604,59466,23/03/2021,14:19:09,15,0,34.6,1.1,105.6,105.5,2,1,1.00,CYCLE,N
IND,208,7604,59467,23/03/2021,14:20:15,15,1,20.8,1.0,590.4,590.2,2,1,1.00,CYCLE,S
IND,208,7604,59467,23/03/2021,14:25:05,15,1,15.6,1.0,289.6,289.5,2,1,1.00,CYCLE,S
IND,208,7604,59466,23/03/2021,14:25:51,15,0,38.6,1.1,249.4,249.2,2,1,1.00,CYCLE,N
IND,208,7604,59467,23/03/2021,14:25:53,15,1,14.3,1.1,48.4,48.1,2,1,1.00,CYCLE,S
IND,208,7604,59467,23/03/2021,14:28:35,15,1,18.9,1.1,162.3,162.0,2,1,1.00,CYCLE,S
IND,208,7604,59467,23/03/2021,14:31:17,15,1,15.2,1.1,162.1,161.9,2,1,1.00,CYCLE,S
IND,208,7604,59467,23/03/2021,14:32:04,15,1,14.2,1.1,46.6,46.4,2,1,1.00,CYCLE,S
IND,208,7604,59466,23/03/2021,14:32:40,15,0,39.9,1.0,326.2,326.2,2,1,1.00,CYCLE,N
IND,208,7604,59467,23/03/2021,14:33:28,15,1,11.0,1.0,84.2,83.9,2,1,1.00,CYCLE,S
IND,208,7604,59466,23/03/2021,14:33:54,15,0,15.0,1.0,74.1,74.0,2,1,1.00,CYCLE,N
IND,208,7604,59466,23/03/2021,14:34:05,15,0,39.6,1.0,10.8,10.5,2,1,1.00,CYCLE,N
IND,208,7604,59467,23/03/2021,14:34:40,15,1,10.1,1.0,3.9,3.9,2,1,1.00,CYCLE,S
IND,208,7604,59467,23/03/2021,14:34:57,15,1,12.6,1.1,17.6,17.2,2,1,1.00,CYCLE,S
IND,208,7604,59466,23/03/2021,14:35:51,15,0,25.6,1.0,106.1,106.0,2,1,1.00,CYCLE,N
IND,208,7604,59466,23/03/2021,14:35:52,15,0,26.3,1.0,0.8,0.7,2,1,1.00,CYCLE,N
IND,208,7604,59467,23/03/2021,14:36:21,15,1,15.7,1.1,83.4,83.1,2,1,1.00,CYCLE,S
IND,208,7604,59467,23/03/2021,14:36:21,15,1,16.2,1.0,0.5,0.2,2,1,1.00,CYCLE,S
IND,208,7604,59466,23/03/2021,14:37:10,15,0,33.8,1.0,78.4,78.3,2,1,1.00,CYCLE,N
IND,208,7604,59466,23/03/2021,14:43:46,15,0,28.0,1.1,396.3,396.1,2,1,1.00,CYCLE,N
IND,208,7604,59467,23/03/2021,14:49:01,15,1,20.9,1.0,759.5,759.2,2,1,1.00,CYCLE,S
IND,208,7604,59467,23/03/2021,14:49:40,15,1,16.2,1.0,39.2,39.0,2,1,1.00,CYCLE,S
IND,208,7604,59466,23/03/2021,14:50:44,15,0,18.6,1.0,417.6,417.5,2,1,1.00,CYCLE,N
IND,208,7604,59466,23/03/2021,14:53:37,15,0,38.1,1.0,172.5,172.3,2,1,1.00,CYCLE,N
IND,208,7604,59467,23/03/2021,14:53:43,15,1,22.0,1.0,93.3,93.1,2,1,1.00,CYCLE,S
IND,208,7604,59467,23/03/2021,14:57:38,15,1,17.8,1.0,234.6,234.4,2,1,1.00,CYCLE,S
IND,208,7604,59467,23/03/2021,15:00:41,15,1,13.9,1.0,183.9,183.7,2,1,1.00,CYCLE,S
IND,208,7604,59467,23/03/2021,15:02:04,15,1,22.6,1.0,82.4,82.1,2,1,1.00,CYCLE,S
IND,208,7604,59466,23/03/2021,15:02:16,15,0,35.8,1.0,520.0,519.9,2,1,1.00,CYCLE,N
IND,208,7604,59467,23/03/2021,15:02:37,15,1,22.4,1.0,32.7,32.5,2,1,1.00,CYCLE,S
IND,208,7604,59466,23/03/2021,15:05:42,15,0,41.9,1.0,205.9,205.8,2,1,1.00,CYCLE,N
IND,208,7604,59466,23/03/2021,15:06:52,15,0,28.8,1.0,69.4,69.3,2,1,1.00,CYCLE,N
IND,208,7604,59466,23/03/2021,15:12:26,15,0,28.5,1.1,334.4,334.2,2,1,1.00,CYCLE,N
IND,208,7604,59466,23/03/2021,15:12:44,15,0,40.8,1.1,18.3,18.1,2,1,1.00,CYCLE,N
IND,208,7604,59466,23/03/2021,15:12:48,15,0,37.2,1.1,3.2,3.1,2,1,1.00,CYCLE,N
IND,208,7604,59466,23/03/2021,15:13:38,15,0,37.0,1.1,50.0,49.9,2,1,1.00,CYCLE,N
IND,208,7604,59466,23/03/2021,15:21:09,15,0,40.0,1.0,451.1,451.0,2,1,1.00,CYCLE,N
IND,208,7604,59467,23/03/2021,15:21:52,15,1,17.1,1.1,1155.4,1155.3,2,1,1.00,CYCLE,S
IND,208,7604,59467,23/03/2021,15:24:01,15,1,21.7,1.0,129.3,129.1,2,1,1.00,CYCLE,S
IND,208,7604,59467,23/03/2021,15:27:33,15,1,21.3,1.0,211.5,211.3,2,1,1.00,CYCLE,S
IND,208,7604,59467,23/03/2021,15:29:52,15,1,23.3,1.0,138.9,138.7,2,1,1.00,CYCLE,S
IND,208,7604,59466,23/03/2021,15:31:58,15,0,41.7,1.1,649.8,649.7,2,1,1.00,CYCLE,N
IND,208,7604,59467,23/03/2021,15:32:04,15,1,16.8,1.0,132.6,132.5,2,1,1.00,CYCLE,S
IND,208,7604,59466,23/03/2021,15:33:39,15,0,30.6,1.0,100.2,100.1,2,1,1.00,CYCLE,N
IND,208,7604,59467,23/03/2021,15:33:41,15,1,25.0,1.0,96.5,96.3,2,1,1.00,CYCLE,S
IND,208,7604,59467,23/03/2021,15:35:23,15,1,25.2,1.0,102.4,102.3,2,1,1.00,CYCLE,S
IND,208,7604,59467,23/03/2021,15:35:27,15,1,22.6,1.0,3.5,3.3,2,1,1.00,CYCLE,S
IND,208,7604,59467,23/03/2021,15:36:27,15,1,24.4,1.0,60.0,59.8,2,1,1.00,CYCLE,S
IND,208,7604,59466,23/03/2021,15:39:07,15,0,27.3,1.1,328.5,328.4,2,1,1.00,CYCLE,N
IND,208,7604,59467,23/03/2021,15:39:08,15,1,14.7,1.1,161.0,160.9,2,1,1.00,CYCLE,S
IND,208,7604,59466,23/03/2021,15:39:16,15,0,37.6,1.0,8.4,8.2,2,1,1.00,CYCLE,N
IND,208,7604,59466,23/03/2021,15:40:06,15,0,41.2,1.0,50.7,50.6,2,1,1.00,CYCLE,N
IND,208,7604,59466,23/03/2021,15:40:08,15,0,28.7,1.1,1.4,1.3,2,1,1.00,CYCLE,N
IND,208,7604,59467,23/03/2021,15:42:57,15,1,18.9,1.1,229.9,229.6,2,1,1.00,CYCLE,S
IND,208,7604,59467,23/03/2021,15:43:00,15,1,20.4,1.0,2.2,2.0,2,1,1.00,CYCLE,S
IND,208,7604,59466,23/03/2021,15:45:01,15,0,35.0,1.0,293.7,293.6,2,1,1.00,CYCLE,N
IND,208,7604,59466,23/03/2021,15:45:36,15,0,39.4,1.1,35.1,35.0,2,1,1.00,CYCLE,N
IND,208,7604,59466,23/03/2021,15:46:06,15,0,39.9,1.1,29.6,29.5,2,1,1.00,CYCLE,N
IND,208,7604,59467,23/03/2021,15:46:39,15,1,18.7,1.1,219.2,219.0,2,1,1.00,CYCLE,S
IND,208,7604,59467,23/03/2021,15:48:54,15,1,21.8,1.0,135.4,135.2,2,1,1.00,CYCLE,S
IND,208,7604,59466,23/03/2021,15:50:11,15,0,33.9,1.1,245.1,245.0,2,1,1.00,CYCLE,N
IND,208,7604,59467,23/03/2021,15:51:00,15,1,22.7,1.0,125.6,125.4,2,1,1.00,CYCLE,S
IND,208,7604,59467,23/03/2021,15:51:53,15,1,11.7,1.0,53.5,53.4,2,1,1.00,CYCLE,S
IND,208,7604,59467,23/03/2021,15:52:03,15,1,17.1,1.1,9.5,9.2,2,1,1.00,CYCLE,S
IND,208,7604,59466,23/03/2021,15:55:55,15,0,38.0,1.1,344.0,343.9,2,1,1.00,CYCLE,N
IND,208,7604,59466,23/03/2021,15:55:58,15,0,41.2,1.0,2.8,2.7,2,1,1.00,CYCLE,N
IND,208,7604,59467,23/03/2021,15:56:26,15,1,19.6,1.0,262.8,262.6,2,1,1.00,CYCLE,S
IND,208,7604,59466,23/03/2021,15:57:48,15,0,33.8,1.1,110.2,110.1,2,1,1.00,CYCLE,N
IND,208,7604,59467,23/03/2021,16:00:05,15,1,20.7,1.0,219.2,219.0,2,1,1.00,CYCLE,S
IND,208,7604,59467,23/03/2021,16:01:22,15,1,17.6,0.9,77.2,77.0,2,1,1.00,CYCLE,S
IND,208,7604,59466,23/03/2021,16:04:21,15,0,37.1,1.0,146.3,146.1,2,1,1.00,CYCLE,N
IND,208,7604,59466,23/03/2021,16:06:28,15,0,38.8,1.0,127.0,126.9,2,1,1.00,CYCLE,N
IND,208,7604,59466,23/03/2021,16:07:40,15,0,43.8,1.0,72.0,71.9,2,1,1.00,CYCLE,N
IND,208,7604,59466,23/03/2021,16:07:45,15,0,40.3,1.0,5.2,5.1,2,1,1.00,CYCLE,N
IND,208,7604,59466,23/03/2021,16:09:49,15,0,35.5,1.0,123.8,123.7,2,1,1.00,CYCLE,N
IND,208,7604,59467,23/03/2021,16:10:00,15,1,16.3,1.1,517.7,517.5,2,1,1.00,CYCLE,S
IND,208,7604,59466,23/03/2021,16:10:22,15,0,32.5,1.1,33.0,32.9,2,1,1.00,CYCLE,N
IND,208,7604,59467,23/03/2021,16:10:58,15,1,15.0,1.1,58.2,58.0,2,1,1.00,CYCLE,S
IND,208,7604,59466,23/03/2021,16:11:57,15,0,18.2,1.0,95.0,94.8,2,1,1.00,CYCLE,N
IND,208,7604,59466,23/03/2021,16:12:08,15,0,38.5,1.2,11.8,11.6,2,1,1.00,CYCLE,N
IND,208,7604,59466,23/03/2021,16:13:51,15,0,28.3,1.0,102.6,102.5,2,1,1.00,CYCLE,N
IND,208,7604,59466,23/03/2021,16:15:48,15,0,24.3,1.0,117.3,117.1,2,1,1.00,CYCLE,N
IND,208,7604,59466,23/03/2021,16:15:57,15,0,38.8,1.1,8.7,8.5,2,1,1.00,CYCLE,N
IND,208,7604,59466,23/03/2021,16:19:07,15,0,38.3,1.0,190.1,190.0,2,1,1.00,CYCLE,N
IND,208,7604,59467,23/03/2021,16:19:15,15,1,11.9,1.0,496.6,496.3,2,1,1.00,CYCLE,S
IND,208,7604,59467,23/03/2021,16:22:28,15,1,17.9,1.0,193.1,192.7,2,1,1.00,CYCLE,S
IND,208,7604,59467,23/03/2021,16:23:34,15,1,22.2,1.0,66.9,66.7,2,1,1.00,CYCLE,S
IND,208,7604,59466,23/03/2021,16:25:25,15,0,39.1,1.1,377.8,377.7,2,1,1.00,CYCLE,N
IND,208,7604,59466,23/03/2021,16:25:32,15,0,38.8,1.1,7.6,7.5,2,1,1.00,CYCLE,N
IND,208,7604,59466,23/03/2021,16:27:03,15,0,38.2,1.0,90.2,90.1,2,1,1.00,CYCLE,N
IND,208,7604,59466,23/03/2021,16:27:21,15,0,39.6,1.1,18.0,17.9,2,1,1.00,CYCLE,N
IND,208,7604,59466,23/03/2021,16:27:31,15,0,36.7,1.0,10.4,10.3,2,1,1.00,CYCLE,N
IND,208,7604,59467,23/03/2021,16:28:03,15,1,18.0,1.0,268.7,268.5,2,1,1.00,CYCLE,S
IND,208,7604,59466,23/03/2021,16:28:19,15,0,35.3,1.0,48.2,48.1,2,1,1.00,CYCLE,N
IND,208,7604,59466,23/03/2021,16:28:23,15,0,38.6,1.0,3.5,3.4,2,1,1.00,CYCLE,N
IND,208,7604,59467,23/03/2021,16:31:05,15,1,20.8,1.1,181.5,181.3,2,1,1.00,CYCLE,S
IND,208,7604,59466,23/03/2021,16:33:30,15,0,40.8,1.1,306.9,306.8,2,1,1.00,CYCLE,N
IND,208,7604,59467,23/03/2021,16:34:03,15,1,26.8,1.0,178.3,178.1,2,1,1.00,CYCLE,S
IND,208,7604,59467,23/03/2021,16:34:20,15,1,16.4,1.0,17.2,17.1,2,1,1.00,CYCLE,S
IND,208,7604,59466,23/03/2021,16:35:20,15,0,34.7,1.0,110.4,110.3,2,1,1.00,CYCLE,N
IND,208,7604,59466,23/03/2021,16:35:59,15,0,40.2,1.0,39.1,39.0,2,1,1.00,CYCLE,N
IND,208,7604,59466,23/03/2021,16:38:00,15,0,28.7,1.0,120.8,120.7,2,1,1.00,CYCLE,N
IND,208,7604,59467,23/03/2021,16:38:15,15,1,18.8,1.0,234.8,234.5,2,1,1.00,CYCLE,S
IND,208,7604,59467,23/03/2021,16:38:21,15,1,21.2,1.2,6.5,6.3,2,1,1.00,CYCLE,S
IND,208,7604,59466,23/03/2021,16:40:16,15,0,43.1,1.1,136.1,135.9,2,1,1.00,CYCLE,N
IND,208,7604,59467,23/03/2021,16:41:16,15,1,16.4,1.0,174.1,173.9,2,1,1.00,CYCLE,S
IND,208,7604,59466,23/03/2021,16:42:02,15,0,35.6,1.2,106.3,106.2,2,1,1.00,CYCLE,N
IND,208,7604,59467,23/03/2021,16:46:03,15,1,23.1,1.0,225.7,225.5,2,1,1.00,CYCLE,S
IND,208,7604,59466,23/03/2021,16:46:20,15,0,23.8,1.0,257.8,257.7,2,1,1.00,CYCLE,N
IND,208,7604,59466,23/03/2021,16:47:15,15,0,39.9,1.1,54.5,54.3,2,1,1.00,CYCLE,N
IND,208,7604,59467,23/03/2021,16:48:43,15,1,16.8,1.1,159.2,159.0,2,1,1.00,CYCLE,S
IND,208,7604,59467,23/03/2021,16:48:51,15,1,16.0,1.0,8.9,8.7,2,1,1.00,CYCLE,S
IND,208,7604,59467,23/03/2021,16:48:51,15,1,16.0,1.0,0.0,0.0,2,1,1.00,CYCLE,S
IND,208,7604,59466,23/03/2021,16:49:04,15,0,19.2,1.1,109.0,108.9,2,1,1.00,CYCLE,N
IND,208,7604,59466,23/03/2021,16:51:05,15,0,33.8,1.1,121.3,121.1,2,1,1.00,CYCLE,N
IND,208,7604,59466,23/03/2021,16:51:06,15,0,34.1,1.0,1.3,1.1,2,1,1.00,CYCLE,N
IND,208,7604,59466,23/03/2021,16:53:41,15,0,36.1,1.1,155.0,154.9,2,1,1.00,CYCLE,N
IND,208,7604,59466,23/03/2021,16:53:44,15,0,34.1,1.1,2.7,2.6,2,1,1.00,CYCLE,N
IND,208,7604,59466,23/03/2021,16:54:26,15,0,36.5,1.1,42.3,42.1,2,1,1.00,CYCLE,N
IND,208,7604,59467,23/03/2021,16:54:47,15,1,20.9,1.0,355.2,354.9,2,1,1.00,CYCLE,S
IND,208,7604,59466,23/03/2021,16:55:23,15,0,39.8,1.1,57.0,56.9,2,1,1.00,CYCLE,N
IND,208,7604,59466,23/03/2021,16:59:18,15,0,40.7,1.0,234.5,234.4,2,1,1.00,CYCLE,N
IND,208,7604,59467,23/03/2021,17:00:52,15,1,11.7,1.0,365.1,365.0,2,1,1.00,CYCLE,S
IND,208,7604,59467,23/03/2021,17:01:25,15,1,23.3,1.0,33.1,32.7,2,1,1.00,CYCLE,S
IND,208,7604,59466,23/03/2021,17:03:27,15,0,37.5,1.0,249.0,248.9,2,1,1.00,CYCLE,N
IND,208,7604,59467,23/03/2021,17:04:49,15,1,22.3,1.0,204.5,204.4,2,1,1.00,CYCLE,S
IND,208,7604,59467,23/03/2021,17:07:04,15,1,10.9,1.2,134.7,134.6,2,1,1.00,CYCLE,S
IND,208,7604,59466,23/03/2021,17:07:51,15,0,40.8,1.0,264.7,264.6,2,1,1.00,CYCLE,N
IND,208,7604,59466,23/03/2021,17:16:07,15,0,34.8,1.0,495.5,495.4,2,1,1.00,CYCLE,N
IND,208,7604,59466,23/03/2021,17:16:46,15,0,39.7,1.0,39.4,39.3,2,1,1.00,CYCLE,N
IND,208,7604,59466,23/03/2021,17:17:39,15,0,37.3,1.0,52.4,52.3,2,1,1.00,CYCLE,N
IND,208,7604,59467,23/03/2021,17:18:33,15,1,23.5,1.2,688.9,688.4,2,1,1.00,CYCLE,S
IND,208,7604,59466,23/03/2021,17:19:30,15,0,36.6,1.0,111.4,111.3,2,1,1.00,CYCLE,N
IND,208,7604,59466,23/03/2021,17:20:18,15,0,37.5,1.1,48.2,48.1,2,1,1.00,CYCLE,N
IND,208,7604,59466,23/03/2021,17:21:13,15,0,39.4,1.0,54.9,54.8,2,1,1.00,CYCLE,N
IND,208,7604,59467,23/03/2021,17:23:07,15,1,24.0,1.0,274.0,273.8,2,1,1.00,CYCLE,S
IND,208,7604,59467,23/03/2021,17:23:38,15,1,14.5,1.1,31.4,31.3,2,1,1.00,CYCLE,S
IND,208,7604,59466,23/03/2021,17:23:52,15,0,33.8,1.1,159.0,158.9,2,1,1.00,CYCLE,N
IND,208,7604,59467,23/03/2021,17:24:46,15,1,22.1,1.0,67.9,67.6,2,1,1.00,CYCLE,S
IND,208,7604,59466,23/03/2021,17:25:07,15,0,23.4,1.2,74.7,74.6,2,1,1.00,CYCLE,N
IND,208,7604,59467,23/03/2021,17:25:28,15,1,18.0,1.1,42.0,41.9,2,1,1.00,CYCLE,S
IND,208,7604,59466,23/03/2021,17:25:53,15,0,35.7,1.0,45.8,45.6,2,1,1.00,CYCLE,N
IND,208,7604,59467,23/03/2021,17:33:50,15,1,24.4,1.0,502.0,501.8,2,1,1.00,CYCLE,S
IND,208,7604,59466,23/03/2021,17:34:42,15,0,37.0,1.1,529.1,529.0,2,1,1.00,CYCLE,N
IND,208,7604,59466,23/03/2021,17:35:03,15,0,29.1,1.1,21.2,21.1,2,1,1.00,CYCLE,N
IND,208,7604,59466,23/03/2021,17:35:07,15,0,40.5,1.0,4.2,4.1,2,1,1.00,CYCLE,N
IND,208,7604,59467,23/03/2021,17:35:21,15,1,25.6,1.1,90.7,90.6,2,1,1.00,CYCLE,S
IND,208,7604,59467,23/03/2021,17:35:50,15,1,17.3,1.0,28.6,28.5,2,1,1.00,CYCLE,S
IND,208,7604,59467,23/03/2021,17:38:05,15,1,19.4,1.0,135.8,135.6,2,1,1.00,CYCLE,S
IND,208,7604,59466,23/03/2021,17:39:53,15,0,39.5,1.1,285.7,285.6,2,1,1.00,CYCLE,N
IND,208,7604,59466,23/03/2021,17:40:13,15,0,41.6,1.2,20.4,20.3,2,1,1.00,CYCLE,N
IND,208,7604,59466,23/03/2021,17:40:14,15,0,41.1,1.0,1.0,0.9,2,1,1.00,CYCLE,N
IND,208,7604,59466,23/03/2021,17:41:00,15,0,33.6,1.0,46.1,46.1,2,1,1.00,CYCLE,N
IND,208,7604,59466,23/03/2021,17:41:19,15,0,22.4,1.0,19.1,19.0,2,1,1.00,CYCLE,N
IND,208,7604,59466,23/03/2021,17:41:22,15,0,19.7,1.0,2.7,2.5,2,1,1.00,CYCLE,N
IND,208,7604,59466,23/03/2021,17:43:08,15,0,34.7,1.0,105.4,105.2,2,1,1.00,CYCLE,N
IND,208,7604,59466,23/03/2021,17:43:12,15,0,35.3,1.1,4.3,4.2,2,1,1.00,CYCLE,N
IND,208,7604,59466,23/03/2021,17:43:14,15,0,35.9,1.0,2.4,2.3,2,1,1.00,CYCLE,N
IND,208,7604,59467,23/03/2021,17:46:03,15,1,15.2,1.1,477.6,477.5,2,1,1.00,CYCLE,S
IND,208,7604,59467,23/03/2021,17:46:05,15,1,14.1,1.0,2.5,2.2,2,1,1.00,CYCLE,S
IND,208,7604,59466,23/03/2021,17:46:28,15,0,15.3,1.1,193.8,193.7,2,1,1.00,CYCLE,N
IND,208,7604,59466,23/03/2021,17:46:29,15,0,15.8,1.0,1.2,1.0,2,1,1.00,CYCLE,N
IND,208,7604,59466,23/03/2021,17:47:12,15,0,36.2,1.0,42.4,42.2,2,1,1.00,CYCLE,N
IND,208,7604,59466,23/03/2021,17:47:51,15,0,38.7,1.0,39.2,39.1,2,1,1.00,CYCLE,N
IND,208,7604,59467,23/03/2021,17:55:35,15,1,16.0,1.1,569.2,568.9,2,1,1.00,CYCLE,S
IND,208,7604,59466,23/03/2021,17:57:35,15,0,37.7,1.0,584.0,583.9,2,1,1.00,CYCLE,N
IND,208,7604,59466,23/03/2021,17:59:18,15,0,39.6,1.1,102.6,102.5,2,1,1.00,CYCLE,N
IND,208,7604,59466,23/03/2021,18:04:44,15,0,25.9,1.0,326.7,326.6,2,1,1.00,CYCLE,N
IND,208,7604,59466,23/03/2021,18:05:14,15,0,36.6,1.1,29.7,29.6,2,1,1.00,CYCLE,N
IND,208,7604,59466,23/03/2021,18:06:08,15,0,33.2,1.2,54.1,54.0,2,1,1.00,CYCLE,N
IND,208,7604,59467,23/03/2021,18:08:31,15,1,15.8,1.0,776.2,776.0,2,1,1.00,CYCLE,S
IND,208,7604,59466,23/03/2021,18:08:51,15,0,21.2,1.0,162.5,162.4,2,1,1.00,CYCLE,N
IND,208,7604,59467,23/03/2021,18:09:01,15,1,20.2,1.0,30.4,30.2,2,1,1.00,CYCLE,S
IND,208,7604,59466,23/03/2021,18:10:06,15,0,39.3,1.0,75.7,75.5,2,1,1.00,CYCLE,N
IND,208,7604,59466,23/03/2021,18:10:50,15,0,37.8,1.0,43.6,43.5,2,1,1.00,CYCLE,N
IND,208,7604,59467,23/03/2021,18:17:43,15,1,10.9,0.9,522.0,521.9,2,1,1.00,CYCLE,S
IND,208,7604,59466,23/03/2021,18:20:42,15,0,44.1,1.0,592.2,592.1,2,1,1.00,CYCLE,N
IND,208,7604,59466,23/03/2021,18:22:25,15,0,41.0,1.0,102.4,102.3,2,1,1.00,CYCLE,N
IND,208,7604,59466,23/03/2021,18:24:21,15,0,35.8,1.0,116.7,116.6,2,1,1.00,CYCLE,N
IND,208,7604,59466,23/03/2021,18:28:04,15,0,39.1,1.1,222.8,222.7,2,1,1.00,CYCLE,N
IND,208,7604,59466,23/03/2021,18:31:42,15,0,39.1,1.1,217.5,217.4,2,1,1.00,CYCLE,N
IND,208,7604,59467,23/03/2021,18:32:33,15,1,19.7,1.0,889.8,889.4,2,1,1.00,CYCLE,S
IND,208,7604,59466,23/03/2021,18:44:42,15,0,34.1,1.1,780.2,780.1,2,1,1.00,CYCLE,N
IND,208,7604,59466,23/03/2021,18:46:35,15,0,35.4,1.1,113.6,113.5,2,1,1.00,CYCLE,N
IND,208,7604,59466,23/03/2021,18:47:13,15,0,38.9,1.1,38.0,37.9,2,1,1.00,CYCLE,N
IND,208,7604,59466,23/03/2021,18:55:34,15,0,38.0,1.1,500.2,500.1,2,1,1.00,CYCLE,N
IND,208,7604,59467,23/03/2021,18:55:54,15,1,25.7,1.0,1191.4,1191.1,2,1,1.00,CYCLE,S
IND,208,7604,59466,23/03/2021,19:02:40,15,0,39.3,1.0,346.1,345.9,2,1,1.00,CYCLE,N
IND,208,7604,59466,23/03/2021,19:03:28,15,0,30.9,1.0,47.2,47.2,2,1,1.00,CYCLE,N
IND,208,7604,59467,23/03/2021,19:17:32,15,1,14.1,1.0,1298.1,1298.0,2,1,1.00,CYCLE,S
IND,208,7604,59467,23/03/2021,19:17:32,15,1,14.1,1.0,0.0,0.0,2,1,1.00,CYCLE,S
IND,208,7604,59467,23/03/2021,19:24:49,15,1,17.7,1.1,436.9,436.6,2,1,1.00,CYCLE,S
IND,208,7604,59467,23/03/2021,19:51:17,15,1,22.5,1.1,475.9,475.7,2,1,1.00,CYCLE,S
IND,208,7604,59466,23/03/2021,21:09:42,15,0,26.3,1.0,7574.3,7574.1,2,1,1.00,CYCLE,N
IND,208,7604,59467,23/03/2021,21:20:42,15,1,20.1,1.0,5365.4,5365.2,2,1,1.00,CYCLE,S
IND,208,7604,59467,23/03/2021,21:30:33,15,1,16.9,1.0,590.7,590.5,2,1,0.80,CYCLE,S
IND,208,7604,59467,24/03/2021,05:06:38,15,1,18.5,1.0,27364.9,27364.7,2,1,1.00,CYCLE,S
IND,208,7604,59467,24/03/2021,05:18:27,15,1,17.7,1.1,709.3,709.1,2,1,1.00,CYCLE,S
IND,208,7604,59467,24/03/2021,05:20:29,15,1,22.4,1.1,122.1,121.9,2,1,1.00,CYCLE,S
IND,208,7604,59467,24/03/2021,05:23:20,15,1,20.2,1.0,171.1,170.9,2,1,1.00,CYCLE,S
IND,208,7604,59467,24/03/2021,05:23:33,15,1,29.2,1.1,13.1,12.9,2,1,1.00,CYCLE,S
IND,208,7604,59466,24/03/2021,05:25:35,15,0,29.6,1.1,29753.2,29753.1,2,1,1.00,CYCLE,N
IND,208,7604,59466,24/03/2021,05:27:03,15,0,19.5,1.0,88.0,87.8,2,1,1.00,CYCLE,N
IND,208,7604,59466,24/03/2021,05:32:44,15,0,35.2,1.0,341.0,340.8,2,1,1.00,CYCLE,N
IND,208,7604,59467,24/03/2021,05:34:04,15,1,20.2,1.1,630.4,630.3,2,1,1.00,CYCLE,S
IND,208,7604,59467,24/03/2021,05:42:31,15,1,21.2,1.0,71.8,71.8,2,1,1.00,CYCLE,S
IND,208,7604,59467,24/03/2021,05:42:48,15,1,15.8,1.0,16.5,16.4,2,1,1.00,CYCLE,S
IND,208,7604,59467,24/03/2021,05:45:26,15,1,20.5,1.1,158.7,158.5,2,1,1.00,CYCLE,S
IND,208,7604,59467,24/03/2021,05:50:50,15,1,15.0,1.0,324.1,323.9,2,1,1.00,CYCLE,S
IND,208,7604,59466,24/03/2021,05:51:14,15,0,17.5,1.0,1109.6,1109.5,2,1,1.00,CYCLE,N
IND,208,7604,59466,24/03/2021,05:51:14,15,0,29.0,1.1,0.8,0.6,2,1,1.00,CYCLE,N
IND,208,7604,59467,24/03/2021,05:52:15,15,1,20.7,0.9,84.3,84.0,2,1,1.00,CYCLE,S
IND,208,7604,59467,24/03/2021,05:52:45,15,1,21.9,1.0,30.8,30.7,2,1,1.00,CYCLE,S
IND,208,7604,59467,24/03/2021,05:52:45,15,1,21.9,1.0,0.0,0.0,2,1,1.00,CYCLE,S
IND,208,7604,59467,24/03/2021,05:53:13,15,1,20.6,1.0,27.4,27.2,2,1,1.00,CYCLE,S
IND,208,7604,59466,24/03/2021,05:55:49,15,0,41.9,1.1,274.3,274.1,2,1,1.00,CYCLE,N
IND,208,7604,59467,24/03/2021,05:57:41,15,1,20.0,1.0,268.3,268.1,2,1,1.00,CYCLE,S
IND,208,7604,59467,24/03/2021,05:58:21,15,1,21.7,1.0,39.5,39.3,2,1,1.00,CYCLE,S
IND,208,7604,59466,24/03/2021,06:04:15,15,0,26.0,1.0,506.6,506.5,2,1,1.00,CYCLE,N
IND,208,7604,59467,24/03/2021,06:04:22,15,1,24.8,1.0,361.2,361.0,2,1,1.00,CYCLE,S
IND,208,7604,59467,24/03/2021,06:07:55,15,1,14.9,1.1,212.8,212.7,2,1,1.00,CYCLE,S
IND,208,7604,59467,24/03/2021,06:08:07,15,1,16.5,1.0,11.9,11.7,2,1,1.00,CYCLE,S
IND,208,7604,59467,24/03/2021,06:08:24,15,1,17.2,1.1,17.6,17.4,2,1,1.00,CYCLE,S
IND,208,7604,59467,24/03/2021,06:10:24,15,1,13.5,1.1,119.8,119.6,2,1,1.00,CYCLE,S
IND,208,7604,59466,24/03/2021,06:11:21,15,0,35.6,1.0,426.1,425.9,2,1,1.00,CYCLE,N
IND,208,7604,59467,24/03/2021,06:13:17,15,1,14.4,1.1,172.6,172.3,2,1,1.00,CYCLE,S
IND,208,7604,59467,24/03/2021,06:14:00,15,1,18.8,1.0,43.3,43.0,2,1,1.00,CYCLE,S
IND,208,7604,59466,24/03/2021,06:15:53,15,0,35.6,1.0,272.1,272.0,2,1,1.00,CYCLE,N
IND,208,7604,59466,24/03/2021,06:19:00,15,0,35.9,1.0,187.0,186.9,2,1,1.00,CYCLE,N
IND,208,7604,59466,24/03/2021,06:21:17,15,0,39.0,1.0,136.8,136.7,2,1,1.00,CYCLE,N
IND,208,7604,59467,24/03/2021,06:22:27,15,1,16.1,1.0,400.6,400.4,2,1,1.00,CYCLE,S
IND,208,7604,59467,24/03/2021,06:22:27,15,1,16.1,1.0,0.0,0.0,2,1,1.00,CYCLE,S
IND,208,7604,59466,24/03/2021,06:23:20,15,0,33.7,1.0,122.7,122.7,2,1,1.00,CYCLE,N
IND,208,7604,59467,24/03/2021,06:25:02,15,1,17.4,1.0,155.0,154.6,2,1,1.00,CYCLE,S
IND,208,7604,59467,24/03/2021,06:26:01,15,1,19.1,1.0,58.4,58.2,2,1,1.00,CYCLE,S
IND,208,7604,59467,24/03/2021,06:31:00,15,1,17.5,1.0,299.5,299.3,2,1,1.00,CYCLE,S
IND,208,7604,59467,24/03/2021,06:32:55,15,1,16.1,1.1,115.3,115.1,2,1,1.00,CYCLE,S
IND,208,7604,59467,24/03/2021,06:33:11,15,1,23.0,1.0,15.2,14.9,2,1,1.00,CYCLE,S
IND,208,7604,59467,24/03/2021,06:35:08,15,1,16.0,1.0,104.2,104.1,2,1,1.00,CYCLE,S
IND,208,7604,59467,24/03/2021,06:35:10,15,1,17.3,1.1,1.8,1.5,2,1,1.00,CYCLE,S
IND,208,7604,59467,24/03/2021,06:36:13,15,1,21.6,1.0,63.4,63.2,2,1,1.00,CYCLE,S
IND,208,7604,59467,24/03/2021,06:37:53,15,1,21.7,1.1,99.7,99.5,2,1,1.00,CYCLE,S
IND,208,7604,59467,24/03/2021,06:38:28,15,1,20.8,1.0,35.2,35.0,2,1,1.00,CYCLE,S
IND,208,7604,59467,24/03/2021,06:39:31,15,1,33.4,1.0,62.7,62.5,2,1,0.80,CYCLE,S
IND,208,7604,59467,24/03/2021,06:39:32,15,1,32.1,0.9,0.9,0.8,2,1,1.00,CYCLE,S
IND,208,7604,59467,24/03/2021,06:39:39,15,1,22.9,1.1,6.8,6.8,2,1,1.00,CYCLE,S
IND,208,7604,59467,24/03/2021,06:39:55,15,1,20.2,1.0,16.3,16.1,2,1,1.00,CYCLE,S
IND,208,7604,59467,24/03/2021,06:39:56,15,1,19.7,1.0,0.8,0.7,2,1,1.00,CYCLE,S
IND,208,7604,59467,24/03/2021,06:40:31,15,1,28.4,1.0,35.3,35.1,2,1,1.00,CYCLE,S
IND,208,7604,59467,24/03/2021,06:40:32,15,1,29.0,1.0,0.3,0.2,2,1,1.00,CYCLE,S
IND,208,7604,59467,24/03/2021,06:40:56,15,1,26.6,1.0,24.0,23.9,2,1,1.00,CYCLE,S
IND,208,7604,59467,24/03/2021,06:41:28,15,1,25.8,1.0,32.9,32.7,2,1,1.00,CYCLE,S
IND,208,7604,59467,24/03/2021,06:41:29,15,1,25.4,1.0,0.3,0.2,2,1,1.00,CYCLE,S
IND,208,7604,59467,24/03/2021,06:41:29,15,1,26.0,1.0,0.5,0.3,2,1,1.00,CYCLE,S
IND,208,7604,59467,24/03/2021,06:41:53,15,1,19.5,1.0,23.4,23.2,2,1,1.00,CYCLE,S
IND,208,7604,59467,24/03/2021,06:42:38,15,1,19.7,1.1,45.2,45.0,2,1,1.00,CYCLE,S
IND,208,7604,59467,24/03/2021,06:42:39,15,1,18.6,1.0,1.7,1.5,2,1,1.00,CYCLE,S
IND,208,7604,59467,24/03/2021,06:42:42,15,1,17.5,1.0,2.5,2.3,2,1,1.00,CYCLE,S
IND,208,7604,59467,24/03/2021,06:42:44,15,1,20.7,1.0,1.9,1.6,2,1,1.00,CYCLE,S
IND,208,7604,59467,24/03/2021,06:43:42,15,1,24.3,1.1,58.5,58.3,2,1,1.00,CYCLE,S
IND,208,7604,59467,24/03/2021,06:43:53,15,1,22.3,1.0,10.6,10.4,2,1,1.00,CYCLE,S
IND,208,7604,59467,24/03/2021,06:44:34,15,1,18.1,1.0,41.0,40.8,2,1,1.00,CYCLE,S
IND,208,7604,59467,24/03/2021,06:44:40,15,1,18.2,1.1,6.6,6.4,2,1,1.00,CYCLE,S
IND,208,7604,59466,24/03/2021,06:46:25,15,0,31.4,1.1,1385.3,1385.2,2,1,1.00,CYCLE,N
IND,208,7604,59466,24/03/2021,06:49:25,15,0,23.2,1.1,179.8,179.7,2,1,1.00,CYCLE,N
IND,208,7604,59467,24/03/2021,06:51:40,15,1,16.2,1.1,419.5,419.3,2,1,1.00,CYCLE,S
IND,208,7604,59467,24/03/2021,06:51:41,15,1,15.1,1.0,1.4,1.1,2,1,1.00,CYCLE,S
IND,208,7604,59467,24/03/2021,06:51:57,15,1,20.4,1.0,15.4,15.1,2,1,1.00,CYCLE,S
IND,208,7604,59467,24/03/2021,06:53:10,15,1,18.3,1.1,73.1,72.9,2,1,1.00,CYCLE,S
IND,208,7604,59466,24/03/2021,06:53:18,15,0,38.0,1.1,232.7,232.5,2,1,1.00,CYCLE,N
IND,208,7604,59467,24/03/2021,06:53:58,15,1,20.8,1.0,48.2,48.0,2,1,1.00,CYCLE,S
IND,208,7604,59467,24/03/2021,06:54:19,15,1,16.9,1.1,21.3,21.1,2,1,1.00,CYCLE,S
IND,208,7604,59467,24/03/2021,06:54:28,15,1,21.4,1.1,8.6,8.3,2,1,1.00,CYCLE,S
IND,208,7604,59467,24/03/2021,06:54:29,15,1,17.5,1.0,0.9,0.7,2,1,1.00,CYCLE,S
IND,208,7604,59466,24/03/2021,06:54:50,15,0,28.6,1.0,92.2,92.1,2,1,1.00,CYCLE,N
IND,208,7604,59467,24/03/2021,06:55:02,15,1,19.3,1.0,32.9,32.6,2,1,1.00,CYCLE,S
IND,208,7604,59466,24/03/2021,06:55:11,15,0,26.9,1.0,21.1,21.0,2,1,1.00,CYCLE,N
IND,208,7604,59466,24/03/2021,06:55:17,15,0,32.5,1.0,5.5,5.3,2,1,1.00,CYCLE,N
IND,208,7604,59466,24/03/2021,06:55:41,15,0,34.4,1.0,24.3,24.2,2,1,1.00,CYCLE,N
IND,208,7604,59466,24/03/2021,06:57:20,15,0,35.2,1.0,98.7,98.5,2,1,1.00,CYCLE,N
IND,208,7604,59466,24/03/2021,06:57:21,15,0,33.1,1.0,1.4,1.3,2,1,1.00,CYCLE,N
IND,208,7604,59466,24/03/2021,06:57:23,15,0,32.5,1.0,1.8,1.7,2,1,1.00,CYCLE,N
IND,208,7604,59467,24/03/2021,06:57:36,15,1,19.9,1.0,154.0,153.8,2,1,1.00,CYCLE,S
IND,208,7604,59467,24/03/2021,06:57:38,15,1,18.9,1.0,1.9,1.7,2,1,1.00,CYCLE,S
IND,208,7604,59467,24/03/2021,06:58:28,15,1,21.3,1.0,50.7,50.5,2,1,1.00,CYCLE,S
IND,208,7604,59467,24/03/2021,06:58:31,15,1,27.1,1.1,3.0,2.8,2,1,1.00,CYCLE,S
IND,208,7604,59467,24/03/2021,06:59:30,15,1,20.2,1.1,58.5,58.4,2,1,1.00,CYCLE,S
IND,208,7604,59467,24/03/2021,06:59:44,15,1,12.9,1.0,14.4,14.2,2,1,1.00,CYCLE,S
IND,208,7604,59466,24/03/2021,07:00:16,15,0,40.2,1.1,173.3,173.1,2,1,1.00,CYCLE,N
IND,208,7604,59467,24/03/2021,07:00:35,15,1,22.2,1.0,50.6,50.3,2,1,1.00,CYCLE,S
IND,208,7604,59467,24/03/2021,07:00:56,15,1,23.1,1.1,21.1,20.9,2,1,1.00,CYCLE,S
IND,208,7604,59467,24/03/2021,07:01:30,15,1,19.8,1.0,34.5,34.4,2,1,1.00,CYCLE,S
IND,208,7604,59467,24/03/2021,07:02:08,15,1,20.5,1.0,37.5,37.3,2,1,1.00,CYCLE,S
IND,208,7604,59467,24/03/2021,07:02:59,15,1,21.0,1.0,51.5,51.3,2,1,1.00,CYCLE,S
IND,208,7604,59466,24/03/2021,07:03:55,15,0,35.3,1.0,219.1,219.0,2,1,1.00,CYCLE,N
IND,208,7604,59466,24/03/2021,07:04:00,15,0,32.2,1.0,4.7,4.6,2,1,0.50,CYCLE,N
IND,208,7604,59467,24/03/2021,07:04:00,15,1,32.2,1.0,0.0,0.0,2,1,0.50,CYCLE,S
IND,208,7604,59466,24/03/2021,07:05:14,15,0,32.1,1.1,74.5,74.1,2,1,1.00,CYCLE,N
IND,208,7604,59466,24/03/2021,07:05:16,15,0,33.4,1.1,1.6,1.5,2,1,1.00,CYCLE,N
IND,208,7604,59467,24/03/2021,07:05:28,15,1,16.1,1.0,148.5,148.3,2,1,1.00,CYCLE,S
IND,208,7604,59467,24/03/2021,07:06:46,15,1,19.1,1.0,78.5,78.2,2,1,1.00,CYCLE,S
IND,208,7604,59467,24/03/2021,07:07:35,15,1,17.4,1.1,49.3,49.1,2,1,1.00,CYCLE,S
IND,208,7604,59466,24/03/2021,07:07:51,15,0,33.5,1.0,155.4,155.3,2,1,1.00,CYCLE,N
IND,208,7604,59466,24/03/2021,07:07:57,15,0,31.8,1.0,5.2,5.1,2,1,1.00,CYCLE,N
IND,208,7604,59466,24/03/2021,07:09:34,15,0,41.3,1.0,97.3,97.2,2,1,1.00,CYCLE,N
IND,208,7604,59467,24/03/2021,07:09:55,15,1,25.8,1.1,139.9,139.6,2,1,1.00,CYCLE,S
IND,208,7604,59467,24/03/2021,07:12:15,15,1,23.1,1.0,139.4,139.3,2,1,1.00,CYCLE,S
IND,208,7604,59466,24/03/2021,07:12:33,15,0,35.2,1.0,179.2,179.2,2,1,1.00,CYCLE,N
IND,208,7604,59467,24/03/2021,07:14:47,15,1,15.1,1.0,152.1,152.0,2,1,1.00,CYCLE,S
IND,208,7604,59467,24/03/2021,07:16:31,15,1,24.5,1.1,104.4,104.1,2,1,1.00,CYCLE,S
IND,208,7604,59467,24/03/2021,07:17:00,15,1,22.1,1.0,28.5,28.4,2,1,1.00,CYCLE,S
IND,208,7604,59467,24/03/2021,07:17:02,15,1,17.6,1.0,1.8,1.7,2,1,1.00,CYCLE,S
IND,208,7604,59467,24/03/2021,07:18:12,15,1,26.3,1.2,70.6,70.4,2,1,1.00,CYCLE,S
IND,208,7604,59467,24/03/2021,07:19:23,15,1,19.9,1.1,70.5,70.3,2,1,1.00,CYCLE,S
IND,208,7604,59467,24/03/2021,07:20:23,15,1,22.2,1.1,59.9,59.7,2,1,1.00,CYCLE,S
IND,208,7604,59466,24/03/2021,07:24:17,15,0,41.8,1.1,704.0,703.9,2,1,1.00,CYCLE,N
IND,208,7604,59466,24/03/2021,07:24:22,15,0,33.6,1.1,5.2,5.1,2,1,1.00,CYCLE,N
IND,208,7604,59467,24/03/2021,07:30:42,15,1,18.9,1.1,593.5,593.3,2,1,1.00,CYCLE,S
IND,208,7604,59467,24/03/2021,07:32:51,15,1,20.6,1.0,128.6,128.4,2,1,1.00,CYCLE,S
IND,208,7604,59467,24/03/2021,07:33:05,15,1,20.6,1.0,13.6,13.4,2,1,1.00,CYCLE,S
IND,208,7604,59466,24/03/2021,07:35:14,15,0,32.7,1.0,651.3,651.1,2,1,1.00,CYCLE,N
IND,208,7604,59466,24/03/2021,07:40:05,15,0,32.5,1.1,291.2,291.1,2,1,1.00,CYCLE,N
IND,208,7604,59466,24/03/2021,07:43:26,15,0,31.3,1.1,201.1,201.0,2,1,1.00,CYCLE,N
IND,208,7604,59467,24/03/2021,07:44:02,15,1,26.3,1.1,657.4,657.2,2,1,1.00,CYCLE,S
IND,208,7604,59467,24/03/2021,07:45:22,15,1,18.2,1.0,79.9,79.8,2,1,1.00,CYCLE,S
IND,208,7604,59467,24/03/2021,07:45:23,15,1,17.8,1.0,1.6,1.4,2,1,1.00,CYCLE,S
IND,208,7604,59467,24/03/2021,07:45:24,15,1,17.2,1.0,0.9,0.7,2,1,1.00,CYCLE,S
IND,208,7604,59467,24/03/2021,07:45:25,15,1,17.1,1.0,0.8,0.6,2,1,1.00,CYCLE,S
IND,208,7604,59467,24/03/2021,07:45:27,15,1,18.9,1.2,1.6,1.4,2,1,1.00,CYCLE,S
IND,208,7604,59467,24/03/2021,07:45:28,15,1,19.4,1.1,0.9,0.7,2,1,1.00,CYCLE,S
IND,208,7604,59467,24/03/2021,07:48:35,15,1,18.2,1.0,187.6,187.4,2,1,1.00,CYCLE,S
IND,208,7604,59466,24/03/2021,07:49:18,15,0,33.6,1.1,351.9,351.7,2,1,1.00,CYCLE,N
IND,208,7604,59467,24/03/2021,07:49:26,15,1,15.4,1.0,50.6,50.4,2,1,1.00,CYCLE,S
IND,208,7604,59467,24/03/2021,07:49:27,15,1,16.2,1.0,0.6,0.4,2,1,1.00,CYCLE,S
IND,208,7604,59467,24/03/2021,07:51:04,15,1,11.6,1.1,97.1,96.9,2,1,1.00,CYCLE,S
IND,208,7604,59466,24/03/2021,07:54:26,15,0,33.8,1.1,308.5,308.4,2,1,1.00,CYCLE,N
IND,208,7604,59467,24/03/2021,07:55:31,15,1,17.3,1.0,267.5,267.1,2,1,1.00,CYCLE,S
IND,208,7604,59467,24/03/2021,07:57:28,15,1,16.0,1.1,117.3,117.1,2,1,1.00,CYCLE,S
IND,208,7604,59466,24/03/2021,07:57:51,15,0,38.9,1.0,205.1,204.9,2,1,1.00,CYCLE,N
IND,208,7604,59467,24/03/2021,07:59:25,15,1,18.8,1.1,116.3,116.1,2,1,1.00,CYCLE,S
IND,208,7604,59467,24/03/2021,08:03:09,15,1,20.9,1.1,223.9,223.7,2,1,1.00,CYCLE,S
IND,208,7604,59466,24/03/2021,08:03:37,15,0,32.2,1.0,345.1,345.1,2,1,1.00,CYCLE,N
IND,208,7604,59467,24/03/2021,08:05:20,15,1,24.1,1.1,130.9,130.7,2,1,1.00,CYCLE,S
IND,208,7604,59466,24/03/2021,08:07:31,15,0,39.6,1.0,234.5,234.3,2,1,1.00,CYCLE,N
IND,208,7604,59466,24/03/2021,08:09:16,15,0,34.6,1.1,105.4,105.3,2,1,1.00,CYCLE,N
IND,208,7604,59467,24/03/2021,08:09:36,15,1,15.6,1.0,256.2,256.1,2,1,1.00,CYCLE,S
IND,208,7604,59467,24/03/2021,08:14:51,15,1,19.3,1.0,314.9,314.6,2,1,1.00,CYCLE,S
IND,208,7604,59467,24/03/2021,08:15:11,15,1,16.4,1.1,20.0,19.8,2,1,1.00,CYCLE,S
IND,208,7604,59467,24/03/2021,08:16:27,15,1,14.4,1.0,76.6,76.3,2,1,1.00,CYCLE,S
IND,208,7604,59466,24/03/2021,08:17:06,15,0,33.4,1.1,469.9,469.8,2,1,1.00,CYCLE,N
IND,208,7604,59466,24/03/2021,08:25:44,15,0,36.0,1.0,517.5,517.4,2,1,1.00,CYCLE,N
IND,208,7604,59466,24/03/2021,08:25:45,15,0,37.5,1.0,1.5,1.4,2,1,1.00,CYCLE,N
IND,208,7604,59467,24/03/2021,08:25:50,15,1,16.2,1.0,562.7,562.4,2,1,1.00,CYCLE,S
IND,208,7604,59466,24/03/2021,08:31:14,15,0,38.1,1.0,329.1,329.0,2,1,1.00,CYCLE,N
IND,208,7604,59467,24/03/2021,08:43:12,15,1,14.6,1.0,1042.0,1041.8,2,1,1.00,CYCLE,S
IND,208,7604,59466,24/03/2021,08:51:40,15,0,37.3,1.1,1225.4,1225.4,2,1,1.00,CYCLE,N
IND,208,7604,59466,24/03/2021,09:03:25,15,0,34.0,1.0,705.2,705.1,2,1,1.00,CYCLE,N
IND,208,7604,59466,24/03/2021,09:14:58,15,0,22.1,1.0,693.0,692.9,2,1,1.00,CYCLE,N
IND,208,7604,59467,24/03/2021,09:17:23,15,1,14.6,1.0,2038.0,2037.8,2,1,1.00,CYCLE,S
IND,208,7604,59466,24/03/2021,09:23:20,15,0,22.7,1.0,502.5,502.3,2,1,1.00,CYCLE,N
IND,208,7604,59466,24/03/2021,09:27:18,15,0,38.7,1.0,237.3,237.1,2,1,1.00,CYCLE,N
IND,208,7604,59467,24/03/2021,09:31:51,15,1,13.0,1.1,868.3,868.1,2,1,1.00,CYCLE,S
IND,208,7604,59467,24/03/2021,09:49:16,15,1,17.1,1.1,1044.7,1044.4,2,1,1.00,CYCLE,S
IND,208,7604,59467,24/03/2021,09:55:35,15,1,12.4,1.1,379.5,379.3,2,1,1.00,CYCLE,S
IND,208,7604,59466,24/03/2021,10:00:46,15,0,28.7,1.0,2008.7,2008.6,2,1,1.00,CYCLE,N
IND,208,7604,59467,24/03/2021,10:11:33,15,1,18.2,1.0,958.0,957.6,2,1,1.00,CYCLE,S
IND,208,7604,59466,24/03/2021,10:18:26,15,0,37.8,1.0,1059.2,1059.1,2,1,1.00,CYCLE,N
IND,208,7604,59466,24/03/2021,10:23:51,15,0,38.8,1.0,325.0,324.9,2,1,1.00,CYCLE,N
IND,208,7604,59467,24/03/2021,10:25:50,15,1,10.7,1.1,856.7,856.6,2,1,1.00,CYCLE,S
IND,208,7604,59466,24/03/2021,10:30:28,15,0,35.5,1.0,397.8,397.7,2,1,1.00,CYCLE,N
IND,208,7604,59467,24/03/2021,10:49:57,15,1,22.5,1.0,1446.9,1446.4,2,1,1.00,CYCLE,S
IND,208,7604,59466,24/03/2021,11:02:49,15,0,36.2,1.1,1940.9,1940.8,2,1,1.00,CYCLE,N
IND,208,7604,59467,24/03/2021,11:08:40,15,1,17.9,1.0,1123.2,1123.0,2,1,1.00,CYCLE,S
IND,208,7604,59467,24/03/2021,11:12:02,15,1,13.0,1.1,201.5,201.3,2,1,1.00,CYCLE,S
IND,208,7604,59467,24/03/2021,11:12:15,15,1,14.7,1.1,13.8,13.5,2,1,1.00,CYCLE,S
IND,208,7604,59467,24/03/2021,11:12:21,15,1,17.3,1.0,6.2,5.9,2,1,1.00,CYCLE,S
IND,208,7604,59466,24/03/2021,11:19:10,15,0,34.5,1.0,981.0,980.9,2,1,1.00,CYCLE,N
IND,208,7604,59466,24/03/2021,11:23:21,15,0,34.7,1.1,250.8,250.7,2,1,1.00,CYCLE,N
IND,208,7604,59467,24/03/2021,11:23:43,15,1,25.0,1.0,681.4,681.2,2,1,1.00,CYCLE,S
IND,208,7604,59467,24/03/2021,11:27:13,15,1,20.4,1.0,209.8,209.7,2,1,1.00,CYCLE,S
IND,208,7604,59466,24/03/2021,11:31:29,15,0,24.0,1.1,487.6,487.4,2,1,1.00,CYCLE,N
IND,208,7604,59466,24/03/2021,11:33:41,15,0,38.3,1.1,131.9,131.8,2,1,1.00,CYCLE,N
IND,208,7604,59466,24/03/2021,11:35:05,15,0,30.7,1.1,84.6,84.5,2,1,1.00,CYCLE,N
IND,208,7604,59466,24/03/2021,11:35:06,15,0,30.5,1.1,0.7,0.6,2,1,1.00,CYCLE,N
IND,208,7604,59466,24/03/2021,11:37:28,15,0,35.5,1.0,141.7,141.6,2,1,1.00,CYCLE,N
IND,208,7604,59467,24/03/2021,11:39:11,15,1,19.6,1.2,718.5,718.3,2,1,1.00,CYCLE,S
IND,208,7604,59467,24/03/2021,11:42:01,15,1,14.9,1.1,169.6,169.4,2,1,1.00,CYCLE,S
IND,208,7604,59466,24/03/2021,11:45:50,15,0,38.5,1.0,502.4,502.3,2,1,1.00,CYCLE,N
IND,208,7604,59466,24/03/2021,11:48:29,15,0,38.9,1.1,159.4,159.3,2,1,1.00,CYCLE,N
IND,208,7604,59467,24/03/2021,11:52:42,15,1,17.9,1.0,640.9,640.6,2,1,1.00,CYCLE,S
IND,208,7604,59466,24/03/2021,11:53:02,15,0,17.8,1.0,272.3,272.1,2,1,1.00,CYCLE,N
IND,208,7604,59467,24/03/2021,11:55:44,15,1,17.3,1.0,182.0,181.8,2,1,1.00,CYCLE,S
IND,208,7604,59467,24/03/2021,11:55:44,15,1,17.3,1.0,0.0,0.0,2,1,1.00,CYCLE,S
IND,208,7604,59467,24/03/2021,12:00:52,15,1,15.7,1.1,308.2,307.8,2,1,1.00,CYCLE,S
IND,208,7604,59466,24/03/2021,12:06:49,15,0,28.7,1.1,827.2,827.0,2,1,1.00,CYCLE,N
IND,208,7604,59467,24/03/2021,12:09:54,15,1,16.1,1.0,542.4,542.2,2,1,1.00,CYCLE,S
IND,208,7604,59466,24/03/2021,12:10:54,15,0,39.8,1.0,244.8,244.6,2,1,1.00,CYCLE,N
IND,208,7604,59466,24/03/2021,12:19:33,15,0,30.8,1.0,519.1,519.0,2,1,1.00,CYCLE,N
IND,208,7604,59466,24/03/2021,12:21:44,15,0,40.5,1.0,131.5,131.4,2,1,1.00,CYCLE,N
IND,208,7604,59467,24/03/2021,12:30:17,15,1,16.5,1.0,1223.2,1223.0,2,1,1.00,CYCLE,S
IND,208,7604,59467,24/03/2021,12:33:15,15,1,14.2,1.1,177.8,177.6,2,1,1.00,CYCLE,S
IND,208,7604,59466,24/03/2021,12:36:18,15,0,36.2,1.1,873.4,873.3,2,1,1.00,CYCLE,N
IND,208,7604,59466,24/03/2021,12:36:20,15,0,37.5,1.0,2.7,2.6,2,1,1.00,CYCLE,N
IND,208,7604,59466,24/03/2021,12:40:45,15,0,25.8,1.1,264.8,264.7,2,1,1.00,CYCLE,N
IND,208,7604,59467,24/03/2021,12:45:38,15,1,15.2,1.1,742.4,742.2,2,1,1.00,CYCLE,S
IND,208,7604,59467,24/03/2021,12:47:19,15,1,18.8,1.0,101.6,101.3,2,1,1.00,CYCLE,S
IND,208,7604,59467,24/03/2021,12:47:19,15,1,18.8,1.0,0.0,0.0,2,1,1.00,CYCLE,S
IND,208,7604,59466,24/03/2021,12:53:36,15,0,38.9,1.0,770.5,770.4,2,1,1.00,CYCLE,N
IND,208,7604,59467,24/03/2021,12:53:45,15,1,12.1,1.0,385.7,385.4,2,1,1.00,CYCLE,S
IND,208,7604,59466,24/03/2021,13:03:51,15,0,41.8,1.0,615.6,615.5,2,1,1.00,CYCLE,N
IND,208,7604,59466,24/03/2021,13:08:03,15,0,23.1,1.0,251.5,251.4,2,1,1.00,CYCLE,N
IND,208,7604,59466,24/03/2021,13:08:03,15,0,26.0,1.1,0.6,0.4,2,1,1.00,CYCLE,N
IND,208,7604,59466,24/03/2021,13:08:38,15,0,35.9,1.0,34.2,34.0,2,1,1.00,CYCLE,N
IND,208,7604,59467,24/03/2021,13:12:00,15,1,23.4,1.0,1095.2,1094.9,2,1,1.00,CYCLE,S
IND,208,7604,59467,24/03/2021,13:22:19,15,1,13.4,1.0,618.3,618.2,2,1,1.00,CYCLE,S
IND,208,7604,59466,24/03/2021,13:22:32,15,0,37.7,1.2,834.2,834.1,2,1,1.00,CYCLE,N
IND,208,7604,59467,24/03/2021,13:25:13,15,1,14.8,1.0,174.2,173.9,2,1,1.00,CYCLE,S
IND,208,7604,59466,24/03/2021,13:25:27,15,0,42.7,1.1,175.0,174.9,2,1,1.00,CYCLE,N
IND,208,7604,59467,24/03/2021,13:31:18,15,1,23.4,1.0,365.2,364.9,2,1,1.00,CYCLE,S
IND,208,7604,59466,24/03/2021,13:40:19,15,0,34.4,1.0,892.2,892.1,2,1,1.00,CYCLE,N
IND,208,7604,59467,24/03/2021,13:55:18,15,1,12.1,1.0,1440.1,1440.0,2,1,1.00,CYCLE,S
IND,208,7604,59467,24/03/2021,13:55:23,15,1,19.6,1.0,5.1,4.7,2,1,1.00,CYCLE,S
IND,208,7604,59466,24/03/2021,13:56:17,15,0,22.8,1.1,957.9,957.8,2,1,1.00,CYCLE,N
IND,208,7604,59466,24/03/2021,14:03:01,15,0,37.7,1.0,404.6,404.4,2,1,1.00,CYCLE,N
IND,208,7604,59467,24/03/2021,14:03:43,15,1,15.9,1.0,456.1,455.9,2,1,1.00,CYCLE,S
IND,208,7604,59466,24/03/2021,14:04:06,15,0,13.1,1.1,64.2,64.1,2,1,1.00,CYCLE,N
IND,208,7604,59466,24/03/2021,14:04:46,15,0,26.3,1.0,40.5,40.2,2,1,1.00,CYCLE,N
IND,208,7604,59466,24/03/2021,14:04:46,15,0,26.3,1.0,0.0,0.0,2,1,1.00,CYCLE,N
IND,208,7604,59467,24/03/2021,14:11:45,15,1,18.3,1.0,481.8,481.5,2,1,1.00,CYCLE,S
IND,208,7604,59466,24/03/2021,14:12:15,15,0,31.2,1.0,448.5,448.3,2,1,1.00,CYCLE,N
IND,208,7604,59467,24/03/2021,14:12:36,15,1,14.5,1.0,51.7,51.5,2,1,1.00,CYCLE,S
IND,208,7604,59466,24/03/2021,14:13:08,15,0,33.1,1.1,53.7,53.6,2,1,1.00,CYCLE,N
IND,208,7604,59466,24/03/2021,14:20:36,15,0,32.6,1.1,447.5,447.4,2,1,1.00,CYCLE,N
IND,208,7604,59467,24/03/2021,14:21:33,15,1,18.9,1.0,537.1,536.8,2,1,1.00,CYCLE,S
IND,208,7604,59466,24/03/2021,14:25:26,15,0,43.3,1.0,290.2,290.1,2,1,1.00,CYCLE,N
IND,208,7604,59467,24/03/2021,14:26:23,15,1,10.7,1.1,289.4,289.3,2,1,1.00,CYCLE,S
IND,208,7604,59466,24/03/2021,14:29:14,15,0,33.8,1.0,227.9,227.8,2,1,1.00,CYCLE,N
IND,208,7604,59467,24/03/2021,14:29:36,15,1,19.5,1.0,193.4,193.0,2,1,1.00,CYCLE,S
IND,208,7604,59466,24/03/2021,14:32:52,15,0,39.7,1.1,218.0,217.9,2,1,1.00,CYCLE,N
IND,208,7604,59467,24/03/2021,14:32:59,15,1,14.7,1.1,202.5,202.3,2,1,1.00,CYCLE,S
IND,208,7604,59467,24/03/2021,14:34:53,15,1,15.8,1.1,113.7,113.5,2,1,1.00,CYCLE,S
IND,208,7604,59467,24/03/2021,14:39:23,15,1,17.0,1.0,270.6,270.3,2,1,1.00,CYCLE,S
IND,208,7604,59467,24/03/2021,14:44:37,15,1,16.1,1.0,314.0,313.8,2,1,1.00,CYCLE,S
IND,208,7604,59467,24/03/2021,14:44:38,15,1,15.7,1.0,1.0,0.7,2,1,1.00,CYCLE,S
IND,208,7604,59467,24/03/2021,14:45:38,15,1,19.0,1.0,59.8,59.5,2,1,1.00,CYCLE,S
IND,208,7604,59467,24/03/2021,14:45:40,15,1,20.8,1.0,2.2,2.0,2,1,1.00,CYCLE,S
IND,208,7604,59466,24/03/2021,14:46:53,15,0,31.0,1.0,672.7,672.5,2,1,1.00,CYCLE,N
IND,208,7604,59466,24/03/2021,14:49:51,15,0,39.6,1.0,177.8,177.7,2,1,1.00,CYCLE,N
IND,208,7604,59467,24/03/2021,14:52:31,15,1,16.5,1.0,410.8,410.7,2,1,1.00,CYCLE,S
IND,208,7604,59467,24/03/2021,14:53:03,15,1,12.1,1.0,32.2,32.0,2,1,1.00,CYCLE,S
IND,208,7604,59466,24/03/2021,14:53:43,15,0,38.3,1.0,232.2,232.1,2,1,1.00,CYCLE,N
IND,208,7604,59466,24/03/2021,14:53:57,15,0,36.4,1.0,14.0,13.9,2,1,1.00,CYCLE,N
IND,208,7604,59467,24/03/2021,14:57:05,15,1,12.7,1.0,242.0,241.7,2,1,1.00,CYCLE,S
IND,208,7604,59466,24/03/2021,14:57:31,15,0,14.9,1.0,214.6,214.5,2,1,1.00,CYCLE,N
IND,208,7604,59467,24/03/2021,15:03:33,15,1,12.6,1.1,388.0,387.7,2,1,1.00,CYCLE,S
IND,208,7604,59466,24/03/2021,15:06:33,15,0,35.7,1.1,541.4,541.1,2,1,1.00,CYCLE,N
IND,208,7604,59466,24/03/2021,15:07:07,15,0,37.6,1.0,34.1,34.0,2,1,1.00,CYCLE,N
IND,208,7604,59466,24/03/2021,15:08:02,15,0,35.1,1.1,55.1,55.0,2,1,1.00,CYCLE,N
IND,208,7604,59467,24/03/2021,15:09:48,15,1,17.9,1.1,375.2,374.9,2,1,1.00,CYCLE,S
IND,208,7604,59466,24/03/2021,15:11:01,15,0,35.0,1.1,179.2,179.1,2,1,1.00,CYCLE,N
IND,208,7604,59467,24/03/2021,15:14:09,15,1,18.9,1.1,261.0,260.8,2,1,1.00,CYCLE,S
IND,208,7604,59466,24/03/2021,15:15:16,15,0,33.2,1.1,254.9,254.8,2,1,1.00,CYCLE,N
IND,208,7604,59466,24/03/2021,15:15:39,15,0,40.8,1.0,22.7,22.6,2,1,1.00,CYCLE,N
IND,208,7604,59466,24/03/2021,15:17:10,15,0,30.5,1.1,91.6,91.5,2,1,1.00,CYCLE,N
IND,208,7604,59467,24/03/2021,15:17:26,15,1,18.5,1.0,196.6,196.4,2,1,1.00,CYCLE,S
IND,208,7604,59467,24/03/2021,15:18:42,15,1,22.6,1.0,76.3,76.1,2,1,1.00,CYCLE,S
IND,208,7604,59467,24/03/2021,15:24:25,15,1,17.2,1.0,342.8,342.7,2,1,1.00,CYCLE,S
IND,208,7604,59466,24/03/2021,15:25:15,15,0,24.8,1.1,255.1,255.0,2,1,1.00,CYCLE,N
IND,208,7604,59466,24/03/2021,15:26:16,15,0,38.3,1.0,60.6,60.5,2,1,1.00,CYCLE,N
IND,208,7604,59466,24/03/2021,15:26:32,15,0,39.6,1.0,16.9,16.8,2,1,1.00,CYCLE,N
IND,208,7604,59466,24/03/2021,15:30:06,15,0,41.4,1.1,214.0,213.9,2,1,1.00,CYCLE,N
IND,208,7604,59467,24/03/2021,15:31:11,15,1,18.8,1.1,406.2,406.0,2,1,1.00,CYCLE,S
IND,208,7604,59467,24/03/2021,15:31:22,15,1,19.0,1.0,10.7,10.5,2,1,1.00,CYCLE,S
IND,208,7604,59467,24/03/2021,15:31:29,15,1,18.5,1.0,7.2,7.1,2,1,1.00,CYCLE,S
IND,208,7604,59466,24/03/2021,15:35:25,15,0,41.5,1.2,318.2,318.1,2,1,1.00,CYCLE,N
IND,208,7604,59466,24/03/2021,15:35:54,15,0,38.1,1.2,29.1,29.0,2,1,1.00,CYCLE,N
IND,208,7604,59466,24/03/2021,15:37:40,15,0,39.3,1.0,106.6,106.4,2,1,1.00,CYCLE,N
IND,208,7604,59466,24/03/2021,15:41:02,15,0,39.1,1.0,201.6,201.5,2,1,1.00,CYCLE,N
IND,208,7604,59467,24/03/2021,15:41:14,15,1,24.3,1.0,584.4,584.2,2,1,1.00,CYCLE,S
IND,208,7604,59466,24/03/2021,15:42:03,15,0,39.9,1.0,60.9,60.9,2,1,1.00,CYCLE,N
IND,208,7604,59467,24/03/2021,15:42:59,15,1,10.3,1.1,105.8,105.7,2,1,1.00,CYCLE,S
IND,208,7604,59466,24/03/2021,15:45:28,15,0,37.5,1.1,205.4,205.3,2,1,1.00,CYCLE,N
IND,208,7604,59467,24/03/2021,15:46:39,15,1,19.6,1.0,219.5,219.1,2,1,1.00,CYCLE,S
IND,208,7604,59466,24/03/2021,15:47:20,15,0,36.5,1.0,112.0,111.8,2,1,1.00,CYCLE,N
IND,208,7604,59466,24/03/2021,15:48:08,15,0,42.8,1.1,48.3,48.2,2,1,1.00,CYCLE,N
IND,208,7604,59466,24/03/2021,15:49:01,15,0,36.6,1.1,52.6,52.5,2,1,1.00,CYCLE,N
IND,208,7604,59466,24/03/2021,15:49:02,15,0,36.8,1.1,0.8,0.7,2,1,1.00,CYCLE,N
IND,208,7604,59466,24/03/2021,15:51:46,15,0,37.7,1.0,164.6,164.5,2,1,1.00,CYCLE,N
IND,208,7604,59467,24/03/2021,15:55:57,15,1,20.6,1.0,558.2,558.0,2,1,1.00,CYCLE,S
IND,208,7604,59466,24/03/2021,15:56:41,15,0,38.3,1.0,294.6,294.5,2,1,1.00,CYCLE,N
IND,208,7604,59466,24/03/2021,15:57:19,15,0,29.9,1.1,38.2,38.1,2,1,1.00,CYCLE,N
IND,208,7604,59466,24/03/2021,15:57:21,15,0,27.5,1.0,1.6,1.4,2,1,1.00,CYCLE,N
IND,208,7604,59467,24/03/2021,16:05:10,15,1,16.4,1.0,553.2,553.0,2,1,1.00,CYCLE,S
IND,208,7604,59467,24/03/2021,16:05:16,15,1,13.3,1.0,5.7,5.5,2,1,1.00,CYCLE,S
IND,208,7604,59466,24/03/2021,16:06:10,15,0,35.1,1.1,529.8,529.7,2,1,1.00,CYCLE,N
IND,208,7604,59466,24/03/2021,16:07:05,15,0,38.1,1.0,54.9,54.8,2,1,1.00,CYCLE,N
IND,208,7604,59466,24/03/2021,16:07:15,15,0,42.4,1.1,9.9,9.8,2,1,1.00,CYCLE,N
IND,208,7604,59467,24/03/2021,16:07:30,15,1,26.2,1.0,133.8,133.5,2,1,1.00,CYCLE,S
IND,208,7604,59467,24/03/2021,16:09:14,15,1,18.2,1.1,104.5,104.4,2,1,1.00,CYCLE,S
IND,208,7604,59467,24/03/2021,16:09:51,15,1,7.1,0.6,37.2,37.1,2,1,1.00,CYCLE,S
IND,208,7604,59467,24/03/2021,16:11:02,15,1,16.8,1.0,70.3,69.9,2,1,1.00,CYCLE,S
IND,208,7604,59466,24/03/2021,16:11:53,15,0,33.7,1.1,240.2,240.1,2,1,1.00,CYCLE,N
IND,208,7604,59466,24/03/2021,16:12:05,15,0,35.2,1.0,12.2,12.1,2,1,1.00,CYCLE,N
IND,208,7604,59466,24/03/2021,16:16:29,15,0,45.8,1.1,263.7,263.6,2,1,1.00,CYCLE,N
IND,208,7604,59466,24/03/2021,16:18:49,15,0,39.0,1.1,140.4,140.4,2,1,1.00,CYCLE,N
IND,208,7604,59466,24/03/2021,16:19:54,15,0,43.5,1.1,64.3,64.2,2,1,1.00,CYCLE,N
IND,208,7604,59466,24/03/2021,16:20:02,15,0,36.4,1.1,8.7,8.6,2,1,1.00,CYCLE,N
IND,208,7604,59467,24/03/2021,16:23:08,15,1,16.3,1.0,726.1,725.8,2,1,1.00,CYCLE,S
IND,208,7604,59466,24/03/2021,16:26:00,15,0,35.9,1.1,357.8,357.7,2,1,1.00,CYCLE,N
IND,208,7604,59467,24/03/2021,16:26:08,15,1,18.3,1.0,180.5,180.3,2,1,1.00,CYCLE,S
IND,208,7604,59466,24/03/2021,16:26:25,15,0,37.5,1.0,25.3,25.2,2,1,1.00,CYCLE,N
IND,208,7604,59466,24/03/2021,16:27:02,15,0,38.9,1.0,36.9,36.8,2,1,1.00,CYCLE,N
IND,208,7604,59466,24/03/2021,16:30:01,15,0,25.9,1.0,178.4,178.3,2,1,1.00,CYCLE,N
IND,208,7604,59467,24/03/2021,16:30:47,15,1,22.8,1.0,278.7,278.5,2,1,1.00,CYCLE,S
IND,208,7604,59467,24/03/2021,16:30:50,15,1,23.6,1.0,2.6,2.4,2,1,1.00,CYCLE,S
IND,208,7604,59467,24/03/2021,16:31:06,15,1,21.3,1.0,16.3,16.2,2,1,1.00,CYCLE,S
IND,208,7604,59467,24/03/2021,16:32:29,15,1,11.5,1.1,83.1,82.9,2,1,1.00,CYCLE,S
IND,208,7604,59467,24/03/2021,16:32:30,15,1,20.5,1.0,1.3,1.0,2,1,1.00,CYCLE,S
IND,208,7604,59466,24/03/2021,16:32:44,15,0,26.1,1.1,163.6,163.5,2,1,1.00,CYCLE,N
IND,208,7604,59466,24/03/2021,16:33:49,15,0,40.1,1.0,64.9,64.8,2,1,1.00,CYCLE,N
IND,208,7604,59466,24/03/2021,16:34:38,15,0,41.6,1.0,48.8,48.7,2,1,1.00,CYCLE,N
IND,208,7604,59466,24/03/2021,16:34:48,15,0,38.3,1.0,9.8,9.7,2,1,1.00,CYCLE,N
IND,208,7604,59467,24/03/2021,16:35:00,15,1,12.4,1.0,149.3,149.2,2,1,1.00,CYCLE,S
IND,208,7604,59467,24/03/2021,16:36:04,15,1,18.6,1.1,64.9,64.5,2,1,1.00,CYCLE,S
IND,208,7604,59467,24/03/2021,16:36:08,15,1,21.2,1.1,3.9,3.7,2,1,1.00,CYCLE,S
IND,208,7604,59467,24/03/2021,16:36:38,15,1,17.2,1.0,29.1,28.9,2,1,1.00,CYCLE,S
IND,208,7604,59467,24/03/2021,16:41:50,15,1,12.9,1.1,312.2,312.0,2,1,1.00,CYCLE,S
IND,208,7604,59467,24/03/2021,16:43:00,15,1,16.8,1.1,70.1,69.8,2,1,1.00,CYCLE,S
IND,208,7604,59467,24/03/2021,16:43:30,15,1,12.6,1.0,30.6,30.4,2,1,1.00,CYCLE,S
IND,208,7604,59467,24/03/2021,16:43:44,15,1,22.9,1.0,13.5,13.2,2,1,1.00,CYCLE,S
IND,208,7604,59467,24/03/2021,16:43:56,15,1,21.6,1.0,12.0,11.8,2,1,1.00,CYCLE,S
IND,208,7604,59467,24/03/2021,16:44:05,15,1,20.9,1.0,8.8,8.6,2,1,1.00,CYCLE,S
IND,208,7604,59466,24/03/2021,16:44:35,15,0,36.9,1.0,587.4,587.3,2,1,1.00,CYCLE,N
IND,208,7604,59467,24/03/2021,16:46:14,15,1,13.0,1.1,129.0,128.9,2,1,1.00,CYCLE,S
IND,208,7604,59467,24/03/2021,16:47:23,15,1,20.3,1.0,69.4,69.0,2,1,1.00,CYCLE,S
IND,208,7604,59467,24/03/2021,16:49:12,15,1,22.6,1.0,109.4,109.3,2,1,1.00,CYCLE,S
IND,208,7604,59467,24/03/2021,16:50:05,15,1,24.4,1.0,52.4,52.2,2,1,1.00,CYCLE,S
IND,208,7604,59466,24/03/2021,16:50:36,15,0,36.2,1.0,361.1,361.0,2,1,1.00,CYCLE,N
IND,208,7604,59466,24/03/2021,16:51:05,15,0,39.6,1.1,28.2,28.1,2,1,1.00,CYCLE,N
IND,208,7604,59466,24/03/2021,16:51:06,15,0,40.6,1.1,1.2,1.1,2,1,1.00,CYCLE,N
IND,208,7604,59466,24/03/2021,16:51:26,15,0,38.9,1.1,20.5,20.4,2,1,1.00,CYCLE,N
IND,208,7604,59466,24/03/2021,16:52:20,15,0,33.2,1.0,53.9,53.8,2,1,1.00,CYCLE,N
IND,208,7604,59467,24/03/2021,16:55:04,15,1,13.5,1.0,298.8,298.7,2,1,1.00,CYCLE,S
IND,208,7604,59466,24/03/2021,16:56:04,15,0,38.1,1.0,223.7,223.6,2,1,1.00,CYCLE,N
IND,208,7604,59466,24/03/2021,16:57:00,15,0,38.0,1.0,56.4,56.3,2,1,1.00,CYCLE,N
IND,208,7604,59466,24/03/2021,16:58:35,15,0,17.3,0.5,94.6,94.5,2,1,1.00,CYCLE,N
IND,208,7604,59466,24/03/2021,16:59:20,15,0,39.0,1.0,45.3,45.2,2,1,1.00,CYCLE,N
IND,208,7604,59467,24/03/2021,17:00:45,15,1,17.9,1.0,341.6,341.3,2,1,1.00,CYCLE,S
IND,208,7604,59467,24/03/2021,17:00:46,15,1,17.9,1.0,1.2,1.0,2,1,1.00,CYCLE,S
IND,208,7604,59467,24/03/2021,17:00:46,15,1,17.9,1.0,0.0,0.0,2,1,1.00,CYCLE,S
IND,208,7604,59467,24/03/2021,17:02:05,15,1,16.2,1.0,78.9,78.7,2,1,1.00,CYCLE,S
IND,208,7604,59466,24/03/2021,17:02:24,15,0,19.3,1.0,183.9,183.8,2,1,1.00,CYCLE,N
IND,208,7604,59466,24/03/2021,17:03:31,15,0,20.1,1.1,67.0,66.8,2,1,1.00,CYCLE,N
IND,208,7604,59466,24/03/2021,17:04:13,15,0,38.6,1.0,42.5,42.4,2,1,1.00,CYCLE,N
IND,208,7604,59467,24/03/2021,17:04:38,15,1,23.9,1.0,152.7,152.4,2,1,1.00,CYCLE,S
IND,208,7604,59467,24/03/2021,17:04:55,15,1,20.5,1.1,17.2,17.0,2,1,1.00,CYCLE,S
IND,208,7604,59466,24/03/2021,17:05:01,15,0,28.1,1.1,47.4,47.3,2,1,1.00,CYCLE,N
IND,208,7604,59466,24/03/2021,17:05:25,15,0,41.7,1.1,24.3,24.2,2,1,1.00,CYCLE,N
IND,208,7604,59467,24/03/2021,17:05:27,15,1,24.8,1.0,32.3,32.1,2,1,1.00,CYCLE,S
IND,208,7604,59466,24/03/2021,17:05:33,15,0,33.3,1.0,7.9,7.9,2,1,1.00,CYCLE,N
IND,208,7604,59466,24/03/2021,17:05:40,15,0,38.0,1.0,6.7,6.6,2,1,1.00,CYCLE,N
IND,208,7604,59467,24/03/2021,17:07:48,15,1,14.3,1.0,140.5,140.4,2,1,1.00,CYCLE,S
IND,208,7604,59467,24/03/2021,17:08:19,15,1,23.0,1.0,30.7,30.5,2,1,1.00,CYCLE,S
IND,208,7604,59467,24/03/2021,17:09:53,15,1,16.9,1.1,94.0,93.9,2,1,1.00,CYCLE,S
IND,208,7604,59466,24/03/2021,17:11:18,15,0,36.2,1.0,338.5,338.4,2,1,1.00,CYCLE,N
IND,208,7604,59466,24/03/2021,17:11:23,15,0,42.1,1.1,4.7,4.6,2,1,1.00,CYCLE,N
IND,208,7604,59466,24/03/2021,17:11:59,15,0,35.0,1.1,35.9,35.8,2,1,1.00,CYCLE,N
IND,208,7604,59467,24/03/2021,17:12:18,15,1,21.8,1.0,145.6,145.4,2,1,1.00,CYCLE,S
IND,208,7604,59466,24/03/2021,17:14:53,15,0,38.4,1.1,174.4,174.3,2,1,1.00,CYCLE,N
IND,208,7604,59466,24/03/2021,17:15:12,15,0,37.7,1.0,18.3,18.2,2,1,1.00,CYCLE,N
IND,208,7604,59466,24/03/2021,17:15:34,15,0,39.3,1.1,21.9,21.8,2,1,1.00,CYCLE,N
IND,208,7604,59467,24/03/2021,17:17:08,15,1,23.2,1.0,289.8,289.7,2,1,1.00,CYCLE,S
IND,208,7604,59467,24/03/2021,17:17:19,15,1,18.4,1.0,10.4,10.3,2,1,1.00,CYCLE,S
IND,208,7604,59466,24/03/2021,17:18:33,15,0,38.2,1.0,179.8,179.7,2,1,1.00,CYCLE,N
IND,208,7604,59466,24/03/2021,17:19:45,15,0,32.2,1.0,71.6,71.5,2,1,1.00,CYCLE,N
IND,208,7604,59467,24/03/2021,17:19:48,15,1,22.5,1.0,148.9,148.6,2,1,1.00,CYCLE,S
IND,208,7604,59466,24/03/2021,17:20:04,15,0,42.8,1.1,19.5,19.4,2,1,1.00,CYCLE,N
IND,208,7604,59466,24/03/2021,17:21:19,15,0,39.2,1.2,74.9,74.8,2,1,1.00,CYCLE,N
IND,208,7604,59466,24/03/2021,17:22:20,15,0,38.8,1.0,60.9,60.8,2,1,1.00,CYCLE,N
IND,208,7604,59466,24/03/2021,17:25:56,15,0,39.9,1.0,215.6,215.5,2,1,1.00,CYCLE,N
IND,208,7604,59466,24/03/2021,17:26:13,15,0,37.8,1.0,17.0,16.9,2,1,1.00,CYCLE,N
IND,208,7604,59467,24/03/2021,17:26:52,15,1,16.2,1.1,424.2,424.1,2,1,1.00,CYCLE,S
IND,208,7604,59466,24/03/2021,17:27:11,15,0,29.0,1.1,57.8,57.7,2,1,1.00,CYCLE,N
IND,208,7604,59466,24/03/2021,17:29:38,15,0,35.7,1.1,147.0,146.9,2,1,1.00,CYCLE,N
IND,208,7604,59466,24/03/2021,17:29:46,15,0,36.9,1.0,8.2,8.0,2,1,1.00,CYCLE,N
IND,208,7604,59466,24/03/2021,17:30:40,15,0,38.9,1.0,54.8,54.7,2,1,1.00,CYCLE,N
IND,208,7604,59467,24/03/2021,17:31:04,15,1,17.4,1.1,252.6,252.3,2,1,1.00,CYCLE,S
IND,208,7604,59466,24/03/2021,17:31:06,15,0,37.2,1.2,25.7,25.6,2,1,1.00,CYCLE,N
IND,208,7604,59466,24/03/2021,17:31:07,15,0,37.0,1.0,0.5,0.3,2,1,1.00,CYCLE,N
IND,208,7604,59466,24/03/2021,17:32:03,15,0,37.2,1.1,56.8,56.7,2,1,1.00,CYCLE,N
IND,208,7604,59466,24/03/2021,17:34:00,15,0,17.3,1.1,116.4,116.3,2,1,1.00,CYCLE,N
IND,208,7604,59466,24/03/2021,17:35:57,15,0,37.5,1.0,116.9,116.7,2,1,1.00,CYCLE,N
IND,208,7604,59467,24/03/2021,17:38:10,15,1,17.6,1.1,425.3,425.1,2,1,1.00,CYCLE,S
IND,208,7604,59466,24/03/2021,17:38:23,15,0,43.1,1.0,146.6,146.5,2,1,1.00,CYCLE,N
IND,208,7604,59466,24/03/2021,17:40:38,15,0,38.8,1.0,134.4,134.3,2,1,1.00,CYCLE,N
IND,208,7604,59466,24/03/2021,17:41:11,15,0,36.6,1.1,33.6,33.5,2,1,1.00,CYCLE,N
IND,208,7604,59466,24/03/2021,17:43:59,15,0,38.4,1.1,167.8,167.7,2,1,1.00,CYCLE,N
IND,208,7604,59467,24/03/2021,17:44:03,15,1,16.7,1.0,353.4,353.2,2,1,1.00,CYCLE,S
IND,208,7604,59466,24/03/2021,17:44:07,15,0,36.5,1.0,8.1,8.0,2,1,1.00,CYCLE,N
IND,208,7604,59466,24/03/2021,17:44:10,15,0,37.0,1.0,2.4,2.3,2,1,1.00,CYCLE,N
IND,208,7604,59466,24/03/2021,17:44:37,15,0,37.1,1.1,27.6,27.5,2,1,1.00,CYCLE,N
IND,208,7604,59467,24/03/2021,17:45:10,15,1,17.1,1.1,67.4,67.2,2,1,1.00,CYCLE,S
IND,208,7604,59467,24/03/2021,17:46:09,15,1,17.9,1.0,59.1,58.8,2,1,1.00,CYCLE,S
IND,208,7604,59466,24/03/2021,17:46:44,15,0,23.9,1.1,127.1,126.9,2,1,1.00,CYCLE,N
IND,208,7604,59466,24/03/2021,17:47:11,15,0,40.3,1.0,26.2,26.0,2,1,1.00,CYCLE,N
IND,208,7604,59466,24/03/2021,17:49:45,15,0,36.0,1.0,154.6,154.5,2,1,1.00,CYCLE,N
IND,208,7604,59466,24/03/2021,17:50:19,15,0,17.3,1.1,34.0,33.9,2,1,1.00,CYCLE,N
IND,208,7604,59466,24/03/2021,17:50:46,15,0,38.5,1.1,27.0,26.8,2,1,1.00,CYCLE,N
IND,208,7604,59466,24/03/2021,17:50:47,15,0,37.6,1.0,0.8,0.7,2,1,1.00,CYCLE,N
IND,208,7604,59467,24/03/2021,17:51:42,15,1,20.9,1.1,332.6,332.4,2,1,1.00,CYCLE,S
IND,208,7604,59466,24/03/2021,17:52:50,15,0,34.8,1.0,122.7,122.6,2,1,1.00,CYCLE,N
IND,208,7604,59467,24/03/2021,18:00:35,15,1,15.0,1.0,533.1,533.0,2,1,1.00,CYCLE,S
IND,208,7604,59467,24/03/2021,18:04:29,15,1,24.2,1.0,234.1,233.8,2,1,1.00,CYCLE,S
IND,208,7604,59466,24/03/2021,18:07:30,15,0,40.8,1.1,880.1,880.0,2,1,1.00,CYCLE,N
IND,208,7604,59466,24/03/2021,18:09:09,15,0,40.1,1.0,98.8,98.7,2,1,1.00,CYCLE,N
IND,208,7604,59466,24/03/2021,18:17:07,15,0,36.8,1.0,478.0,477.9,2,1,1.00,CYCLE,N
IND,208,7604,59466,24/03/2021,18:17:54,15,0,39.5,1.1,47.2,47.0,2,1,1.00,CYCLE,N
IND,208,7604,59467,24/03/2021,18:18:39,15,1,21.8,1.0,850.2,850.0,2,1,1.00,CYCLE,S
IND,208,7604,59466,24/03/2021,18:20:19,15,0,38.3,1.1,145.2,145.1,2,1,1.00,CYCLE,N
IND,208,7604,59466,24/03/2021,18:22:56,15,0,36.9,1.0,157.1,157.0,2,1,1.00,CYCLE,N
IND,208,7604,59467,24/03/2021,18:24:16,15,1,19.1,1.0,336.9,336.7,2,1,1.00,CYCLE,S
IND,208,7604,59466,24/03/2021,18:27:59,15,0,35.0,1.1,0.8,0.7,2,1,1.00,CYCLE,N
IND,208,7604,59466,24/03/2021,18:28:01,15,0,34.5,1.1,1.2,1.1,2,1,1.00,CYCLE,N
IND,208,7604,59466,24/03/2021,18:37:20,15,0,43.4,1.1,559.3,559.2,2,1,1.00,CYCLE,N
IND,208,7604,59466,24/03/2021,18:38:21,15,0,42.1,1.0,61.5,61.4,2,1,1.00,CYCLE,N
IND,208,7604,59466,24/03/2021,18:40:00,15,0,38.3,1.1,98.5,98.4,2,1,1.00,CYCLE,N
IND,208,7604,59466,24/03/2021,18:46:49,15,0,39.3,1.0,409.3,409.2,2,1,1.00,CYCLE,N
IND,208,7604,59466,24/03/2021,18:47:27,15,0,25.6,1.1,37.7,37.6,2,1,1.00,CYCLE,N
IND,208,7604,59466,24/03/2021,18:48:36,15,0,35.8,1.0,69.3,69.1,2,1,1.00,CYCLE,N
IND,208,7604,59466,24/03/2021,19:15:01,15,0,34.0,1.0,1585.0,1584.9,2,1,1.00,CYCLE,N
IND,208,7604,59467,24/03/2021,20:57:56,15,1,16.2,1.1,9219.3,9219.2,2,1,1.00,CYCLE,S
IND,208,7604,59467,24/03/2021,21:09:50,15,1,22.8,1.0,713.9,713.7,2,1,1.00,CYCLE,S
IND,208,7604,59467,24/03/2021,21:31:38,15,1,18.8,1.0,1308.9,1308.7,2,1,1.00,CYCLE,S
IND,208,7604,59467,25/03/2021,04:21:55,15,1,13.8,1.1,24617.0,24616.8,2,1,1.00,CYCLE,S
IND,208,7604,59467,25/03/2021,04:51:10,15,1,20.6,1.0,1755.0,1754.7,2,1,1.00,CYCLE,S
IND,208,7604,59467,25/03/2021,04:51:12,15,1,20.4,1.0,2.0,1.8,2,1,1.00,CYCLE,S
IND,208,7604,59466,25/03/2021,04:54:35,15,0,34.2,1.0,34773.3,34773.2,2,1,1.00,CYCLE,N
IND,208,7604,59467,25/03/2021,04:55:41,15,1,13.5,1.0,269.0,268.9,2,1,1.00,CYCLE,S
IND,208,7604,59466,25/03/2021,05:03:14,15,0,23.5,1.1,519.3,519.2,2,1,1.00,CYCLE,N
IND,208,7604,59466,25/03/2021,05:19:13,15,0,32.3,1.0,958.9,958.7,2,1,1.00,CYCLE,N
IND,208,7604,59467,25/03/2021,05:20:39,15,1,20.0,1.0,1497.9,1497.6,2,1,1.00,CYCLE,S
IND,208,7604,59466,25/03/2021,05:22:14,15,0,40.2,1.1,181.1,181.0,2,1,1.00,CYCLE,N
IND,208,7604,59467,25/03/2021,05:31:22,15,1,19.4,1.0,643.0,642.8,2,1,1.00,CYCLE,S
IND,208,7604,59466,25/03/2021,05:32:41,15,0,31.8,1.0,627.1,627.0,2,1,1.00,CYCLE,N
IND,208,7604,59466,25/03/2021,05:32:42,15,0,31.7,1.0,0.8,0.6,2,1,1.00,CYCLE,N
IND,208,7604,59466,25/03/2021,05:32:43,15,0,35.0,1.0,1.0,0.8,2,1,1.00,CYCLE,N
IND,208,7604,59466,25/03/2021,05:32:43,15,0,34.6,1.0,0.3,0.2,2,1,1.00,CYCLE,N
IND,208,7604,59467,25/03/2021,05:33:43,15,1,27.3,1.1,140.5,140.3,2,1,1.00,CYCLE,S
IND,208,7604,59466,25/03/2021,05:36:20,15,0,21.2,1.1,216.6,216.5,2,1,1.00,CYCLE,N
IND,208,7604,59466,25/03/2021,05:36:54,15,0,35.2,1.0,34.7,34.6,2,1,1.00,CYCLE,N
IND,208,7604,59467,25/03/2021,05:38:04,15,1,18.8,1.0,260.9,260.8,2,1,1.00,CYCLE,S
IND,208,7604,59467,25/03/2021,05:42:57,15,1,25.7,1.0,293.3,293.1,2,1,1.00,CYCLE,S
IND,208,7604,59466,25/03/2021,05:43:55,15,0,37.7,1.1,420.7,420.6,2,1,1.00,CYCLE,N
IND,208,7604,59467,25/03/2021,05:51:30,15,1,18.9,1.0,513.4,513.3,2,1,1.00,CYCLE,S
IND,208,7604,59467,25/03/2021,05:51:31,15,1,17.3,1.0,0.9,0.8,2,1,1.00,CYCLE,S
IND,208,7604,59467,25/03/2021,05:51:58,15,1,21.9,1.0,26.9,26.7,2,1,1.00,CYCLE,S
IND,208,7604,59467,25/03/2021,05:54:31,15,1,25.7,1.1,153.1,152.9,2,1,1.00,CYCLE,S
IND,208,7604,59467,25/03/2021,05:55:04,15,1,22.3,1.0,33.1,32.9,2,1,1.00,CYCLE,S
IND,208,7604,59467,25/03/2021,05:55:10,15,1,19.9,1.0,5.7,5.5,2,1,1.00,CYCLE,S
IND,208,7604,59467,25/03/2021,05:57:52,15,1,15.8,1.0,162.2,162.0,2,1,1.00,CYCLE,S
IND,208,7604,59467,25/03/2021,05:57:59,15,1,24.9,1.1,6.3,6.1,2,1,1.00,CYCLE,S
IND,208,7604,59467,25/03/2021,06:01:32,15,1,17.5,1.0,213.2,213.0,2,1,1.00,CYCLE,S
IND,208,7604,59467,25/03/2021,06:02:00,15,1,18.5,1.0,28.3,28.0,2,1,1.00,CYCLE,S
IND,208,7604,59467,25/03/2021,06:02:42,15,1,18.9,1.1,42.4,42.2,2,1,1.00,CYCLE,S
IND,208,7604,59467,25/03/2021,06:04:34,15,1,21.1,1.0,112.0,111.7,2,1,1.00,CYCLE,S
IND,208,7604,59467,25/03/2021,06:05:51,15,1,20.7,1.0,76.4,76.2,2,1,1.00,CYCLE,S
IND,208,7604,59467,25/03/2021,06:06:37,15,1,18.6,1.1,46.3,46.2,2,1,1.00,CYCLE,S
IND,208,7604,59467,25/03/2021,06:09:59,15,1,19.0,1.0,201.5,201.3,2,1,1.00,CYCLE,S
IND,208,7604,59466,25/03/2021,06:10:58,15,0,39.2,1.1,1622.8,1622.7,2,1,1.00,CYCLE,N
IND,208,7604,59467,25/03/2021,06:11:55,15,1,14.4,1.0,116.7,116.6,2,1,1.00,CYCLE,S
IND,208,7604,59467,25/03/2021,06:11:55,15,1,14.4,1.0,0.0,0.0,2,1,1.00,CYCLE,S
IND,208,7604,59466,25/03/2021,06:17:34,15,0,40.3,1.1,396.6,396.5,2,1,1.00,CYCLE,N
IND,208,7604,59467,25/03/2021,06:18:00,15,1,18.4,1.1,364.9,364.2,2,1,1.00,CYCLE,S
IND,208,7604,59467,25/03/2021,06:19:51,15,1,20.3,1.1,110.5,110.2,2,1,1.00,CYCLE,S
IND,208,7604,59467,25/03/2021,06:20:15,15,1,20.6,1.0,24.8,24.6,2,1,1.00,CYCLE,S
IND,208,7604,59467,25/03/2021,06:20:46,15,1,15.8,1.0,30.7,30.6,2,1,1.00,CYCLE,S
IND,208,7604,59466,25/03/2021,06:20:56,15,0,36.9,1.1,201.2,201.1,2,1,1.00,CYCLE,N
IND,208,7604,59467,25/03/2021,06:22:22,15,1,16.9,1.1,95.5,95.3,2,1,1.00,CYCLE,S
IND,208,7604,59467,25/03/2021,06:22:23,15,1,19.7,1.0,1.8,1.5,2,1,1.00,CYCLE,S
IND,208,7604,59467,25/03/2021,06:23:53,15,1,23.3,1.0,89.7,89.6,2,1,1.00,CYCLE,S
IND,208,7604,59466,25/03/2021,06:24:15,15,0,36.2,1.0,199.5,199.4,2,1,1.00,CYCLE,N
IND,208,7604,59467,25/03/2021,06:25:37,15,1,19.0,1.0,103.9,103.8,2,1,1.00,CYCLE,S
IND,208,7604,59466,25/03/2021,06:25:41,15,0,36.2,1.1,85.8,85.7,2,1,1.00,CYCLE,N
IND,208,7604,59467,25/03/2021,06:31:28,15,1,19.7,1.0,351.3,351.1,2,1,1.00,CYCLE,S
IND,208,7604,59467,25/03/2021,06:32:08,15,1,22.4,1.0,39.9,39.7,2,1,1.00,CYCLE,S
IND,208,7604,59467,25/03/2021,06:32:33,15,1,22.9,1.0,24.9,24.7,2,1,1.00,CYCLE,S
IND,208,7604,59467,25/03/2021,06:34:34,15,1,26.2,1.0,120.9,120.7,2,1,1.00,CYCLE,S
IND,208,7604,59467,25/03/2021,06:37:57,15,1,19.1,1.1,202.6,202.5,2,1,1.00,CYCLE,S
IND,208,7604,59466,25/03/2021,06:37:59,15,0,36.8,1.0,738.4,738.3,2,1,1.00,CYCLE,N
IND,208,7604,59466,25/03/2021,06:38:02,15,0,29.9,1.0,2.4,2.3,2,1,1.00,CYCLE,N
IND,208,7604,59467,25/03/2021,06:38:19,15,1,13.0,1.0,21.9,21.8,2,1,1.00,CYCLE,S
IND,208,7604,59467,25/03/2021,06:39:29,15,1,26.2,1.1,70.6,70.3,2,1,1.00,CYCLE,S
IND,208,7604,59467,25/03/2021,06:42:37,15,1,13.9,1.0,187.3,187.2,2,1,1.00,CYCLE,S
IND,208,7604,59466,25/03/2021,06:43:11,15,0,26.6,1.1,309.0,308.9,2,1,1.00,CYCLE,N
IND,208,7604,59467,25/03/2021,06:44:33,15,1,21.3,1.0,116.0,115.7,2,1,1.00,CYCLE,S
IND,208,7604,59467,25/03/2021,06:45:52,15,1,16.8,1.0,79.4,79.2,2,1,1.00,CYCLE,S
IND,208,7604,59466,25/03/2021,06:46:27,15,0,27.6,1.0,195.9,195.8,2,1,1.00,CYCLE,N
IND,208,7604,59467,25/03/2021,06:46:33,15,1,23.5,1.1,40.9,40.7,2,1,1.00,CYCLE,S
IND,208,7604,59467,25/03/2021,06:46:34,15,1,23.5,1.0,1.3,1.1,2,1,1.00,CYCLE,S
IND,208,7604,59467,25/03/2021,06:46:45,15,1,22.8,1.1,10.7,10.6,2,1,1.00,CYCLE,S
IND,208,7604,59467,25/03/2021,06:47:24,15,1,14.1,1.1,38.9,38.7,2,1,1.00,CYCLE,S
IND,208,7604,59466,25/03/2021,06:48:08,15,0,22.4,1.1,101.8,101.7,2,1,1.00,CYCLE,N
IND,208,7604,59466,25/03/2021,06:48:50,15,0,28.6,1.0,41.7,41.5,2,1,1.00,CYCLE,N
IND,208,7604,59466,25/03/2021,06:48:50,15,0,28.6,1.0,0.0,0.0,2,1,1.00,CYCLE,N
IND,208,7604,59466,25/03/2021,06:49:18,15,0,34.5,1.0,28.0,27.8,2,1,1.00,CYCLE,N
IND,208,7604,59467,25/03/2021,06:49:33,15,1,20.2,1.0,129.5,129.2,2,1,1.00,CYCLE,S
IND,208,7604,59467,25/03/2021,06:50:11,15,1,22.2,1.0,38.3,38.1,2,1,1.00,CYCLE,S
IND,208,7604,59467,25/03/2021,06:50:14,15,1,19.9,1.0,2.4,2.2,2,1,1.00,CYCLE,S
IND,208,7604,59467,25/03/2021,06:51:25,15,1,24.5,1.1,71.2,71.0,2,1,1.00,CYCLE,S
IND,208,7604,59466,25/03/2021,06:52:33,15,0,22.8,1.0,195.2,195.1,2,1,1.00,CYCLE,N
IND,208,7604,59467,25/03/2021,06:52:54,15,1,25.7,1.1,88.9,88.8,2,1,1.00,CYCLE,S
IND,208,7604,59467,25/03/2021,06:52:55,15,1,17.6,1.0,0.8,0.7,2,1,1.00,CYCLE,S
IND,208,7604,59467,25/03/2021,06:54:57,15,1,12.9,1.0,122.2,122.0,2,1,1.00,CYCLE,S
IND,208,7604,59466,25/03/2021,06:55:16,15,0,33.9,1.1,162.7,162.5,2,1,1.00,CYCLE,N
IND,208,7604,59467,25/03/2021,06:55:17,15,1,17.6,1.0,20.2,19.9,2,1,1.00,CYCLE,S
IND,208,7604,59467,25/03/2021,06:56:48,15,1,23.8,1.0,90.5,90.3,2,1,1.00,CYCLE,S
IND,208,7604,59467,25/03/2021,06:56:53,15,1,19.4,1.1,5.3,5.1,2,1,1.00,CYCLE,S
IND,208,7604,59467,25/03/2021,06:57:00,15,1,27.1,1.1,6.7,6.4,2,1,1.00,CYCLE,S
IND,208,7604,59467,25/03/2021,06:57:01,15,1,25.6,1.0,1.1,1.0,2,1,1.00,CYCLE,S
IND,208,7604,59467,25/03/2021,06:57:02,15,1,24.4,1.0,1.1,0.9,2,1,1.00,CYCLE,S
IND,208,7604,59467,25/03/2021,06:57:32,15,1,19.9,1.0,30.1,30.0,2,1,1.00,CYCLE,S
IND,208,7604,59467,25/03/2021,06:59:09,15,1,21.9,1.0,18.1,17.8,2,1,1.00,CYCLE,S
IND,208,7604,59466,25/03/2021,06:59:36,15,0,40.5,1.0,260.2,260.1,2,1,1.00,CYCLE,N
IND,208,7604,59467,25/03/2021,06:59:36,15,1,20.9,1.1,27.9,27.7,2,1,1.00,CYCLE,S
IND,208,7604,59466,25/03/2021,06:59:53,15,0,37.7,1.1,17.0,16.9,2,1,1.00,CYCLE,N
IND,208,7604,59467,25/03/2021,07:00:02,15,1,18.8,1.1,25.7,25.5,2,1,1.00,CYCLE,S
IND,208,7604,59466,25/03/2021,07:00:27,15,0,26.9,1.0,33.9,33.8,2,1,1.00,CYCLE,N
IND,208,7604,59466,25/03/2021,07:00:50,15,0,29.2,1.0,22.9,22.8,2,1,1.00,CYCLE,N
IND,208,7604,59466,25/03/2021,07:00:51,15,0,31.4,1.1,0.7,0.5,2,1,1.00,CYCLE,N
IND,208,7604,59467,25/03/2021,07:04:52,15,1,15.8,0.9,289.9,289.7,2,1,1.00,CYCLE,S
IND,208,7604,59466,25/03/2021,07:05:51,15,0,31.0,1.0,300.4,300.3,2,1,1.00,CYCLE,N
IND,208,7604,59466,25/03/2021,07:05:52,15,0,32.4,1.0,1.4,1.3,2,1,1.00,CYCLE,N
IND,208,7604,59466,25/03/2021,07:06:32,15,0,35.3,1.2,39.9,39.8,2,1,1.00,CYCLE,N
IND,208,7604,59467,25/03/2021,07:06:56,15,1,25.0,1.1,124.3,124.0,2,1,1.00,CYCLE,S
IND,208,7604,59467,25/03/2021,07:06:58,15,1,23.3,1.0,2.0,1.8,2,1,1.00,CYCLE,S
IND,208,7604,59467,25/03/2021,07:08:45,15,1,12.8,1.0,107.2,107.1,2,1,1.00,CYCLE,S
IND,208,7604,59467,25/03/2021,07:09:47,15,1,21.3,1.0,61.8,61.5,2,1,1.00,CYCLE,S
IND,208,7604,59466,25/03/2021,07:09:50,15,0,36.7,1.0,129.4,129.3,2,1,1.00,CYCLE,N
IND,208,7604,59466,25/03/2021,07:13:33,15,0,36.2,1.0,223.7,223.6,2,1,1.00,CYCLE,N
IND,208,7604,59467,25/03/2021,07:14:52,15,1,13.1,1.1,304.4,304.2,2,1,1.00,CYCLE,S
IND,208,7604,59467,25/03/2021,07:15:09,15,1,14.3,1.0,17.2,16.9,2,1,1.00,CYCLE,S
IND,208,7604,59467,25/03/2021,07:18:31,15,1,20.7,1.0,202.1,201.8,2,1,1.00,CYCLE,S
IND,208,7604,59467,25/03/2021,07:18:50,15,1,20.6,1.0,19.4,19.3,2,1,1.00,CYCLE,S
IND,208,7604,59467,25/03/2021,07:19:46,15,1,17.3,1.0,55.7,55.6,2,1,1.00,CYCLE,S
IND,208,7604,59466,25/03/2021,07:21:35,15,0,24.8,1.1,481.8,481.7,2,1,1.00,CYCLE,N
IND,208,7604,59466,25/03/2021,07:21:36,15,0,26.4,1.1,0.5,0.3,2,1,1.00,CYCLE,N
IND,208,7604,59467,25/03/2021,07:22:27,15,1,18.5,1.0,160.4,160.1,2,1,1.00,CYCLE,S
IND,208,7604,59467,25/03/2021,07:24:37,15,1,20.0,1.0,130.0,129.8,2,1,1.00,CYCLE,S
IND,208,7604,59467,25/03/2021,07:25:00,15,1,18.2,1.0,23.9,23.7,2,1,1.00,CYCLE,S
IND,208,7604,59467,25/03/2021,07:25:46,15,1,11.3,1.0,45.5,45.3,2,1,1.00,CYCLE,S
IND,208,7604,59466,25/03/2021,07:27:33,15,0,38.2,1.1,357.2,357.0,2,1,1.00,CYCLE,N
IND,208,7604,59467,25/03/2021,07:27:49,15,1,17.3,1.1,122.8,122.5,2,1,1.00,CYCLE,S
IND,208,7604,59467,25/03/2021,07:28:22,15,1,20.8,1.0,33.7,33.5,2,1,1.00,CYCLE,S
IND,208,7604,59467,25/03/2021,07:28:32,15,1,15.3,1.1,10.0,9.9,2,1,1.00,CYCLE,S
IND,208,7604,59467,25/03/2021,07:29:28,15,1,19.9,1.0,55.9,55.6,2,1,1.00,CYCLE,S
IND,208,7604,59467,25/03/2021,07:30:50,15,1,18.1,1.1,81.8,81.6,2,1,1.00,CYCLE,S
IND,208,7604,59467,25/03/2021,07:30:52,15,1,16.9,1.0,1.6,1.3,2,1,1.00,CYCLE,S
IND,208,7604,59466,25/03/2021,07:31:18,15,0,37.1,1.1,225.0,224.9,2,1,1.00,CYCLE,N
IND,208,7604,59466,25/03/2021,07:31:20,15,0,39.1,1.0,1.8,1.7,2,1,1.00,CYCLE,N
IND,208,7604,59467,25/03/2021,07:32:14,15,1,16.9,1.0,82.1,81.9,2,1,1.00,CYCLE,S
IND,208,7604,59467,25/03/2021,07:32:15,15,1,17.2,1.1,1.6,1.4,2,1,1.00,CYCLE,S
IND,208,7604,59467,25/03/2021,07:32:36,15,1,20.7,1.1,21.0,20.7,2,1,1.00,CYCLE,S
IND,208,7604,59467,25/03/2021,07:33:37,15,1,17.0,1.1,60.2,60.1,2,1,1.00,CYCLE,S
IND,208,7604,59467,25/03/2021,07:35:18,15,1,14.8,1.1,101.2,101.0,2,1,1.00,CYCLE,S
IND,208,7604,59467,25/03/2021,07:35:23,15,1,18.0,1.0,5.0,4.7,2,1,1.00,CYCLE,S
IND,208,7604,59466,25/03/2021,07:35:33,15,0,37.3,1.0,253.2,253.1,2,1,1.00,CYCLE,N
IND,208,7604,59467,25/03/2021,07:36:20,15,1,16.6,1.1,57.3,57.1,2,1,1.00,CYCLE,S
IND,208,7604,59466,25/03/2021,07:36:54,15,0,35.7,1.1,80.7,80.6,2,1,1.00,CYCLE,N
IND,208,7604,59467,25/03/2021,07:38:04,15,1,19.1,1.0,103.8,103.5,2,1,1.00,CYCLE,S
IND,208,7604,59467,25/03/2021,07:38:18,15,1,18.1,1.0,14.6,14.4,2,1,1.00,CYCLE,S
IND,208,7604,59467,25/03/2021,07:44:29,15,1,19.4,1.0,370.5,370.3,2,1,1.00,CYCLE,S
IND,208,7604,59467,25/03/2021,07:47:52,15,1,12.0,1.1,203.2,203.0,2,1,1.00,CYCLE,S
IND,208,7604,59467,25/03/2021,07:49:46,15,1,15.4,1.1,114.2,113.9,2,1,1.00,CYCLE,S
IND,208,7604,59466,25/03/2021,07:54:56,15,0,33.7,1.0,1082.8,1082.7,2,1,1.00,CYCLE,N
IND,208,7604,59466,25/03/2021,07:56:25,15,0,27.5,1.0,88.5,88.4,2,1,1.00,CYCLE,N
IND,208,7604,59467,25/03/2021,07:57:30,15,1,13.5,1.1,463.9,463.7,2,1,1.00,CYCLE,S
IND,208,7604,59466,25/03/2021,07:58:19,15,0,30.2,1.1,113.9,113.8,2,1,1.00,CYCLE,N
IND,208,7604,59466,25/03/2021,08:03:51,15,0,34.8,1.0,332.1,332.0,2,1,1.00,CYCLE,N
IND,208,7604,59466,25/03/2021,08:04:34,15,0,34.7,1.1,43.6,43.5,2,1,1.00,CYCLE,N
IND,208,7604,59466,25/03/2021,08:07:00,15,0,36.8,1.0,145.8,145.6,2,1,1.00,CYCLE,N
IND,208,7604,59467,25/03/2021,08:13:02,15,1,18.1,1.0,764.3,764.0,2,1,1.00,CYCLE,S
IND,208,7604,59467,25/03/2021,08:14:26,15,1,11.8,1.1,84.5,84.3,2,1,1.00,CYCLE,S
IND,208,7604,59467,25/03/2021,08:16:40,15,1,25.2,1.1,133.6,133.2,2,1,1.00,CYCLE,S
IND,208,7604,59466,25/03/2021,08:26:46,15,0,40.4,1.1,1185.4,1185.3,2,1,1.00,CYCLE,N
IND,208,7604,59466,25/03/2021,08:27:32,15,0,31.1,1.1,46.7,46.6,2,1,1.00,CYCLE,N
IND,208,7604,59466,25/03/2021,08:27:38,15,0,32.2,1.0,5.5,5.3,2,1,1.00,CYCLE,N
IND,208,7604,59467,25/03/2021,08:29:31,15,1,11.4,1.0,770.7,770.6,2,1,1.00,CYCLE,S
IND,208,7604,59467,25/03/2021,08:29:48,15,1,18.9,1.0,17.9,17.5,2,1,1.00,CYCLE,S
IND,208,7604,59466,25/03/2021,08:36:52,15,0,27.6,1.1,553.9,553.7,2,1,1.00,CYCLE,N
IND,208,7604,59467,25/03/2021,08:38:20,15,1,11.2,1.0,511.3,511.2,2,1,1.00,CYCLE,S
IND,208,7604,59467,25/03/2021,08:38:20,15,1,11.2,1.0,0.0,0.0,2,1,1.00,CYCLE,S
IND,208,7604,59467,25/03/2021,08:38:20,15,1,11.2,1.0,0.0,0.0,2,1,1.00,CYCLE,S
IND,208,7604,59467,25/03/2021,08:38:20,15,1,11.2,1.0,0.0,0.0,2,1,1.00,CYCLE,S
IND,208,7604,59467,25/03/2021,08:43:14,15,1,25.3,1.1,294.5,292.9,2,1,1.00,CYCLE,S
IND,208,7604,59467,25/03/2021,08:44:34,15,1,18.6,1.0,80.1,80.0,2,1,1.00,CYCLE,S
IND,208,7604,59467,25/03/2021,08:49:54,15,1,15.8,1.1,319.1,319.0,2,1,1.00,CYCLE,S
IND,208,7604,59467,25/03/2021,08:49:54,15,1,14.4,1.0,0.6,0.3,2,1,1.00,CYCLE,S
IND,208,7604,59467,25/03/2021,08:49:54,15,1,14.4,1.0,0.0,0.0,2,1,1.00,CYCLE,S
IND,208,7604,59466,25/03/2021,08:54:10,15,0,34.5,1.1,1038.4,1038.3,2,1,1.00,CYCLE,N
IND,208,7604,59466,25/03/2021,08:54:46,15,0,35.0,1.2,35.9,35.8,2,1,1.00,CYCLE,N
IND,208,7604,59467,25/03/2021,08:55:50,15,1,15.7,1.0,356.2,355.7,2,1,1.00,CYCLE,S
IND,208,7604,59466,25/03/2021,08:56:35,15,0,37.1,1.1,109.3,109.2,2,1,1.00,CYCLE,N
IND,208,7604,59467,25/03/2021,09:00:36,15,1,32.6,1.1,285.9,285.6,2,1,1.00,CYCLE,S
IND,208,7604,59466,25/03/2021,09:01:20,15,0,26.7,1.1,284.7,284.6,2,1,1.00,CYCLE,N
IND,208,7604,59467,25/03/2021,09:01:26,15,1,15.2,1.0,50.0,49.9,2,1,0.53,CYCLE,S
IND,208,7604,59467,25/03/2021,09:07:20,15,1,16.5,1.0,353.6,352.5,2,1,1.00,CYCLE,S
IND,208,7604,59467,25/03/2021,09:14:41,15,1,14.5,1.1,440.8,440.6,2,1,1.00,CYCLE,S
IND,208,7604,59467,25/03/2021,09:14:43,15,1,13.0,1.0,2.1,1.8,2,1,1.00,CYCLE,S
IND,208,7604,59467,25/03/2021,09:16:22,15,1,20.7,1.0,99.7,99.3,2,1,1.00,CYCLE,S
IND,208,7604,59467,25/03/2021,09:20:33,15,1,16.8,1.1,250.3,250.1,2,1,1.00,CYCLE,S
IND,208,7604,59466,25/03/2021,09:24:01,15,0,38.3,1.1,1361.5,1361.4,2,1,1.00,CYCLE,N
IND,208,7604,59467,25/03/2021,09:29:55,15,1,15.6,1.0,562.7,562.5,2,1,1.00,CYCLE,S
IND,208,7604,59467,25/03/2021,09:30:22,15,1,18.5,1.1,26.2,26.0,2,1,1.00,CYCLE,S
IND,208,7604,59467,25/03/2021,09:32:56,15,1,14.7,1.0,154.5,154.3,2,1,1.00,CYCLE,S
IND,208,7604,59466,25/03/2021,09:32:58,15,0,32.9,1.1,536.3,536.2,2,1,1.00,CYCLE,N
IND,208,7604,59466,25/03/2021,09:33:51,15,0,37.3,1.1,53.7,53.6,2,1,1.00,CYCLE,N
IND,208,7604,59466,25/03/2021,09:35:24,15,0,35.9,1.1,92.3,92.2,2,1,1.00,CYCLE,N
IND,208,7604,59467,25/03/2021,09:43:32,15,1,16.4,1.0,635.4,635.2,2,1,1.00,CYCLE,S
IND,208,7604,59467,25/03/2021,09:44:02,15,1,6.2,1.0,30.7,30.6,2,1,0.75,CYCLE,S
IND,208,7604,59466,25/03/2021,09:49:21,15,0,35.1,1.1,836.9,836.8,2,1,1.00,CYCLE,N
IND,208,7604,59467,25/03/2021,09:56:32,15,1,10.7,1.1,749.8,749.2,2,1,1.00,CYCLE,S
IND,208,7604,59466,25/03/2021,10:01:50,15,0,34.5,1.0,749.8,749.7,2,1,1.00,CYCLE,N
IND,208,7604,59467,25/03/2021,10:03:16,15,1,20.7,1.0,403.6,403.2,2,1,1.00,CYCLE,S
IND,208,7604,59467,25/03/2021,10:03:18,15,1,12.2,1.0,1.9,1.7,2,1,1.00,CYCLE,S
IND,208,7604,59467,25/03/2021,10:03:28,15,1,11.8,1.1,10.8,10.5,2,1,1.00,CYCLE,S
IND,208,7604,59466,25/03/2021,10:05:21,15,0,17.3,1.1,210.5,210.4,2,1,1.00,CYCLE,N
IND,208,7604,59467,25/03/2021,10:06:06,15,1,19.7,1.1,157.7,157.4,2,1,1.00,CYCLE,S
IND,208,7604,59467,25/03/2021,10:06:14,15,1,15.8,1.0,7.8,7.7,2,1,1.00,CYCLE,S
IND,208,7604,59467,25/03/2021,10:11:47,15,1,14.4,1.1,333.5,333.3,2,1,1.00,CYCLE,S
IND,208,7604,59466,25/03/2021,10:13:49,15,0,40.8,1.1,507.8,507.6,2,1,1.00,CYCLE,N
IND,208,7604,59467,25/03/2021,10:16:16,15,1,17.6,1.0,268.3,268.0,2,1,1.00,CYCLE,S
IND,208,7604,59467,25/03/2021,10:20:00,15,1,15.6,1.0,224.0,223.8,2,1,1.00,CYCLE,S
IND,208,7604,59467,25/03/2021,10:23:56,15,1,22.2,1.0,236.4,236.1,2,1,1.00,CYCLE,S
IND,208,7604,59466,25/03/2021,10:24:16,15,0,36.7,1.0,627.3,627.2,2,1,1.00,CYCLE,N
IND,208,7604,59467,25/03/2021,10:24:47,15,1,14.1,1.1,51.0,50.9,2,1,1.00,CYCLE,S
IND,208,7604,59466,25/03/2021,10:26:36,15,0,35.7,1.1,140.2,140.1,2,1,1.00,CYCLE,N
IND,208,7604,59466,25/03/2021,10:27:12,15,0,35.4,1.0,35.3,35.2,2,1,1.00,CYCLE,N
IND,208,7604,59466,25/03/2021,10:27:12,15,0,35.1,1.1,0.6,0.5,2,1,1.00,CYCLE,N
IND,208,7604,59466,25/03/2021,10:33:44,15,0,31.6,1.1,392.1,392.0,2,1,1.00,CYCLE,N
IND,208,7604,59466,25/03/2021,10:33:47,15,0,33.5,1.1,2.5,2.4,2,1,1.00,CYCLE,N
IND,208,7604,59466,25/03/2021,10:33:49,15,0,28.3,1.1,2.8,2.6,2,1,1.00,CYCLE,N
IND,208,7604,59466,25/03/2021,10:33:51,15,0,27.7,1.1,1.1,0.9,2,1,1.00,CYCLE,N
IND,208,7604,59467,25/03/2021,10:34:06,15,1,17.7,1.1,558.8,558.5,2,1,1.00,CYCLE,S
IND,208,7604,59467,25/03/2021,10:34:07,15,1,17.7,1.1,1.3,1.1,2,1,1.00,CYCLE,S
IND,208,7604,59467,25/03/2021,10:34:08,15,1,17.4,1.0,0.9,0.7,2,1,1.00,CYCLE,S
IND,208,7604,59467,25/03/2021,10:35:26,15,1,21.1,1.0,78.0,77.7,2,1,1.00,CYCLE,S
IND,208,7604,59467,25/03/2021,10:42:50,15,1,24.5,1.0,443.5,443.3,2,1,1.00,CYCLE,S
IND,208,7604,59466,25/03/2021,10:43:04,15,0,26.5,1.1,553.1,553.0,2,1,1.00,CYCLE,N
IND,208,7604,59466,25/03/2021,10:44:36,15,0,21.4,1.1,92.2,92.1,2,1,1.00,CYCLE,N
IND,208,7604,59466,25/03/2021,10:46:42,15,0,38.0,1.0,126.4,126.2,2,1,1.00,CYCLE,N
IND,208,7604,59467,25/03/2021,10:49:16,15,1,17.5,1.1,386.8,386.7,2,1,1.00,CYCLE,S
IND,208,7604,59467,25/03/2021,10:49:57,15,1,13.2,1.0,40.5,40.3,2,1,1.00,CYCLE,S
IND,208,7604,59467,25/03/2021,10:50:55,15,1,15.6,1.1,58.5,58.3,2,1,1.00,CYCLE,S
IND,208,7604,59466,25/03/2021,10:52:05,15,0,41.5,1.0,322.5,322.4,2,1,1.00,CYCLE,N
IND,208,7604,59467,25/03/2021,10:54:02,15,1,20.5,1.0,187.0,186.7,2,1,1.00,CYCLE,S
IND,208,7604,59466,25/03/2021,10:54:42,15,0,38.8,1.0,156.8,156.7,2,1,1.00,CYCLE,N
IND,208,7604,59467,25/03/2021,10:55:11,15,1,18.0,1.0,68.2,68.0,2,1,1.00,CYCLE,S
IND,208,7604,59466,25/03/2021,11:00:41,15,0,30.4,1.0,359.4,359.3,2,1,1.00,CYCLE,N
IND,208,7604,59466,25/03/2021,11:02:13,15,0,23.1,1.0,91.7,91.6,2,1,1.00,CYCLE,N
IND,208,7604,59467,25/03/2021,11:05:02,15,1,15.4,1.0,591.4,591.2,2,1,1.00,CYCLE,S
IND,208,7604,59466,25/03/2021,11:06:45,15,0,18.1,1.1,272.8,272.6,2,1,1.00,CYCLE,N
IND,208,7604,59467,25/03/2021,11:10:39,15,1,16.5,1.0,336.5,336.3,2,1,1.00,CYCLE,S
IND,208,7604,59466,25/03/2021,11:12:05,15,0,16.6,1.0,319.8,319.6,2,1,1.00,CYCLE,N
IND,208,7604,59467,25/03/2021,11:14:00,15,1,22.1,1.0,201.1,200.9,2,1,1.00,CYCLE,S
IND,208,7604,59466,25/03/2021,11:16:31,15,0,29.3,1.1,266.2,266.0,2,1,1.00,CYCLE,N
IND,208,7604,59467,25/03/2021,11:18:09,15,1,12.8,1.0,249.3,249.2,2,1,1.00,CYCLE,S
IND,208,7604,59466,25/03/2021,11:18:25,15,0,30.9,1.0,113.3,113.2,2,1,1.00,CYCLE,N
IND,208,7604,59466,25/03/2021,11:20:17,15,0,38.1,1.0,112.7,112.6,2,1,1.00,CYCLE,N
IND,208,7604,59467,25/03/2021,11:20:22,15,1,12.9,1.0,133.3,133.0,2,1,1.00,CYCLE,S
IND,208,7604,59466,25/03/2021,11:21:15,15,0,36.4,1.0,57.3,57.2,2,1,1.00,CYCLE,N
IND,208,7604,59466,25/03/2021,11:21:56,15,0,40.0,1.0,40.9,40.8,2,1,1.00,CYCLE,N
IND,208,7604,59466,25/03/2021,11:24:19,15,0,34.5,1.1,142.8,142.7,2,1,1.00,CYCLE,N
IND,208,7604,59467,25/03/2021,11:26:58,15,1,17.7,1.0,395.9,395.6,2,1,1.00,CYCLE,S
IND,208,7604,59466,25/03/2021,11:27:39,15,0,33.1,1.0,200.4,200.2,2,1,1.00,CYCLE,N
IND,208,7604,59466,25/03/2021,11:28:35,15,0,34.3,1.0,55.8,55.7,2,1,1.00,CYCLE,N
IND,208,7604,59466,25/03/2021,11:32:44,15,0,39.3,1.0,249.3,249.2,2,1,1.00,CYCLE,N
IND,208,7604,59466,25/03/2021,11:32:47,15,0,35.1,1.0,3.2,3.1,2,1,1.00,CYCLE,N
IND,208,7604,59467,25/03/2021,11:33:31,15,1,17.0,1.0,392.9,392.6,2,1,1.00,CYCLE,S
IND,208,7604,59466,25/03/2021,11:36:20,15,0,41.1,1.0,212.3,212.2,2,1,1.00,CYCLE,N
IND,208,7604,59467,25/03/2021,11:37:34,15,1,22.4,1.1,242.8,242.5,2,1,1.00,CYCLE,S
IND,208,7604,59466,25/03/2021,11:38:19,15,0,41.2,1.0,119.0,118.9,2,1,1.00,CYCLE,N
IND,208,7604,59467,25/03/2021,11:47:43,15,1,20.2,1.0,609.3,609.1,2,1,1.00,CYCLE,S
IND,208,7604,59467,25/03/2021,11:48:20,15,1,21.5,1.0,37.1,36.9,2,1,1.00,CYCLE,S
IND,208,7604,59467,25/03/2021,11:52:39,15,1,13.5,1.0,258.7,258.6,2,1,1.00,CYCLE,S
IND,208,7604,59467,25/03/2021,11:54:01,15,1,15.9,1.1,82.3,82.1,2,1,1.00,CYCLE,S
IND,208,7604,59467,25/03/2021,11:54:04,15,1,14.3,1.1,2.7,2.5,2,1,1.00,CYCLE,S
IND,208,7604,59467,25/03/2021,11:54:26,15,1,9.0,1.1,21.6,21.4,2,1,1.00,CYCLE,S
IND,208,7604,59467,25/03/2021,11:54:36,15,1,16.4,1.1,10.4,9.9,2,1,1.00,CYCLE,S
IND,208,7604,59467,25/03/2021,11:54:42,15,1,7.8,1.0,5.8,5.7,2,1,1.00,CYCLE,S
IND,208,7604,59467,25/03/2021,11:54:44,15,1,7.3,1.0,2.2,1.8,2,1,1.00,CYCLE,S
IND,208,7604,59467,25/03/2021,11:55:01,15,1,7.6,1.1,17.2,16.7,2,1,1.00,CYCLE,S
IND,208,7604,59467,25/03/2021,11:55:10,15,1,7.7,1.0,8.9,8.4,2,1,1.00,CYCLE,S
IND,208,7604,59467,25/03/2021,11:55:12,15,1,7.4,1.0,1.3,0.8,2,1,1.00,CYCLE,S
IND,208,7604,59467,25/03/2021,11:55:45,15,1,8.6,1.1,33.8,33.3,2,1,1.00,CYCLE,S
IND,208,7604,59467,25/03/2021,11:55:50,15,1,11.9,1.1,5.0,4.5,2,1,1.00,CYCLE,S
IND,208,7604,59467,25/03/2021,11:55:53,15,1,8.7,1.1,2.8,2.5,2,1,1.00,CYCLE,S
IND,208,7604,59467,25/03/2021,11:55:57,15,1,7.1,1.1,3.5,3.1,2,1,1.00,CYCLE,S
IND,208,7604,59466,25/03/2021,11:59:10,15,0,41.7,1.0,1251.1,1251.0,2,1,1.00,CYCLE,N
IND,208,7604,59467,25/03/2021,12:02:05,15,1,22.0,1.2,368.7,368.0,2,1,1.00,CYCLE,S
IND,208,7604,59467,25/03/2021,12:04:14,15,1,20.3,1.0,129.1,128.9,2,1,1.00,CYCLE,S
IND,208,7604,59467,25/03/2021,12:04:47,15,1,16.7,1.0,32.4,32.3,2,1,1.00,CYCLE,S
IND,208,7604,59467,25/03/2021,12:07:53,15,1,11.7,1.1,185.9,185.7,2,1,1.00,CYCLE,S
IND,208,7604,59467,25/03/2021,12:07:54,15,1,11.5,1.1,1.1,0.7,2,1,1.00,CYCLE,S
IND,208,7604,59467,25/03/2021,12:07:57,15,1,12.0,1.1,3.4,3.0,2,1,1.00,CYCLE,S
IND,208,7604,59467,25/03/2021,12:07:59,15,1,11.1,1.0,2.2,1.9,2,1,1.00,CYCLE,S
IND,208,7604,59467,25/03/2021,12:08:00,15,1,11.8,1.1,0.8,0.4,2,1,1.00,CYCLE,S
IND,208,7604,59467,25/03/2021,12:08:01,15,1,11.5,1.1,0.7,0.4,2,1,1.00,CYCLE,S
IND,208,7604,59467,25/03/2021,12:08:04,15,1,10.9,1.1,2.8,2.5,2,1,1.00,CYCLE,S
IND,208,7604,59467,25/03/2021,12:08:12,15,1,9.9,1.1,8.2,7.9,2,1,1.00,CYCLE,S
IND,208,7604,59467,25/03/2021,12:08:41,15,1,10.8,1.1,29.4,29.0,2,1,1.00,CYCLE,S
IND,208,7604,59467,25/03/2021,12:08:44,15,1,11.3,1.1,2.5,2.2,2,1,1.00,CYCLE,S
IND,208,7604,59467,25/03/2021,12:08:57,15,1,21.3,1.0,13.1,12.7,2,1,1.00,CYCLE,S
IND,208,7604,59467,25/03/2021,12:09:12,15,1,23.9,1.1,14.7,14.6,2,1,1.00,CYCLE,S
IND,208,7604,59467,25/03/2021,12:09:42,15,1,7.0,1.0,30.7,30.5,2,1,0.29,CYCLE,S
IND,208,7604,59467,25/03/2021,12:09:42,15,1,7.0,1.0,0.0,0.0,2,1,0.29,CYCLE,S
IND,208,7604,59467,25/03/2021,12:09:46,15,1,9.5,1.1,4.0,3.5,2,1,1.00,CYCLE,S
IND,208,7604,59467,25/03/2021,12:09:48,15,1,9.5,1.1,1.7,1.3,2,1,1.00,CYCLE,S
IND,208,7604,59466,25/03/2021,12:10:52,15,0,26.9,1.1,702.3,702.2,2,1,1.00,CYCLE,N
IND,208,7604,59466,25/03/2021,12:14:45,15,0,37.3,1.1,233.6,233.4,2,1,1.00,CYCLE,N
IND,208,7604,59466,25/03/2021,12:14:47,15,0,38.2,1.1,1.2,1.1,2,1,1.00,CYCLE,N
IND,208,7604,59466,25/03/2021,12:14:50,15,0,39.1,1.1,3.6,3.5,2,1,1.00,CYCLE,N
IND,208,7604,59467,25/03/2021,12:15:26,15,1,8.9,1.0,338.3,337.9,2,1,1.00,CYCLE,S
IND,208,7604,59467,25/03/2021,12:15:42,15,1,23.2,1.0,15.4,14.8,2,1,1.00,CYCLE,S
IND,208,7604,59467,25/03/2021,12:20:27,15,1,17.1,1.1,284.9,284.8,2,1,1.00,CYCLE,S
IND,208,7604,59466,25/03/2021,12:21:23,15,0,24.1,1.1,392.5,392.4,2,1,1.00,CYCLE,N
IND,208,7604,59466,25/03/2021,12:24:48,15,0,36.2,1.0,205.4,205.2,2,1,1.00,CYCLE,N
IND,208,7604,59466,25/03/2021,12:25:00,15,0,41.7,1.1,11.7,11.6,2,1,1.00,CYCLE,N
IND,208,7604,59467,25/03/2021,12:29:52,15,1,23.0,1.1,565.1,564.9,2,1,1.00,CYCLE,S
IND,208,7604,59467,25/03/2021,12:35:14,15,1,18.2,1.0,322.4,322.2,2,1,1.00,CYCLE,S
IND,208,7604,59467,25/03/2021,12:35:38,15,1,11.9,1.0,24.4,24.2,2,1,1.00,CYCLE,S
IND,208,7604,59467,25/03/2021,12:36:40,15,1,19.4,1.1,61.5,61.1,2,1,1.00,CYCLE,S
IND,208,7604,59467,25/03/2021,12:36:54,15,1,19.3,1.1,13.8,13.6,2,1,1.00,CYCLE,S
IND,208,7604,59467,25/03/2021,12:36:55,15,1,13.1,1.1,1.3,1.1,2,1,1.00,CYCLE,S
IND,208,7604,59467,25/03/2021,12:43:22,15,1,20.7,1.0,387.3,387.0,2,1,1.00,CYCLE,S
IND,208,7604,59466,25/03/2021,12:49:36,15,0,37.1,1.0,1476.2,1476.1,2,1,1.00,CYCLE,N
IND,208,7604,59466,25/03/2021,12:52:31,15,0,33.9,1.1,174.6,174.5,2,1,1.00,CYCLE,N
IND,208,7604,59466,25/03/2021,12:54:03,15,0,28.9,1.0,92.8,92.7,2,1,1.00,CYCLE,N
IND,208,7604,59466,25/03/2021,12:55:16,15,0,38.2,1.1,72.7,72.6,2,1,1.00,CYCLE,N
IND,208,7604,59467,25/03/2021,12:59:27,15,1,22.6,1.0,964.7,964.6,2,1,1.00,CYCLE,S
IND,208,7604,59466,25/03/2021,12:59:38,15,0,32.1,1.0,261.8,261.7,2,1,1.00,CYCLE,N
IND,208,7604,59466,25/03/2021,13:07:32,15,0,36.6,1.0,474.3,474.2,2,1,1.00,CYCLE,N
IND,208,7604,59467,25/03/2021,13:08:31,15,1,19.0,1.1,544.2,544.1,2,1,1.00,CYCLE,S
IND,208,7604,59467,25/03/2021,13:10:44,15,1,17.4,1.0,132.7,132.5,2,1,0.86,CYCLE,S
IND,208,7604,59466,25/03/2021,13:13:08,15,0,40.3,1.0,335.6,335.5,2,1,1.00,CYCLE,N
IND,208,7604,59467,25/03/2021,13:15:57,15,1,15.3,1.0,312.6,312.4,2,1,1.00,CYCLE,S
IND,208,7604,59466,25/03/2021,13:16:31,15,0,38.4,1.1,202.8,202.8,2,1,1.00,CYCLE,N
IND,208,7604,59467,25/03/2021,13:17:40,15,1,21.3,1.0,103.8,103.5,2,1,1.00,CYCLE,S
IND,208,7604,59466,25/03/2021,13:18:45,15,0,41.7,1.0,134.0,133.9,2,1,1.00,CYCLE,N
IND,208,7604,59466,25/03/2021,13:19:25,15,0,35.8,1.1,40.0,39.9,2,1,1.00,CYCLE,N
IND,208,7604,59466,25/03/2021,13:19:47,15,0,43.4,1.1,22.4,22.3,2,1,1.00,CYCLE,N
IND,208,7604,59467,25/03/2021,13:20:02,15,1,21.4,1.0,141.7,141.5,2,1,1.00,CYCLE,S
IND,208,7604,59466,25/03/2021,13:36:30,15,0,37.6,1.1,1002.5,1002.4,2,1,1.00,CYCLE,N
IND,208,7604,59466,25/03/2021,13:41:11,15,0,35.5,1.0,281.5,281.4,2,1,1.00,CYCLE,N
IND,208,7604,59467,25/03/2021,13:42:14,15,1,15.8,1.0,1331.9,1331.8,2,1,1.00,CYCLE,S
IND,208,7604,59466,25/03/2021,13:42:31,15,0,36.1,1.1,79.5,79.4,2,1,1.00,CYCLE,N
IND,208,7604,59466,25/03/2021,13:43:32,15,0,40.2,1.1,61.4,61.3,2,1,1.00,CYCLE,N
IND,208,7604,59466,25/03/2021,13:43:33,15,0,41.0,1.1,1.5,1.4,2,1,1.00,CYCLE,N
IND,208,7604,59466,25/03/2021,13:52:02,15,0,39.6,1.0,404.5,404.5,2,1,1.00,CYCLE,N
IND,208,7604,59466,25/03/2021,13:52:21,15,0,37.6,1.0,19.4,19.3,2,1,1.00,CYCLE,N
IND,208,7604,59467,25/03/2021,13:55:15,15,1,20.8,1.0,780.9,780.7,2,1,1.00,CYCLE,S
IND,208,7604,59467,25/03/2021,13:55:54,15,1,24.0,1.0,39.4,39.2,2,1,1.00,CYCLE,S
IND,208,7604,59467,25/03/2021,13:57:55,15,1,13.2,1.1,121.0,120.9,2,1,1.00,CYCLE,S
IND,208,7604,59467,25/03/2021,13:59:49,15,1,21.0,0.9,113.5,113.2,2,1,1.00,CYCLE,S
IND,208,7604,59466,25/03/2021,13:59:54,15,0,43.4,1.0,453.2,453.1,2,1,1.00,CYCLE,N
IND,208,7604,59467,25/03/2021,14:04:11,15,1,11.2,1.0,262.4,262.3,2,1,1.00,CYCLE,S
IND,208,7604,59466,25/03/2021,14:04:31,15,0,35.1,1.1,277.1,277.0,2,1,1.00,CYCLE,N
IND,208,7604,59466,25/03/2021,14:10:54,15,0,39.6,1.0,382.9,382.8,2,1,1.00,CYCLE,N
IND,208,7604,59467,25/03/2021,14:13:58,15,1,23.0,1.0,586.8,586.4,2,1,1.00,CYCLE,S
IND,208,7604,59467,25/03/2021,14:13:59,15,1,21.7,1.0,0.6,0.5,2,1,1.00,CYCLE,S
IND,208,7604,59466,25/03/2021,14:22:05,15,0,36.4,1.0,670.8,670.7,2,1,1.00,CYCLE,N
IND,208,7604,59466,25/03/2021,14:25:48,15,0,24.5,0.9,223.3,223.2,2,1,1.00,CYCLE,N
IND,208,7604,59466,25/03/2021,14:26:15,15,0,47.5,1.1,27.0,26.9,2,1,1.00,CYCLE,N
IND,208,7604,59466,25/03/2021,14:26:24,15,0,44.7,1.0,9.1,9.0,2,1,1.00,CYCLE,N
IND,208,7604,59467,25/03/2021,14:27:39,15,1,23.4,0.9,820.7,820.5,2,1,1.00,CYCLE,S
IND,208,7604,59467,25/03/2021,14:28:29,15,1,18.6,1.1,50.0,49.9,2,1,1.00,CYCLE,S
IND,208,7604,59467,25/03/2021,14:30:24,15,1,15.1,1.0,114.4,114.2,2,1,1.00,CYCLE,S
IND,208,7604,59467,25/03/2021,14:31:45,15,1,13.8,1.1,80.8,80.5,2,1,1.00,CYCLE,S
IND,208,7604,59467,25/03/2021,14:32:40,15,1,11.3,0.9,55.2,54.9,2,1,1.00,CYCLE,S
IND,208,7604,59467,25/03/2021,14:32:44,15,1,16.8,1.0,4.4,4.1,2,1,1.00,CYCLE,S
IND,208,7604,59467,25/03/2021,14:32:49,15,1,15.2,1.0,5.2,5.0,2,1,1.00,CYCLE,S
IND,208,7604,59467,25/03/2021,14:32:49,15,1,15.2,1.0,0.0,0.0,2,1,1.00,CYCLE,S
IND,208,7604,59467,25/03/2021,14:33:47,15,1,18.8,1.1,57.6,57.3,2,1,1.00,CYCLE,S
IND,208,7604,59467,25/03/2021,14:33:47,15,1,18.9,1.0,0.6,0.4,2,1,1.00,CYCLE,S
IND,208,7604,59466,25/03/2021,14:34:00,15,0,37.5,1.1,455.9,455.8,2,1,1.00,CYCLE,N
IND,208,7604,59467,25/03/2021,14:37:11,15,1,18.9,1.0,203.6,203.4,2,1,1.00,CYCLE,S
IND,208,7604,59467,25/03/2021,14:37:56,15,1,17.6,1.0,44.5,44.3,2,1,1.00,CYCLE,S
IND,208,7604,59467,25/03/2021,14:37:56,15,1,17.6,1.0,0.0,0.0,2,1,1.00,CYCLE,S
IND,208,7604,59466,25/03/2021,14:38:59,15,0,27.0,1.1,298.8,298.7,2,1,1.00,CYCLE,N
IND,208,7604,59466,25/03/2021,14:41:37,15,0,37.3,1.1,158.4,158.2,2,1,1.00,CYCLE,N
IND,208,7604,59466,25/03/2021,14:42:44,15,0,32.2,1.1,66.4,66.3,2,1,1.00,CYCLE,N
IND,208,7604,59466,25/03/2021,14:43:56,15,0,41.4,1.0,72.3,72.2,2,1,1.00,CYCLE,N
IND,208,7604,59467,25/03/2021,14:47:04,15,1,21.4,1.1,548.0,547.6,2,1,1.00,CYCLE,S
IND,208,7604,59467,25/03/2021,14:49:59,15,1,12.7,1.1,175.6,175.4,2,1,1.00,CYCLE,S
IND,208,7604,59467,25/03/2021,14:50:01,15,1,15.3,1.0,1.9,1.6,2,1,1.00,CYCLE,S
IND,208,7604,59466,25/03/2021,14:50:02,15,0,47.5,1.1,365.7,365.6,2,1,1.00,CYCLE,N
IND,208,7604,59466,25/03/2021,14:50:23,15,0,38.7,1.1,20.9,20.8,2,1,1.00,CYCLE,N
IND,208,7604,59467,25/03/2021,14:54:17,15,1,14.1,1.1,255.9,255.7,2,1,1.00,CYCLE,S
IND,208,7604,59466,25/03/2021,14:58:11,15,0,36.8,1.1,3.4,3.3,2,1,1.00,CYCLE,N
IND,208,7604,59467,25/03/2021,15:04:49,15,1,20.5,1.0,631.6,631.3,2,1,1.00,CYCLE,S
IND,208,7604,59466,25/03/2021,15:05:49,15,0,35.7,1.1,457.6,457.5,2,1,1.00,CYCLE,N
IND,208,7604,59467,25/03/2021,15:06:05,15,1,22.8,1.0,76.8,76.6,2,1,1.00,CYCLE,S
IND,208,7604,59466,25/03/2021,15:08:19,15,0,39.6,1.0,150.1,150.0,2,1,1.00,CYCLE,N
IND,208,7604,59467,25/03/2021,15:12:27,15,1,5.6,0.9,381.5,381.5,2,1,1.00,CYCLE,S
IND,208,7604,59467,25/03/2021,15:13:28,15,1,16.1,1.0,61.3,60.6,2,1,1.00,CYCLE,S
IND,208,7604,59466,25/03/2021,15:19:55,15,0,35.4,1.0,696.2,696.1,2,1,1.00,CYCLE,N
IND,208,7604,59467,25/03/2021,15:22:11,15,1,18.7,1.0,522.9,522.7,2,1,1.00,CYCLE,S
IND,208,7604,59466,25/03/2021,15:23:08,15,0,34.0,1.1,192.4,192.3,2,1,1.00,CYCLE,N
IND,208,7604,59466,25/03/2021,15:23:33,15,0,34.4,1.0,25.9,25.8,2,1,1.00,CYCLE,N
IND,208,7604,59467,25/03/2021,15:23:43,15,1,21.7,1.0,91.6,91.3,2,1,1.00,CYCLE,S
IND,208,7604,59466,25/03/2021,15:24:06,15,0,38.6,1.1,32.6,32.5,2,1,1.00,CYCLE,N
IND,208,7604,59466,25/03/2021,15:26:06,15,0,37.8,1.0,120.2,120.1,2,1,1.00,CYCLE,N
IND,208,7604,59466,25/03/2021,15:27:31,15,0,39.2,1.0,84.9,84.8,2,1,1.00,CYCLE,N
IND,208,7604,59467,25/03/2021,15:31:38,15,1,19.2,1.0,475.6,475.4,2,1,1.00,CYCLE,S
IND,208,7604,59467,25/03/2021,15:33:40,15,1,15.3,0.9,121.2,121.0,2,1,1.00,CYCLE,S
IND,208,7604,59466,25/03/2021,15:33:46,15,0,40.7,1.0,374.6,374.5,2,1,1.00,CYCLE,N
IND,208,7604,59467,25/03/2021,15:33:47,15,1,18.9,1.0,7.2,7.0,2,1,1.00,CYCLE,S
IND,208,7604,59467,25/03/2021,15:33:55,15,1,18.6,1.1,8.6,8.4,2,1,1.00,CYCLE,S
IND,208,7604,59466,25/03/2021,15:34:21,15,0,37.8,1.0,35.6,35.5,2,1,1.00,CYCLE,N
IND,208,7604,59466,25/03/2021,15:34:25,15,0,40.3,1.0,3.9,3.8,2,1,1.00,CYCLE,N
IND,208,7604,59466,25/03/2021,15:35:08,15,0,34.0,1.0,43.1,43.0,2,1,1.00,CYCLE,N
IND,208,7604,59467,25/03/2021,15:39:44,15,1,20.0,1.0,348.5,348.3,2,1,1.00,CYCLE,S
IND,208,7604,59467,25/03/2021,15:41:19,15,1,13.2,1.0,94.9,94.7,2,1,1.00,CYCLE,S
IND,208,7604,59466,25/03/2021,15:43:10,15,0,33.7,1.1,481.7,481.6,2,1,1.00,CYCLE,N
IND,208,7604,59466,25/03/2021,15:43:33,15,0,41.4,1.1,22.5,22.4,2,1,1.00,CYCLE,N
IND,208,7604,59466,25/03/2021,15:44:03,15,0,44.0,1.1,29.9,29.8,2,1,1.00,CYCLE,N
IND,208,7604,59466,25/03/2021,15:45:38,15,0,39.7,1.0,95.7,95.6,2,1,1.00,CYCLE,N
IND,208,7604,59466,25/03/2021,15:49:42,15,0,38.9,1.0,243.3,243.2,2,1,1.00,CYCLE,N
IND,208,7604,59467,25/03/2021,15:49:54,15,1,9.1,1.0,515.4,515.2,2,1,0.80,CYCLE,S
IND,208,7604,59466,25/03/2021,15:50:09,15,0,26.4,1.1,27.3,27.2,2,1,1.00,CYCLE,N
IND,208,7604,59467,25/03/2021,15:50:26,15,1,21.8,1.1,32.4,31.9,2,1,1.00,CYCLE,S
IND,208,7604,59466,25/03/2021,15:50:38,15,0,32.6,1.1,29.0,28.9,2,1,1.00,CYCLE,N
IND,208,7604,59467,25/03/2021,15:51:45,15,1,22.3,1.0,78.4,78.2,2,1,1.00,CYCLE,S
IND,208,7604,59467,25/03/2021,15:55:41,15,1,19.4,1.0,236.5,236.3,2,1,1.00,CYCLE,S
IND,208,7604,59466,25/03/2021,15:55:47,15,0,19.7,1.1,309.4,309.3,2,1,1.00,CYCLE,N
IND,208,7604,59466,25/03/2021,15:58:27,15,0,39.3,1.1,159.5,159.3,2,1,1.00,CYCLE,N
IND,208,7604,59466,25/03/2021,15:59:07,15,0,37.3,1.1,40.0,39.9,2,1,1.00,CYCLE,N
IND,208,7604,59467,25/03/2021,15:59:53,15,1,22.0,0.9,252.1,251.9,2,1,1.00,CYCLE,S
IND,208,7604,59466,25/03/2021,16:00:27,15,0,34.5,1.1,80.4,80.2,2,1,1.00,CYCLE,N
IND,208,7604,59467,25/03/2021,16:01:57,15,1,26.0,1.0,123.7,123.6,2,1,1.00,CYCLE,S
IND,208,7604,59467,25/03/2021,16:02:45,15,1,26.3,0.9,48.3,48.2,2,1,1.00,CYCLE,S
IND,208,7604,59466,25/03/2021,16:02:48,15,0,37.3,1.0,140.7,140.5,2,1,1.00,CYCLE,N
IND,208,7604,59466,25/03/2021,16:05:44,15,0,36.7,1.0,14.4,14.3,2,1,1.00,CYCLE,N
IND,208,7604,59466,25/03/2021,16:07:54,15,0,30.9,1.1,130.7,130.6,2,1,1.00,CYCLE,N
IND,208,7604,59466,25/03/2021,16:09:57,15,0,40.7,1.0,122.1,122.0,2,1,1.00,CYCLE,N
IND,208,7604,59467,25/03/2021,16:11:55,15,1,15.5,1.0,549.6,549.5,2,1,1.00,CYCLE,S
IND,208,7604,59467,25/03/2021,16:12:09,15,1,20.3,1.0,13.6,13.4,2,1,1.00,CYCLE,S
IND,208,7604,59466,25/03/2021,16:12:20,15,0,35.6,1.0,137.5,137.4,2,1,1.00,CYCLE,N
IND,208,7604,59467,25/03/2021,16:12:28,15,1,13.1,1.0,19.8,19.7,2,1,1.00,CYCLE,S
IND,208,7604,59467,25/03/2021,16:15:47,15,1,18.9,1.0,198.9,198.6,2,1,1.00,CYCLE,S
IND,208,7604,59466,25/03/2021,16:15:57,15,0,39.9,1.1,216.8,216.7,2,1,1.00,CYCLE,N
IND,208,7604,59467,25/03/2021,16:16:46,15,1,21.0,1.0,58.2,58.0,2,1,1.00,CYCLE,S
IND,208,7604,59467,25/03/2021,16:18:46,15,1,20.5,1.0,120.2,120.1,2,1,1.00,CYCLE,S
IND,208,7604,59467,25/03/2021,16:19:14,15,1,14.5,1.0,28.5,28.3,2,1,1.00,CYCLE,S
IND,208,7604,59466,25/03/2021,16:20:38,15,0,34.5,1.0,240.4,240.2,2,1,1.00,CYCLE,N
IND,208,7604,59467,25/03/2021,16:20:43,15,1,14.8,1.0,88.9,88.7,2,1,1.00,CYCLE,S
IND,208,7604,59467,25/03/2021,16:22:34,15,1,16.3,1.1,110.8,110.6,2,1,1.00,CYCLE,S
IND,208,7604,59466,25/03/2021,16:22:58,15,0,25.4,1.0,140.7,140.6,2,1,1.00,CYCLE,N
IND,208,7604,59466,25/03/2021,16:24:56,15,0,36.1,1.0,118.0,117.8,2,1,1.00,CYCLE,N
IND,208,7604,59466,25/03/2021,16:26:49,15,0,39.9,1.0,112.2,112.1,2,1,1.00,CYCLE,N
IND,208,7604,59467,25/03/2021,16:27:18,15,1,12.9,1.1,284.0,283.7,2,1,1.00,CYCLE,S
IND,208,7604,59466,25/03/2021,16:30:36,15,0,37.3,1.0,227.6,227.6,2,1,1.00,CYCLE,N
IND,208,7604,59467,25/03/2021,16:31:36,15,1,22.4,1.0,258.2,257.8,2,1,1.00,CYCLE,S
IND,208,7604,59466,25/03/2021,16:31:53,15,0,35.2,1.0,77.2,77.2,2,1,1.00,CYCLE,N
IND,208,7604,59467,25/03/2021,16:32:06,15,1,17.1,1.0,29.4,29.3,2,1,1.00,CYCLE,S
IND,208,7604,59466,25/03/2021,16:33:16,15,0,32.9,1.0,82.5,82.4,2,1,1.00,CYCLE,N
IND,208,7604,59467,25/03/2021,16:36:25,15,1,22.2,1.0,259.3,259.1,2,1,1.00,CYCLE,S
IND,208,7604,59466,25/03/2021,16:36:31,15,0,38.0,1.0,194.8,194.7,2,1,1.00,CYCLE,N
IND,208,7604,59466,25/03/2021,16:38:15,15,0,39.2,1.1,104.4,104.3,2,1,1.00,CYCLE,N
IND,208,7604,59466,25/03/2021,16:38:31,15,0,43.4,1.2,16.0,15.9,2,1,1.00,CYCLE,N
IND,208,7604,59466,25/03/2021,16:38:52,15,0,39.1,1.0,20.8,20.7,2,1,1.00,CYCLE,N
IND,208,7604,59466,25/03/2021,16:38:53,15,0,40.2,1.0,1.1,1.0,2,1,1.00,CYCLE,N
IND,208,7604,59466,25/03/2021,16:39:25,15,0,38.8,1.0,31.9,31.8,2,1,1.00,CYCLE,N
IND,208,7604,59466,25/03/2021,16:39:45,15,0,42.2,1.0,20.4,20.4,2,1,1.00,CYCLE,N
IND,208,7604,59466,25/03/2021,16:39:58,15,0,33.7,1.1,12.3,12.2,2,1,1.00,CYCLE,N
IND,208,7604,59466,25/03/2021,16:40:11,15,0,36.6,1.0,13.1,13.0,2,1,1.00,CYCLE,N
IND,208,7604,59466,25/03/2021,16:40:26,15,0,32.2,1.0,15.4,15.3,2,1,1.00,CYCLE,N
IND,208,7604,59467,25/03/2021,16:40:38,15,1,15.7,1.1,252.8,252.7,2,1,1.00,CYCLE,S
IND,208,7604,59467,25/03/2021,16:41:25,15,1,27.2,1.0,47.3,47.0,2,1,1.00,CYCLE,S
IND,208,7604,59467,25/03/2021,16:42:15,15,1,13.9,1.0,49.7,49.6,2,1,1.00,CYCLE,S
IND,208,7604,59467,25/03/2021,16:43:34,15,1,17.4,1.1,79.1,78.8,2,1,1.00,CYCLE,S
IND,208,7604,59467,25/03/2021,16:43:53,15,1,22.7,1.0,19.2,19.0,2,1,1.00,CYCLE,S
IND,208,7604,59467,25/03/2021,16:44:04,15,1,22.6,1.1,11.2,11.0,2,1,1.00,CYCLE,S
IND,208,7604,59466,25/03/2021,16:45:56,15,0,31.2,1.1,329.7,329.6,2,1,1.00,CYCLE,N
IND,208,7604,59467,25/03/2021,16:45:58,15,1,10.1,1.1,114.2,114.0,2,1,1.00,CYCLE,S
IND,208,7604,59466,25/03/2021,16:46:37,15,0,38.3,1.0,41.6,41.5,2,1,1.00,CYCLE,N
IND,208,7604,59466,25/03/2021,16:47:26,15,0,37.0,1.1,48.4,48.3,2,1,1.00,CYCLE,N
IND,208,7604,59466,25/03/2021,16:50:16,15,0,33.7,1.1,169.7,169.6,2,1,1.00,CYCLE,N
IND,208,7604,59466,25/03/2021,16:53:17,15,0,38.8,1.2,181.6,181.4,2,1,1.00,CYCLE,N
IND,208,7604,59466,25/03/2021,16:53:58,15,0,35.8,1.1,41.2,41.1,2,1,1.00,CYCLE,N
IND,208,7604,59466,25/03/2021,16:54:54,15,0,37.1,1.1,55.9,55.8,2,1,1.00,CYCLE,N
IND,208,7604,59466,25/03/2021,16:54:56,15,0,30.4,1.0,2.1,2.0,2,1,1.00,CYCLE,N
IND,208,7604,59466,25/03/2021,16:55:50,15,0,36.8,1.0,53.6,53.5,2,1,1.00,CYCLE,N
IND,208,7604,59467,25/03/2021,16:57:04,15,1,15.8,1.0,665.8,665.4,2,1,1.00,CYCLE,S
IND,208,7604,59466,25/03/2021,16:58:37,15,0,35.1,1.2,166.8,166.7,2,1,1.00,CYCLE,N
IND,208,7604,59466,25/03/2021,16:59:08,15,0,39.8,1.0,31.6,31.5,2,1,1.00,CYCLE,N
IND,208,7604,59466,25/03/2021,16:59:58,15,0,39.5,1.1,49.8,49.7,2,1,1.00,CYCLE,N
IND,208,7604,59466,25/03/2021,17:00:04,15,0,34.8,1.1,6.2,6.1,2,1,1.00,CYCLE,N
IND,208,7604,59467,25/03/2021,17:02:34,15,1,20.1,1.0,329.9,329.7,2,1,1.00,CYCLE,S
IND,208,7604,59466,25/03/2021,17:03:22,15,0,32.8,1.1,197.7,197.6,2,1,1.00,CYCLE,N
IND,208,7604,59467,25/03/2021,17:04:05,15,1,13.7,1.1,90.6,90.4,2,1,1.00,CYCLE,S
IND,208,7604,59466,25/03/2021,17:05:12,15,0,32.5,1.0,110.2,110.1,2,1,1.00,CYCLE,N
IND,208,7604,59466,25/03/2021,17:05:33,15,0,35.8,1.0,20.4,20.2,2,1,1.00,CYCLE,N
IND,208,7604,59466,25/03/2021,17:05:45,15,0,38.3,1.0,12.7,12.6,2,1,1.00,CYCLE,N
IND,208,7604,59466,25/03/2021,17:06:50,15,0,36.2,1.1,65.1,65.0,2,1,1.00,CYCLE,N
IND,208,7604,59466,25/03/2021,17:07:17,15,0,32.0,1.1,26.9,26.8,2,1,1.00,CYCLE,N
IND,208,7604,59467,25/03/2021,17:09:18,15,1,22.8,1.0,313.0,312.7,2,1,1.00,CYCLE,S
IND,208,7604,59467,25/03/2021,17:09:58,15,1,14.9,1.1,40.3,40.2,2,1,1.00,CYCLE,S
IND,208,7604,59466,25/03/2021,17:10:03,15,0,33.3,1.1,95.9,95.9,2,1,1.00,CYCLE,N
IND,208,7604,59466,25/03/2021,17:10:23,15,0,35.3,1.0,19.6,19.4,2,1,1.00,CYCLE,N
IND,208,7604,59466,25/03/2021,17:10:39,15,0,37.2,1.1,15.9,15.8,2,1,1.00,CYCLE,N
IND,208,7604,59466,25/03/2021,17:11:18,15,0,24.7,1.1,39.4,39.3,2,1,1.00,CYCLE,N
IND,208,7604,59466,25/03/2021,17:13:19,15,0,34.0,1.0,120.4,120.3,2,1,1.00,CYCLE,N
IND,208,7604,59466,25/03/2021,17:13:27,15,0,35.1,1.0,8.2,8.1,2,1,1.00,CYCLE,N
IND,208,7604,59466,25/03/2021,17:19:08,15,0,37.0,1.0,341.8,341.6,2,1,1.00,CYCLE,N
IND,208,7604,59466,25/03/2021,17:20:42,15,0,37.7,1.0,93.9,93.8,2,1,1.00,CYCLE,N
IND,208,7604,59467,25/03/2021,17:23:22,15,1,14.7,1.0,754.2,754.0,2,1,1.00,CYCLE,S
IND,208,7604,59467,25/03/2021,17:23:40,15,1,17.8,1.0,17.5,17.3,2,1,1.00,CYCLE,S
IND,208,7604,59466,25/03/2021,17:23:42,15,0,37.3,1.0,179.8,179.7,2,1,1.00,CYCLE,N
IND,208,7604,59466,25/03/2021,17:25:19,15,0,35.3,1.1,96.6,96.5,2,1,1.00,CYCLE,N
IND,208,7604,59466,25/03/2021,17:25:27,15,0,36.8,1.0,7.9,7.8,2,1,1.00,CYCLE,N
IND,208,7604,59467,25/03/2021,17:25:30,15,1,25.0,1.0,110.0,109.8,2,1,1.00,CYCLE,S
IND,208,7604,59467,25/03/2021,17:25:56,15,1,19.9,1.0,25.8,25.7,2,1,1.00,CYCLE,S
IND,208,7604,59466,25/03/2021,17:27:23,15,0,35.4,1.0,116.7,116.6,2,1,1.00,CYCLE,N
IND,208,7604,59466,25/03/2021,17:27:28,15,0,34.9,1.1,4.4,4.3,2,1,1.00,CYCLE,N
IND,208,7604,59466,25/03/2021,17:27:47,15,0,36.1,1.2,19.6,19.5,2,1,1.00,CYCLE,N
IND,208,7604,59466,25/03/2021,17:28:04,15,0,38.0,1.0,16.9,16.8,2,1,1.00,CYCLE,N
IND,208,7604,59466,25/03/2021,17:28:10,15,0,36.9,1.0,5.5,5.4,2,1,1.00,CYCLE,N
IND,208,7604,59466,25/03/2021,17:30:30,15,0,35.4,1.0,140.3,140.2,2,1,1.00,CYCLE,N
IND,208,7604,59466,25/03/2021,17:30:46,15,0,37.9,1.0,15.5,15.4,2,1,1.00,CYCLE,N
IND,208,7604,59466,25/03/2021,17:31:02,15,0,36.4,1.1,16.3,16.2,2,1,1.00,CYCLE,N
IND,208,7604,59466,25/03/2021,17:31:47,15,0,37.8,1.0,45.1,45.0,2,1,1.00,CYCLE,N
IND,208,7604,59467,25/03/2021,17:32:12,15,1,12.9,1.0,375.8,375.6,2,1,1.00,CYCLE,S
IND,208,7604,59466,25/03/2021,17:32:47,15,0,18.0,1.0,60.0,59.9,2,1,1.00,CYCLE,N
IND,208,7604,59466,25/03/2021,17:35:23,15,0,37.2,1.1,156.0,155.8,2,1,1.00,CYCLE,N
IND,208,7604,59466,25/03/2021,17:36:55,15,0,37.3,1.0,92.2,92.1,2,1,1.00,CYCLE,N
IND,208,7604,59466,25/03/2021,17:37:06,15,0,43.4,1.0,11.0,10.9,2,1,1.00,CYCLE,N
IND,208,7604,59466,25/03/2021,17:39:47,15,0,32.3,1.1,160.5,160.4,2,1,1.00,CYCLE,N
IND,208,7604,59466,25/03/2021,17:42:43,15,0,37.4,1.0,175.8,175.6,2,1,1.00,CYCLE,N
IND,208,7604,59467,25/03/2021,17:43:21,15,1,14.8,1.0,537.3,537.0,2,1,1.00,CYCLE,S
IND,208,7604,59466,25/03/2021,17:43:26,15,0,33.2,1.1,43.1,43.1,2,1,1.00,CYCLE,N
IND,208,7604,59467,25/03/2021,17:44:25,15,1,24.2,1.0,64.3,64.0,2,1,1.00,CYCLE,S
IND,208,7604,59466,25/03/2021,17:44:30,15,0,36.9,1.0,64.0,63.9,2,1,1.00,CYCLE,N
IND,208,7604,59466,25/03/2021,17:47:37,15,0,37.6,1.1,187.4,187.3,2,1,1.00,CYCLE,N
IND,208,7604,59466,25/03/2021,17:48:52,15,0,42.7,1.1,75.2,75.1,2,1,1.00,CYCLE,N
IND,208,7604,59467,25/03/2021,17:48:59,15,1,22.8,1.1,273.6,273.5,2,1,1.00,CYCLE,S
IND,208,7604,59466,25/03/2021,17:50:44,15,0,36.3,1.0,112.0,111.9,2,1,1.00,CYCLE,N
IND,208,7604,59466,25/03/2021,17:51:36,15,0,36.7,1.1,51.8,51.7,2,1,1.00,CYCLE,N
IND,208,7604,59466,25/03/2021,17:51:37,15,0,36.4,1.0,0.4,0.3,2,1,1.00,CYCLE,N
IND,208,7604,59466,25/03/2021,17:51:37,15,0,39.1,1.1,0.6,0.5,2,1,1.00,CYCLE,N
IND,208,7604,59466,25/03/2021,17:53:16,15,0,37.1,1.0,98.4,98.3,2,1,1.00,CYCLE,N
IND,208,7604,59466,25/03/2021,17:54:44,15,0,24.1,1.0,88.6,88.5,2,1,1.00,CYCLE,N
IND,208,7604,59466,25/03/2021,17:54:45,15,0,24.5,1.0,1.2,1.0,2,1,1.00,CYCLE,N
IND,208,7604,59466,25/03/2021,17:54:46,15,0,26.7,1.1,1.1,0.9,2,1,1.00,CYCLE,N
IND,208,7604,59466,25/03/2021,17:54:48,15,0,24.2,1.1,1.3,1.2,2,1,1.00,CYCLE,N
IND,208,7604,59466,25/03/2021,17:54:48,15,0,25.3,1.1,0.7,0.5,2,1,1.00,CYCLE,N
IND,208,7604,59466,25/03/2021,17:54:49,15,0,24.9,1.0,0.6,0.5,2,1,1.00,CYCLE,N
IND,208,7604,59466,25/03/2021,17:56:09,15,0,36.5,1.2,80.4,80.3,2,1,1.00,CYCLE,N
IND,208,7604,59467,25/03/2021,17:59:07,15,1,19.8,1.0,608.4,608.2,2,1,1.00,CYCLE,S
IND,208,7604,59466,25/03/2021,18:01:34,15,0,38.3,1.0,271.0,270.9,2,1,1.00,CYCLE,N
IND,208,7604,59467,25/03/2021,18:02:42,15,1,25.1,1.0,214.9,214.8,2,1,1.00,CYCLE,S
IND,208,7604,59467,25/03/2021,18:02:52,15,1,25.0,1.0,9.2,9.1,2,1,1.00,CYCLE,S
IND,208,7604,59466,25/03/2021,18:04:08,15,0,36.2,1.0,154.3,154.2,2,1,1.00,CYCLE,N
IND,208,7604,59466,25/03/2021,18:07:18,15,0,36.6,1.1,189.4,189.3,2,1,1.00,CYCLE,N
IND,208,7604,59467,25/03/2021,18:08:45,15,1,18.0,1.0,353.8,353.6,2,1,1.00,CYCLE,S
IND,208,7604,59467,25/03/2021,18:09:56,15,1,18.8,1.1,70.5,70.3,2,1,1.00,CYCLE,S
IND,208,7604,59466,25/03/2021,18:13:32,15,0,35.5,1.1,374.6,374.5,2,1,1.00,CYCLE,N
IND,208,7604,59466,25/03/2021,18:14:00,15,0,23.2,1.1,27.3,27.2,2,1,1.00,CYCLE,N
IND,208,7604,59466,25/03/2021,18:14:07,15,0,33.9,1.2,7.5,7.3,2,1,1.00,CYCLE,N
IND,208,7604,59466,25/03/2021,18:17:18,15,0,37.1,1.0,190.8,190.7,2,1,1.00,CYCLE,N
IND,208,7604,59466,25/03/2021,18:18:38,15,0,35.3,1.0,80.1,80.0,2,1,1.00,CYCLE,N
IND,208,7604,59467,25/03/2021,18:20:22,15,1,24.6,1.0,626.3,626.1,2,1,1.00,CYCLE,S
IND,208,7604,59466,25/03/2021,18:20:36,15,0,36.2,1.1,117.6,117.5,2,1,1.00,CYCLE,N
IND,208,7604,59466,25/03/2021,18:21:03,15,0,30.9,1.0,27.7,27.6,2,1,1.00,CYCLE,N
IND,208,7604,59466,25/03/2021,18:22:01,15,0,30.2,1.1,57.5,57.4,2,1,1.00,CYCLE,N
IND,208,7604,59467,25/03/2021,18:22:58,15,1,16.4,1.1,155.7,155.6,2,1,1.00,CYCLE,S
IND,208,7604,59466,25/03/2021,18:24:05,15,0,40.8,1.1,123.7,123.6,2,1,1.00,CYCLE,N
IND,208,7604,59466,25/03/2021,18:24:43,15,0,34.0,1.1,37.9,37.8,2,1,1.00,CYCLE,N
IND,208,7604,59466,25/03/2021,18:29:16,15,0,37.1,1.0,273.6,273.5,2,1,1.00,CYCLE,N
IND,208,7604,59466,25/03/2021,18:29:56,15,0,35.7,1.1,39.4,39.3,2,1,1.00,CYCLE,N
IND,208,7604,59467,25/03/2021,18:47:17,15,1,17.0,1.1,1459.7,1459.5,2,1,1.00,CYCLE,S
IND,208,7604,59467,25/03/2021,18:51:22,15,1,23.4,1.0,245.0,244.7,2,1,1.00,CYCLE,S
IND,208,7604,59467,25/03/2021,18:52:17,15,1,16.9,1.2,54.8,54.7,2,1,1.00,CYCLE,S
IND,208,7604,59466,25/03/2021,19:04:55,15,0,31.5,1.0,2099.3,2099.2,2,1,1.00,CYCLE,N
IND,208,7604,59466,25/03/2021,19:18:54,15,0,36.8,1.1,838.9,838.8,2,1,1.00,CYCLE,N
IND,208,7604,59467,25/03/2021,19:25:26,15,1,15.3,1.0,1988.6,1988.3,2,1,1.00,CYCLE,S
IND,208,7604,59467,25/03/2021,19:25:26,15,1,14.8,1.0,0.7,0.5,2,1,1.00,CYCLE,S
IND,208,7604,59466,25/03/2021,19:28:24,15,0,31.8,1.0,165.1,165.1,2,1,1.00,CYCLE,N
IND,208,7604,59466,25/03/2021,19:34:35,15,0,34.5,1.0,370.9,370.8,2,1,1.00,CYCLE,N
IND,208,7604,59466,25/03/2021,19:35:05,15,0,35.7,1.2,29.6,29.5,2,1,1.00,CYCLE,N
IND,208,7604,59466,25/03/2021,19:39:49,15,0,37.3,1.1,283.8,283.6,2,1,1.00,CYCLE,N
IND,208,7604,59466,25/03/2021,19:39:50,15,0,40.4,1.2,1.5,1.4,2,1,1.00,CYCLE,N
IND,208,7604,59466,25/03/2021,19:39:57,15,0,37.1,1.1,6.9,6.8,2,1,1.00,CYCLE,N
IND,208,7604,59466,25/03/2021,19:47:38,15,0,34.3,1.1,461.0,460.9,2,1,1.00,CYCLE,N
IND,208,7604,59466,25/03/2021,20:10:18,15,0,40.7,1.2,1359.5,1359.4,2,1,1.00,CYCLE,N
IND,208,7604,59466,25/03/2021,20:29:21,15,0,37.9,1.0,1143.2,1143.1,2,1,1.00,CYCLE,N
IND,208,7604,59466,25/03/2021,20:48:40,15,0,35.3,1.1,1159.6,1159.5,2,1,1.00,CYCLE,N
IND,208,7604,59467,25/03/2021,21:23:04,15,1,28.8,1.0,7057.9,7057.7,2,1,1.00,CYCLE,S
IND,208,7604,59467,25/03/2021,21:23:06,15,1,26.9,1.1,1.1,1.0,2,1,1.00,CYCLE,S
IND,208,7604,59467,25/03/2021,21:23:07,15,1,26.4,1.1,0.7,0.5,2,1,1.00,CYCLE,S
IND,208,7604,59466,25/03/2021,21:45:34,15,0,36.5,1.0,3414.1,3414.0,2,1,1.00,CYCLE,N
IND,208,7604,59467,26/03/2021,04:24:43,15,1,19.2,1.0,25295.8,25295.6,2,1,1.00,CYCLE,S
IND,208,7604,59466,26/03/2021,04:55:44,15,0,35.3,1.0,25809.1,25809.1,2,1,1.00,CYCLE,N
IND,208,7604,59466,26/03/2021,04:56:15,15,0,35.7,1.0,31.5,31.4,2,1,1.00,CYCLE,N
IND,208,7604,59467,26/03/2021,04:58:29,15,1,22.3,1.0,2026.1,2025.9,2,1,1.00,CYCLE,S
IND,208,7604,59467,26/03/2021,04:59:15,15,1,16.8,1.0,46.0,45.8,2,1,1.00,CYCLE,S
IND,208,7604,59467,26/03/2021,05:02:21,15,1,20.3,1.1,186.7,186.4,2,1,1.00,CYCLE,S
IND,208,7604,59466,26/03/2021,05:08:33,15,0,30.3,1.1,737.9,737.8,2,1,1.00,CYCLE,N
IND,208,7604,59467,26/03/2021,05:23:29,15,1,11.8,1.1,1267.7,1267.5,2,1,1.00,CYCLE,S
IND,208,7604,59467,26/03/2021,05:25:51,15,1,18.3,1.0,142.2,141.8,2,1,1.00,CYCLE,S
IND,208,7604,59467,26/03/2021,05:28:57,15,1,19.1,1.0,186.0,185.8,2,1,1.00,CYCLE,S
IND,208,7604,59467,26/03/2021,05:29:00,15,1,18.3,1.1,2.3,2.1,2,1,1.00,CYCLE,S
IND,208,7604,59467,26/03/2021,05:32:36,15,1,16.5,1.0,216.0,215.8,2,1,1.00,CYCLE,S
IND,208,7604,59467,26/03/2021,05:32:36,15,1,16.5,1.0,0.0,0.0,2,1,1.00,CYCLE,S
IND,208,7604,59467,26/03/2021,05:32:56,15,1,19.7,1.1,20.8,20.4,2,1,1.00,CYCLE,S
IND,208,7604,59466,26/03/2021,05:37:27,15,0,30.2,1.0,1734.1,1734.0,2,1,1.00,CYCLE,N
IND,208,7604,59466,26/03/2021,05:37:28,15,0,32.7,1.0,0.5,0.4,2,1,1.00,CYCLE,N
IND,208,7604,59466,26/03/2021,05:39:06,15,0,36.0,1.0,98.7,98.6,2,1,1.00,CYCLE,N
IND,208,7604,59466,26/03/2021,05:39:10,15,0,38.6,1.0,4.1,4.0,2,1,1.00,CYCLE,N
IND,208,7604,59466,26/03/2021,05:39:12,15,0,40.3,1.0,1.7,1.6,2,1,1.00,CYCLE,N
IND,208,7604,59467,26/03/2021,05:39:55,15,1,22.4,1.0,418.9,418.7,2,1,1.00,CYCLE,S
IND,208,7604,59466,26/03/2021,05:44:31,15,0,36.8,1.1,318.6,318.5,2,1,1.00,CYCLE,N
IND,208,7604,59467,26/03/2021,05:46:44,15,1,19.2,1.0,408.7,408.5,2,1,1.00,CYCLE,S
IND,208,7604,59466,26/03/2021,05:47:15,15,0,28.2,1.0,164.5,164.4,2,1,1.00,CYCLE,N
IND,208,7604,59467,26/03/2021,05:47:37,15,1,19.2,1.1,52.7,52.5,2,1,1.00,CYCLE,S
IND,208,7604,59467,26/03/2021,05:49:40,15,1,22.4,1.0,123.6,123.3,2,1,1.00,CYCLE,S
IND,208,7604,59467,26/03/2021,05:50:29,15,1,23.6,1.0,49.2,49.1,2,1,1.00,CYCLE,S
IND,208,7604,59467,26/03/2021,05:51:03,15,1,17.3,1.0,33.5,33.4,2,1,1.00,CYCLE,S
IND,208,7604,59467,26/03/2021,05:51:03,15,1,17.3,1.0,0.0,0.0,2,1,1.00,CYCLE,S
IND,208,7604,59467,26/03/2021,05:51:05,15,1,18.3,1.0,2.3,2.0,2,1,1.00,CYCLE,S
IND,208,7604,59467,26/03/2021,05:51:34,15,1,24.5,1.0,28.7,28.4,2,1,1.00,CYCLE,S
IND,208,7604,59467,26/03/2021,05:51:35,15,1,25.0,1.0,0.7,0.6,2,1,1.00,CYCLE,S
IND,208,7604,59467,26/03/2021,05:51:35,15,1,25.1,1.0,0.5,0.3,2,1,1.00,CYCLE,S
IND,208,7604,59467,26/03/2021,05:51:52,15,1,21.8,1.0,16.7,16.6,2,1,1.00,CYCLE,S
IND,208,7604,59466,26/03/2021,05:53:19,15,0,26.3,1.0,363.9,363.7,2,1,1.00,CYCLE,N
IND,208,7604,59466,26/03/2021,05:53:19,15,0,25.4,1.0,0.4,0.2,2,1,1.00,CYCLE,N
IND,208,7604,59466,26/03/2021,05:53:24,15,0,33.0,1.0,4.5,4.3,2,1,1.00,CYCLE,N
IND,208,7604,59467,26/03/2021,05:54:11,15,1,20.8,1.0,139.0,138.8,2,1,1.00,CYCLE,S
IND,208,7604,59467,26/03/2021,05:54:41,15,1,25.9,1.1,30.1,29.9,2,1,1.00,CYCLE,S
IND,208,7604,59466,26/03/2021,05:56:29,15,0,35.4,1.0,185.2,185.1,2,1,1.00,CYCLE,N
IND,208,7604,59467,26/03/2021,05:57:14,15,1,22.4,1.0,153.4,153.2,2,1,1.00,CYCLE,S
IND,208,7604,59467,26/03/2021,05:58:00,15,1,16.3,1.0,45.6,45.4,2,1,1.00,CYCLE,S
IND,208,7604,59467,26/03/2021,05:58:00,15,1,16.5,1.0,0.6,0.3,2,1,1.00,CYCLE,S
IND,208,7604,59467,26/03/2021,05:59:21,15,1,22.7,1.0,80.4,80.1,2,1,1.00,CYCLE,S
IND,208,7604,59467,26/03/2021,05:59:48,15,1,20.8,1.0,27.0,26.9,2,1,1.00,CYCLE,S
IND,208,7604,59467,26/03/2021,05:59:55,15,1,23.9,1.1,7.0,6.8,2,1,1.00,CYCLE,S
IND,208,7604,59466,26/03/2021,06:00:33,15,0,39.3,1.2,244.1,244.0,2,1,1.00,CYCLE,N
IND,208,7604,59466,26/03/2021,06:01:25,15,0,38.5,1.0,51.4,51.3,2,1,1.00,CYCLE,N
IND,208,7604,59467,26/03/2021,06:02:08,15,1,14.4,1.0,133.1,133.0,2,1,1.00,CYCLE,S
IND,208,7604,59466,26/03/2021,06:03:00,15,0,31.7,1.1,94.9,94.8,2,1,1.00,CYCLE,N
IND,208,7604,59467,26/03/2021,06:04:07,15,1,24.1,1.0,119.2,119.0,2,1,1.00,CYCLE,S
IND,208,7604,59467,26/03/2021,06:04:08,15,1,23.5,1.0,0.4,0.3,2,1,1.00,CYCLE,S
IND,208,7604,59467,26/03/2021,06:04:08,15,1,24.3,1.0,0.8,0.6,2,1,1.00,CYCLE,S
IND,208,7604,59467,26/03/2021,06:04:14,15,1,20.6,1.0,5.5,5.4,2,1,1.00,CYCLE,S
IND,208,7604,59466,26/03/2021,06:05:18,15,0,34.7,1.1,138.6,138.4,2,1,1.00,CYCLE,N
IND,208,7604,59467,26/03/2021,06:05:59,15,1,21.9,1.0,105.6,105.4,2,1,1.00,CYCLE,S
IND,208,7604,59467,26/03/2021,06:06:00,15,1,19.8,1.2,0.8,0.7,2,1,1.00,CYCLE,S
IND,208,7604,59467,26/03/2021,06:06:28,15,1,12.1,1.1,28.0,27.8,2,1,1.00,CYCLE,S
IND,208,7604,59467,26/03/2021,06:09:15,15,1,15.8,1.0,166.9,166.5,2,1,1.00,CYCLE,S
IND,208,7604,59467,26/03/2021,06:10:24,15,1,23.4,1.0,69.4,69.2,2,1,1.00,CYCLE,S
IND,208,7604,59467,26/03/2021,06:11:45,15,1,22.3,1.0,80.9,80.7,2,1,1.00,CYCLE,S
IND,208,7604,59467,26/03/2021,06:12:11,15,1,16.6,1.0,25.9,25.8,2,1,1.00,CYCLE,S
IND,208,7604,59467,26/03/2021,06:12:16,15,1,23.3,1.0,4.2,4.0,2,1,1.00,CYCLE,S
IND,208,7604,59467,26/03/2021,06:13:48,15,1,16.1,1.1,92.7,92.6,2,1,1.00,CYCLE,S
IND,208,7604,59467,26/03/2021,06:15:11,15,1,20.6,1.0,82.4,82.2,2,1,1.00,CYCLE,S
IND,208,7604,59466,26/03/2021,06:16:52,15,0,32.2,1.0,693.9,693.7,2,1,1.00,CYCLE,N
IND,208,7604,59466,26/03/2021,06:18:29,15,0,31.9,1.0,96.6,96.4,2,1,1.00,CYCLE,N
IND,208,7604,59466,26/03/2021,06:19:00,15,0,37.6,1.0,30.9,30.8,2,1,1.00,CYCLE,N
IND,208,7604,59467,26/03/2021,06:20:31,15,1,17.4,1.0,320.3,320.1,2,1,1.00,CYCLE,S
IND,208,7604,59467,26/03/2021,06:21:25,15,1,16.0,1.0,53.9,53.7,2,1,1.00,CYCLE,S
IND,208,7604,59467,26/03/2021,06:22:28,15,1,18.0,1.0,63.3,63.1,2,1,1.00,CYCLE,S
IND,208,7604,59467,26/03/2021,06:22:46,15,1,24.7,1.0,18.2,18.0,2,1,1.00,CYCLE,S
IND,208,7604,59467,26/03/2021,06:23:49,15,1,13.5,1.0,62.4,62.3,2,1,1.00,CYCLE,S
IND,208,7604,59467,26/03/2021,06:25:09,15,1,19.4,1.0,80.5,80.2,2,1,1.00,CYCLE,S
IND,208,7604,59466,26/03/2021,06:27:14,15,0,40.5,1.0,494.9,494.8,2,1,1.00,CYCLE,N
IND,208,7604,59467,26/03/2021,06:28:03,15,1,16.9,1.0,173.4,173.2,2,1,1.00,CYCLE,S
IND,208,7604,59466,26/03/2021,06:29:10,15,0,37.3,1.0,115.7,115.6,2,1,1.00,CYCLE,N
IND,208,7604,59466,26/03/2021,06:29:35,15,0,36.7,1.1,24.5,24.4,2,1,1.00,CYCLE,N
IND,208,7604,59467,26/03/2021,06:29:58,15,1,25.2,1.1,60.9,60.8,2,1,1.00,CYCLE,S
IND,208,7604,59466,26/03/2021,06:30:46,15,0,40.8,1.0,71.1,71.0,2,1,1.00,CYCLE,N
IND,208,7604,59467,26/03/2021,06:30:53,15,1,17.3,1.1,54.1,54.0,2,1,1.00,CYCLE,S
IND,208,7604,59466,26/03/2021,06:30:56,15,0,35.6,1.0,10.8,10.7,2,1,1.00,CYCLE,N
IND,208,7604,59466,26/03/2021,06:31:05,15,0,35.1,1.1,8.8,8.7,2,1,1.00,CYCLE,N
IND,208,7604,59467,26/03/2021,06:31:34,15,1,21.9,1.1,41.0,40.7,2,1,1.00,CYCLE,S
IND,208,7604,59467,26/03/2021,06:32:51,15,1,11.9,1.0,77.1,77.0,2,1,1.00,CYCLE,S
IND,208,7604,59466,26/03/2021,06:34:04,15,0,36.9,1.0,178.6,178.5,2,1,1.00,CYCLE,N
IND,208,7604,59466,26/03/2021,06:34:05,15,0,37.4,1.0,0.7,0.6,2,1,1.00,CYCLE,N
IND,208,7604,59466,26/03/2021,06:34:07,15,0,39.3,1.0,2.2,2.1,2,1,1.00,CYCLE,N
IND,208,7604,59466,26/03/2021,06:34:15,15,0,39.4,1.0,8.1,8.0,2,1,1.00,CYCLE,N
IND,208,7604,59466,26/03/2021,06:34:16,15,0,38.1,1.0,0.9,0.8,2,1,1.00,CYCLE,N
IND,208,7604,59466,26/03/2021,06:35:07,15,0,36.0,1.0,51.4,51.3,2,1,1.00,CYCLE,N
IND,208,7604,59467,26/03/2021,06:36:38,15,1,19.9,1.0,227.3,227.0,2,1,1.00,CYCLE,S
IND,208,7604,59467,26/03/2021,06:37:01,15,1,19.4,1.1,23.2,23.0,2,1,1.00,CYCLE,S
IND,208,7604,59467,26/03/2021,06:37:13,15,1,21.7,1.0,11.6,11.4,2,1,1.00,CYCLE,S
IND,208,7604,59467,26/03/2021,06:37:13,15,1,21.7,1.0,0.0,0.0,2,1,1.00,CYCLE,S
IND,208,7604,59466,26/03/2021,06:37:26,15,0,34.2,1.1,138.8,138.7,2,1,1.00,CYCLE,N
IND,208,7604,59467,26/03/2021,06:37:34,15,1,17.4,1.0,20.8,20.6,2,1,1.00,CYCLE,S
IND,208,7604,59467,26/03/2021,06:37:59,15,1,24.5,1.0,25.3,25.1,2,1,1.00,CYCLE,S
IND,208,7604,59466,26/03/2021,06:41:21,15,0,37.3,1.0,234.8,234.7,2,1,1.00,CYCLE,N
IND,208,7604,59467,26/03/2021,06:43:34,15,1,15.4,0.9,334.7,334.6,2,1,1.00,CYCLE,S
IND,208,7604,59467,26/03/2021,06:44:17,15,1,18.5,1.0,43.7,43.5,2,1,1.00,CYCLE,S
IND,208,7604,59466,26/03/2021,06:44:24,15,0,33.2,1.0,183.0,182.9,2,1,1.00,CYCLE,N
IND,208,7604,59467,26/03/2021,06:45:13,15,1,23.4,1.0,55.4,55.2,2,1,0.80,CYCLE,S
IND,208,7604,59467,26/03/2021,06:45:23,15,1,19.2,1.0,10.4,10.2,2,1,1.00,CYCLE,S
IND,208,7604,59467,26/03/2021,06:47:08,15,1,22.5,1.0,105.0,104.9,2,1,1.00,CYCLE,S
IND,208,7604,59466,26/03/2021,06:48:56,15,0,34.8,1.1,272.5,272.4,2,1,1.00,CYCLE,N
IND,208,7604,59467,26/03/2021,06:49:12,15,1,24.6,1.1,124.1,123.9,2,1,1.00,CYCLE,S
IND,208,7604,59467,26/03/2021,06:50:17,15,1,20.1,1.0,64.7,64.5,2,1,1.00,CYCLE,S
IND,208,7604,59466,26/03/2021,06:52:01,15,0,37.5,1.1,184.4,184.3,2,1,1.00,CYCLE,N
IND,208,7604,59467,26/03/2021,06:52:12,15,1,16.7,1.1,115.4,115.2,2,1,1.00,CYCLE,S
IND,208,7604,59467,26/03/2021,06:53:17,15,1,19.5,1.0,64.4,64.2,2,1,1.00,CYCLE,S
IND,208,7604,59467,26/03/2021,06:53:30,15,1,13.6,1.1,13.7,13.5,2,1,1.00,CYCLE,S
IND,208,7604,59466,26/03/2021,06:53:54,15,0,26.8,1.1,113.3,113.2,2,1,1.00,CYCLE,N
IND,208,7604,59467,26/03/2021,06:54:02,15,1,19.4,1.1,31.4,31.1,2,1,1.00,CYCLE,S
IND,208,7604,59467,26/03/2021,06:54:25,15,1,22.2,1.0,23.2,22.9,2,1,1.00,CYCLE,S
IND,208,7604,59467,26/03/2021,06:54:46,15,1,20.2,1.1,21.3,21.2,2,1,1.00,CYCLE,S
IND,208,7604,59467,26/03/2021,06:54:58,15,1,17.1,1.0,12.0,11.9,2,1,1.00,CYCLE,S
IND,208,7604,59466,26/03/2021,06:55:24,15,0,34.5,1.0,90.4,90.3,2,1,1.00,CYCLE,N
IND,208,7604,59466,26/03/2021,06:55:35,15,0,33.9,1.0,10.2,10.1,2,1,1.00,CYCLE,N
IND,208,7604,59466,26/03/2021,06:55:35,15,0,36.3,1.0,0.7,0.6,2,1,1.00,CYCLE,N
IND,208,7604,59467,26/03/2021,06:56:49,15,1,22.2,1.0,110.8,110.6,2,1,1.00,CYCLE,S
IND,208,7604,59467,26/03/2021,06:57:23,15,1,14.8,1.0,33.5,33.4,2,1,1.00,CYCLE,S
IND,208,7604,59467,26/03/2021,06:57:40,15,1,21.3,1.0,17.3,17.0,2,1,1.00,CYCLE,S
IND,208,7604,59467,26/03/2021,06:57:58,15,1,23.2,1.0,18.0,17.8,2,1,1.00,CYCLE,S
IND,208,7604,59467,26/03/2021,06:58:17,15,1,13.4,1.0,19.6,19.5,2,1,1.00,CYCLE,S
IND,208,7604,59467,26/03/2021,06:58:26,15,1,19.4,1.0,8.5,8.2,2,1,1.00,CYCLE,S
IND,208,7604,59467,26/03/2021,06:58:28,15,1,18.9,1.1,2.0,1.8,2,1,1.00,CYCLE,S
IND,208,7604,59467,26/03/2021,06:58:29,15,1,17.3,1.0,1.3,1.1,2,1,1.00,CYCLE,S
IND,208,7604,59466,26/03/2021,06:58:38,15,0,39.8,1.1,182.2,182.1,2,1,1.00,CYCLE,N
IND,208,7604,59467,26/03/2021,06:59:32,15,1,18.7,1.0,63.1,62.9,2,1,1.00,CYCLE,S
IND,208,7604,59467,26/03/2021,06:59:33,15,1,18.3,1.0,0.5,0.3,2,1,1.00,CYCLE,S
IND,208,7604,59467,26/03/2021,07:00:05,15,1,19.4,1.1,24.4,24.1,2,1,1.00,CYCLE,S
IND,208,7604,59467,26/03/2021,07:00:25,15,1,19.9,1.1,20.8,20.6,2,1,1.00,CYCLE,S
IND,208,7604,59466,26/03/2021,07:00:35,15,0,29.4,1.1,117.5,117.4,2,1,1.00,CYCLE,N
IND,208,7604,59467,26/03/2021,07:01:10,15,1,15.9,1.0,44.6,44.4,2,1,1.00,CYCLE,S
IND,208,7604,59467,26/03/2021,07:02:34,15,1,15.2,1.1,83.7,83.5,2,1,1.00,CYCLE,S
IND,208,7604,59467,26/03/2021,07:04:10,15,1,21.5,1.0,95.9,95.7,2,1,1.00,CYCLE,S
IND,208,7604,59466,26/03/2021,07:04:43,15,0,31.2,1.0,248.4,248.3,2,1,1.00,CYCLE,N
IND,208,7604,59466,26/03/2021,07:04:46,15,0,32.5,1.0,2.1,2.0,2,1,1.00,CYCLE,N
IND,208,7604,59466,26/03/2021,07:05:10,15,0,30.5,1.0,24.0,23.9,2,1,1.00,CYCLE,N
IND,208,7604,59467,26/03/2021,07:05:19,15,1,24.0,1.0,68.9,68.7,2,1,1.00,CYCLE,S
IND,208,7604,59467,26/03/2021,07:05:45,15,1,22.6,1.0,26.3,26.1,2,1,1.00,CYCLE,S
IND,208,7604,59467,26/03/2021,07:05:46,15,1,17.4,1.1,1.6,1.5,2,1,1.00,CYCLE,S
IND,208,7604,59467,26/03/2021,07:05:48,15,1,19.3,1.1,1.2,0.9,2,1,1.00,CYCLE,S
IND,208,7604,59466,26/03/2021,07:06:22,15,0,33.0,1.0,72.8,72.7,2,1,1.00,CYCLE,N
IND,208,7604,59467,26/03/2021,07:07:14,15,1,22.7,1.0,86.3,86.1,2,1,1.00,CYCLE,S
IND,208,7604,59467,26/03/2021,07:07:15,15,1,21.9,1.0,0.7,0.5,2,1,1.00,CYCLE,S
IND,208,7604,59467,26/03/2021,07:07:16,15,1,21.6,1.0,1.5,1.4,2,1,1.00,CYCLE,S
IND,208,7604,59466,26/03/2021,07:07:43,15,0,29.5,1.1,80.8,80.7,2,1,1.00,CYCLE,N
IND,208,7604,59466,26/03/2021,07:07:46,15,0,28.3,1.1,2.9,2.8,2,1,1.00,CYCLE,N
IND,208,7604,59467,26/03/2021,07:07:58,15,1,13.8,1.1,41.6,41.5,2,1,1.00,CYCLE,S
IND,208,7604,59467,26/03/2021,07:09:27,15,1,19.9,1.0,89.3,89.0,2,1,1.00,CYCLE,S
IND,208,7604,59466,26/03/2021,07:09:34,15,0,27.7,1.0,108.0,107.8,2,1,1.00,CYCLE,N
IND,208,7604,59467,26/03/2021,07:09:43,15,1,15.3,1.0,15.9,15.7,2,1,1.00,CYCLE,S
IND,208,7604,59467,26/03/2021,07:12:33,15,1,19.5,1.0,170.4,170.1,2,1,1.00,CYCLE,S
IND,208,7604,59466,26/03/2021,07:13:00,15,0,33.6,1.0,206.0,205.9,2,1,1.00,CYCLE,N
IND,208,7604,59467,26/03/2021,07:18:24,15,1,22.8,1.1,350.4,350.2,2,1,1.00,CYCLE,S
IND,208,7604,59467,26/03/2021,07:18:52,15,1,14.6,1.0,28.1,28.0,2,1,1.00,CYCLE,S
IND,208,7604,59467,26/03/2021,07:20:51,15,1,25.2,1.1,83.4,83.1,2,1,1.00,CYCLE,S
IND,208,7604,59467,26/03/2021,07:22:31,15,1,13.4,1.0,99.5,99.4,2,1,1.00,CYCLE,S
IND,208,7604,59466,26/03/2021,07:22:36,15,0,39.7,1.0,575.3,575.2,2,1,1.00,CYCLE,N
IND,208,7604,59467,26/03/2021,07:22:54,15,1,17.9,1.0,23.8,23.5,2,1,1.00,CYCLE,S
IND,208,7604,59466,26/03/2021,07:23:03,15,0,35.7,1.1,27.1,27.0,2,1,1.00,CYCLE,N
IND,208,7604,59467,26/03/2021,07:23:57,15,1,22.5,1.0,62.9,62.7,2,1,1.00,CYCLE,S
IND,208,7604,59466,26/03/2021,07:24:37,15,0,36.6,1.0,94.2,94.1,2,1,1.00,CYCLE,N
IND,208,7604,59466,26/03/2021,07:24:53,15,0,27.3,1.0,15.8,15.7,2,1,1.00,CYCLE,N
IND,208,7604,59466,26/03/2021,07:24:55,15,0,27.3,1.0,2.4,2.3,2,1,1.00,CYCLE,N
IND,208,7604,59467,26/03/2021,07:26:34,15,1,19.0,1.0,156.5,156.4,2,1,1.00,CYCLE,S
IND,208,7604,59467,26/03/2021,07:26:36,15,1,14.7,1.0,2.2,2.1,2,1,1.00,CYCLE,S
IND,208,7604,59466,26/03/2021,07:27:16,15,0,33.8,1.0,141.4,141.3,2,1,1.00,CYCLE,N
IND,208,7604,59466,26/03/2021,07:28:15,15,0,34.9,1.1,58.1,58.0,2,1,1.00,CYCLE,N
IND,208,7604,59466,26/03/2021,07:28:25,15,0,22.4,1.1,11.0,10.8,2,1,1.00,CYCLE,N
IND,208,7604,59466,26/03/2021,07:34:27,15,0,37.9,1.0,361.5,361.4,2,1,1.00,CYCLE,N
IND,208,7604,59467,26/03/2021,07:35:19,15,1,20.1,1.1,523.2,522.9,2,1,1.00,CYCLE,S
IND,208,7604,59467,26/03/2021,07:37:53,15,1,25.1,1.1,153.6,153.4,2,1,1.00,CYCLE,S
IND,208,7604,59466,26/03/2021,07:38:05,15,0,33.7,1.0,218.3,218.2,2,1,1.00,CYCLE,N
IND,208,7604,59466,26/03/2021,07:38:08,15,0,29.5,1.0,2.9,2.8,2,1,1.00,CYCLE,N
IND,208,7604,59466,26/03/2021,07:39:51,15,0,28.4,1.0,102.5,102.4,2,1,1.00,CYCLE,N
IND,208,7604,59467,26/03/2021,07:41:13,15,1,15.7,1.0,200.1,199.9,2,1,1.00,CYCLE,S
IND,208,7604,59466,26/03/2021,07:41:13,15,0,35.4,1.0,82.6,82.5,2,1,1.00,CYCLE,N
IND,208,7604,59467,26/03/2021,07:41:14,15,1,20.3,1.1,0.9,0.6,2,1,1.00,CYCLE,S
IND,208,7604,59466,26/03/2021,07:41:38,15,0,29.4,1.0,24.5,24.4,2,1,1.00,CYCLE,N
IND,208,7604,59466,26/03/2021,07:43:09,15,0,35.3,1.0,91.4,91.2,2,1,1.00,CYCLE,N
IND,208,7604,59467,26/03/2021,07:44:40,15,1,16.9,1.0,206.1,205.9,2,1,1.00,CYCLE,S
IND,208,7604,59466,26/03/2021,07:45:42,15,0,36.2,1.0,152.5,152.4,2,1,1.00,CYCLE,N
IND,208,7604,59467,26/03/2021,07:46:44,15,1,25.8,1.0,124.5,124.2,2,1,1.00,CYCLE,S
IND,208,7604,59467,26/03/2021,07:46:45,15,1,24.8,1.0,1.1,0.9,2,1,1.00,CYCLE,S
IND,208,7604,59466,26/03/2021,07:46:59,15,0,34.4,1.1,76.9,76.8,2,1,1.00,CYCLE,N
IND,208,7604,59466,26/03/2021,07:47:01,15,0,32.8,1.1,2.0,1.9,2,1,1.00,CYCLE,N
IND,208,7604,59466,26/03/2021,07:48:12,15,0,36.4,1.0,71.4,71.3,2,1,1.00,CYCLE,N
IND,208,7604,59466,26/03/2021,07:49:13,15,0,33.7,1.1,60.9,60.8,2,1,1.00,CYCLE,N
IND,208,7604,59467,26/03/2021,07:51:33,15,1,18.7,1.0,287.8,287.7,2,1,1.00,CYCLE,S
IND,208,7604,59467,26/03/2021,07:52:12,15,1,21.5,1.0,38.5,38.3,2,1,1.00,CYCLE,S
IND,208,7604,59466,26/03/2021,07:52:31,15,0,33.9,1.1,198.2,198.1,2,1,1.00,CYCLE,N
IND,208,7604,59467,26/03/2021,07:52:53,15,1,21.0,1.1,41.0,40.8,2,1,1.00,CYCLE,S
IND,208,7604,59466,26/03/2021,07:58:46,15,0,39.9,1.0,217.4,217.3,2,1,1.00,CYCLE,N
IND,208,7604,59467,26/03/2021,07:59:22,15,1,22.7,1.1,389.0,388.8,2,1,1.00,CYCLE,S
IND,208,7604,59466,26/03/2021,08:00:25,15,0,36.7,1.0,98.8,98.7,2,1,1.00,CYCLE,N
IND,208,7604,59466,26/03/2021,08:00:42,15,0,26.8,1.1,16.4,16.3,2,1,1.00,CYCLE,N
IND,208,7604,59467,26/03/2021,08:01:55,15,1,17.0,1.0,153.2,153.0,2,1,1.00,CYCLE,S
IND,208,7604,59467,26/03/2021,08:02:38,15,1,23.4,1.0,43.3,43.1,2,1,1.00,CYCLE,S
IND,208,7604,59467,26/03/2021,08:05:40,15,1,18.4,1.1,182.1,182.0,2,1,1.00,CYCLE,S
IND,208,7604,59466,26/03/2021,08:09:31,15,0,36.2,1.0,529.3,529.2,2,1,1.00,CYCLE,N
IND,208,7604,59466,26/03/2021,08:09:32,15,0,34.1,1.1,0.7,0.6,2,1,1.00,CYCLE,N
IND,208,7604,59467,26/03/2021,08:12:29,15,1,26.6,1.1,408.4,408.2,2,1,1.00,CYCLE,S
IND,208,7604,59467,26/03/2021,08:12:32,15,1,13.9,1.0,3.6,3.5,2,1,1.00,CYCLE,S
IND,208,7604,59467,26/03/2021,08:12:33,15,1,14.6,1.0,0.9,0.6,2,1,1.00,CYCLE,S
IND,208,7604,59467,26/03/2021,08:13:41,15,1,12.3,1.0,67.9,67.7,2,1,1.00,CYCLE,S
IND,208,7604,59467,26/03/2021,08:13:41,15,1,12.3,1.0,0.0,0.0,2,1,1.00,CYCLE,S
IND,208,7604,59467,26/03/2021,08:14:45,15,1,18.5,1.1,64.1,63.5,2,1,1.00,CYCLE,S
IND,208,7604,59467,26/03/2021,08:15:15,15,1,16.4,1.1,29.6,29.4,2,1,1.00,CYCLE,S
IND,208,7604,59466,26/03/2021,08:18:48,15,0,29.6,1.0,556.3,556.2,2,1,1.00,CYCLE,N
IND,208,7604,59467,26/03/2021,08:18:51,15,1,17.9,1.1,215.9,215.6,2,1,1.00,CYCLE,S
IND,208,7604,59466,26/03/2021,08:19:02,15,0,23.2,1.1,14.2,14.1,2,1,1.00,CYCLE,N
IND,208,7604,59467,26/03/2021,08:21:34,15,1,20.7,1.0,163.3,163.0,2,1,1.00,CYCLE,S
IND,208,7604,59466,26/03/2021,08:22:43,15,0,31.0,1.0,220.9,220.8,2,1,1.00,CYCLE,N
IND,208,7604,59466,26/03/2021,08:22:45,15,0,30.9,1.1,1.5,1.4,2,1,1.00,CYCLE,N
IND,208,7604,59467,26/03/2021,08:23:26,15,1,22.7,1.0,112.2,112.0,2,1,1.00,CYCLE,S
IND,208,7604,59467,26/03/2021,08:23:31,15,1,17.4,1.0,5.5,5.4,2,1,1.00,CYCLE,S
IND,208,7604,59466,26/03/2021,08:23:52,15,0,18.6,1.0,67.4,67.3,2,1,1.00,CYCLE,N
IND,208,7604,59467,26/03/2021,08:25:32,15,1,14.9,1.0,120.3,120.1,2,1,1.00,CYCLE,S
IND,208,7604,59466,26/03/2021,08:26:13,15,0,35.8,1.0,141.3,141.1,2,1,1.00,CYCLE,N
IND,208,7604,59466,26/03/2021,08:26:24,15,0,30.6,1.0,11.1,11.0,2,1,1.00,CYCLE,N
IND,208,7604,59466,26/03/2021,08:30:48,15,0,21.1,1.0,263.5,263.4,2,1,1.00,CYCLE,N
IND,208,7604,59467,26/03/2021,08:32:01,15,1,13.3,1.0,389.2,388.9,2,1,1.00,CYCLE,S
IND,208,7604,59466,26/03/2021,08:33:22,15,0,37.9,1.1,154.3,154.2,2,1,1.00,CYCLE,N
IND,208,7604,59467,26/03/2021,08:35:03,15,1,22.6,1.0,181.7,181.4,2,1,1.00,CYCLE,S
IND,208,7604,59466,26/03/2021,08:36:23,15,0,33.4,1.0,180.9,180.8,2,1,1.00,CYCLE,N
IND,208,7604,59466,26/03/2021,08:37:51,15,0,30.9,1.0,87.6,87.5,2,1,1.00,CYCLE,N
IND,208,7604,59467,26/03/2021,08:38:20,15,1,16.4,1.0,196.9,196.8,2,1,1.00,CYCLE,S
IND,208,7604,59466,26/03/2021,08:39:00,15,0,37.3,1.0,68.9,68.8,2,1,1.00,CYCLE,N
IND,208,7604,59467,26/03/2021,08:39:37,15,1,21.1,0.9,77.2,77.0,2,1,1.00,CYCLE,S
IND,208,7604,59467,26/03/2021,08:42:09,15,1,17.6,1.1,152.7,152.5,2,1,1.00,CYCLE,S
IND,208,7604,59467,26/03/2021,08:42:24,15,1,14.4,1.1,15.0,14.8,2,1,1.00,CYCLE,S
IND,208,7604,59466,26/03/2021,08:42:33,15,0,38.9,1.2,213.4,213.3,2,1,1.00,CYCLE,N
IND,208,7604,59466,26/03/2021,08:42:51,15,0,26.7,1.0,17.7,17.5,2,1,1.00,CYCLE,N
IND,208,7604,59467,26/03/2021,08:48:11,15,1,18.3,1.0,347.0,346.7,2,1,1.00,CYCLE,S
IND,208,7604,59467,26/03/2021,08:48:18,15,1,18.0,1.0,6.5,6.3,2,1,1.00,CYCLE,S
IND,208,7604,59467,26/03/2021,08:48:25,15,1,24.0,1.0,7.6,7.4,2,1,1.00,CYCLE,S
IND,208,7604,59467,26/03/2021,08:50:22,15,1,22.2,1.0,116.6,116.5,2,1,1.00,CYCLE,S
IND,208,7604,59467,26/03/2021,08:50:47,15,1,19.8,1.0,24.7,24.5,2,1,1.00,CYCLE,S
IND,208,7604,59467,26/03/2021,08:50:47,15,1,17.2,0.9,0.4,0.2,2,1,1.00,CYCLE,S
IND,208,7604,59467,26/03/2021,08:52:57,15,1,14.2,1.0,129.6,129.4,2,1,1.00,CYCLE,S
IND,208,7604,59467,26/03/2021,08:52:57,15,1,14.2,1.0,0.0,0.0,2,1,1.00,CYCLE,S
IND,208,7604,59466,26/03/2021,08:53:43,15,0,31.0,1.0,652.7,652.5,2,1,1.00,CYCLE,N
IND,208,7604,59466,26/03/2021,08:54:12,15,0,35.2,1.0,28.3,28.1,2,1,1.00,CYCLE,N
IND,208,7604,59467,26/03/2021,08:54:29,15,1,12.5,1.0,92.6,92.3,2,1,1.00,CYCLE,S
IND,208,7604,59467,26/03/2021,08:55:11,15,1,24.1,1.0,41.9,41.5,2,1,1.00,CYCLE,S
IND,208,7604,59467,26/03/2021,08:58:58,15,1,10.9,1.1,226.7,226.6,2,1,1.00,CYCLE,S
IND,208,7604,59467,26/03/2021,09:03:01,15,1,16.3,1.1,242.9,242.5,2,1,1.00,CYCLE,S
IND,208,7604,59467,26/03/2021,09:04:33,15,1,22.0,1.0,92.2,91.9,2,1,1.00,CYCLE,S
IND,208,7604,59466,26/03/2021,09:05:53,15,0,33.8,1.0,701.2,701.1,2,1,1.00,CYCLE,N
IND,208,7604,59467,26/03/2021,09:06:17,15,1,15.4,1.0,103.5,103.4,2,1,1.00,CYCLE,S
IND,208,7604,59467,26/03/2021,09:06:17,15,1,17.2,1.1,0.5,0.3,2,1,1.00,CYCLE,S
IND,208,7604,59467,26/03/2021,09:07:44,15,1,16.7,1.0,87.1,86.9,2,1,1.00,CYCLE,S
IND,208,7604,59466,26/03/2021,09:08:02,15,0,29.7,1.1,128.8,128.7,2,1,1.00,CYCLE,N
IND,208,7604,59466,26/03/2021,09:08:03,15,0,29.3,1.0,1.3,1.2,2,1,1.00,CYCLE,N
IND,208,7604,59467,26/03/2021,09:08:21,15,1,12.6,1.0,36.8,36.6,2,1,1.00,CYCLE,S
IND,208,7604,59467,26/03/2021,09:08:21,15,1,12.5,1.0,0.5,0.2,2,1,1.00,CYCLE,S
IND,208,7604,59466,26/03/2021,09:08:33,15,0,24.4,1.0,29.9,29.8,2,1,1.00,CYCLE,N
IND,208,7604,59466,26/03/2021,09:08:33,15,0,25.7,1.1,0.4,0.3,2,1,1.00,CYCLE,N
IND,208,7604,59467,26/03/2021,09:10:00,15,1,10.3,1.1,98.7,98.4,2,1,1.00,CYCLE,S
IND,208,7604,59467,26/03/2021,09:11:15,15,1,16.9,1.0,74.4,73.9,2,1,1.00,CYCLE,S
IND,208,7604,59466,26/03/2021,09:11:52,15,0,23.6,1.1,141.7,141.3,2,1,1.00,CYCLE,N
IND,208,7604,59467,26/03/2021,09:12:06,15,1,12.1,1.0,51.6,51.4,2,1,1.00,CYCLE,S
IND,208,7604,59467,26/03/2021,09:12:08,15,1,12.8,1.2,2.1,1.8,2,1,1.00,CYCLE,S
IND,208,7604,59466,26/03/2021,09:13:45,15,0,36.4,1.1,113.4,113.2,2,1,1.00,CYCLE,N
IND,208,7604,59466,26/03/2021,09:14:02,15,0,27.4,1.0,17.0,16.9,2,1,1.00,CYCLE,N
IND,208,7604,59466,26/03/2021,09:14:39,15,0,36.9,1.0,36.7,36.5,2,1,1.00,CYCLE,N
IND,208,7604,59466,26/03/2021,09:15:11,15,0,35.2,1.1,32.2,32.1,2,1,1.00,CYCLE,N
IND,208,7604,59466,26/03/2021,09:15:12,15,0,34.6,1.1,0.8,0.7,2,1,1.00,CYCLE,N
IND,208,7604,59466,26/03/2021,09:16:22,15,0,39.4,1.0,69.8,69.6,2,1,1.00,CYCLE,N
IND,208,7604,59467,26/03/2021,09:17:26,15,1,14.6,1.0,317.4,317.0,2,1,1.00,CYCLE,S
IND,208,7604,59466,26/03/2021,09:17:30,15,0,26.1,1.0,68.5,68.4,2,1,1.00,CYCLE,N
IND,208,7604,59466,26/03/2021,09:17:31,15,0,26.1,1.0,1.0,0.9,2,1,1.00,CYCLE,N
IND,208,7604,59467,26/03/2021,09:17:42,15,1,12.2,1.0,16.7,16.5,2,1,1.00,CYCLE,S
IND,208,7604,59467,26/03/2021,09:17:57,15,1,13.6,1.1,14.9,14.6,2,1,1.00,CYCLE,S
IND,208,7604,59467,26/03/2021,09:18:47,15,1,18.0,1.0,49.3,49.0,2,1,1.00,CYCLE,S
IND,208,7604,59466,26/03/2021,09:21:07,15,0,35.6,1.1,196.7,196.7,2,1,1.00,CYCLE,N
IND,208,7604,59467,26/03/2021,09:22:40,15,1,22.8,1.0,233.5,233.3,2,1,1.00,CYCLE,S
IND,208,7604,59467,26/03/2021,09:23:12,15,1,5.5,0.6,31.6,31.6,2,1,0.80,CYCLE,S
IND,208,7604,59467,26/03/2021,09:23:28,15,1,19.1,1.1,15.9,15.3,2,1,1.00,CYCLE,S
IND,208,7604,59467,26/03/2021,09:24:51,15,1,17.6,1.0,83.0,82.8,2,1,1.00,CYCLE,S
IND,208,7604,59466,26/03/2021,09:25:17,15,0,31.4,1.0,249.9,249.8,2,1,1.00,CYCLE,N
IND,208,7604,59466,26/03/2021,09:25:27,15,0,37.4,1.0,9.7,9.6,2,1,1.00,CYCLE,N
IND,208,7604,59466,26/03/2021,09:25:28,15,0,37.2,1.0,0.9,0.8,2,1,1.00,CYCLE,N
IND,208,7604,59466,26/03/2021,09:25:30,15,0,36.4,1.0,2.5,2.5,2,1,1.00,CYCLE,N
IND,208,7604,59466,26/03/2021,09:25:58,15,0,30.3,1.0,28.1,28.0,2,1,1.00,CYCLE,N
IND,208,7604,59466,26/03/2021,09:25:59,15,0,30.9,0.9,0.2,0.1,2,1,1.00,CYCLE,N
IND,208,7604,59467,26/03/2021,09:26:27,15,1,23.8,1.0,96.1,95.8,2,1,1.00,CYCLE,S
IND,208,7604,59467,26/03/2021,09:27:43,15,1,24.0,1.0,76.0,75.9,2,1,1.00,CYCLE,S
IND,208,7604,59467,26/03/2021,09:32:05,15,1,11.9,1.1,262.3,262.2,2,1,1.00,CYCLE,S
IND,208,7604,59467,26/03/2021,09:33:14,15,1,15.8,1.0,69.0,68.6,2,1,0.86,CYCLE,S
IND,208,7604,59467,26/03/2021,09:34:09,15,1,11.7,1.1,55.1,54.7,2,1,1.00,CYCLE,S
IND,208,7604,59466,26/03/2021,09:35:24,15,0,36.8,1.0,565.3,565.2,2,1,1.00,CYCLE,N
IND,208,7604,59467,26/03/2021,09:35:35,15,1,21.1,1.0,86.2,85.8,2,1,1.00,CYCLE,S
IND,208,7604,59467,26/03/2021,09:37:34,15,1,19.5,1.0,119.1,118.9,2,1,1.00,CYCLE,S
IND,208,7604,59467,26/03/2021,09:38:54,15,1,16.8,1.0,79.5,79.3,2,1,1.00,CYCLE,S
IND,208,7604,59467,26/03/2021,09:40:46,15,1,20.6,1.0,112.7,112.5,2,1,1.00,CYCLE,S
IND,208,7604,59466,26/03/2021,09:41:13,15,0,26.2,1.0,349.5,349.4,2,1,1.00,CYCLE,N
IND,208,7604,59467,26/03/2021,09:42:00,15,1,12.6,1.1,73.3,73.2,2,1,1.00,CYCLE,S
IND,208,7604,59467,26/03/2021,09:43:54,15,1,16.9,1.0,114.0,113.6,2,1,1.00,CYCLE,S
IND,208,7604,59467,26/03/2021,09:45:13,15,1,19.1,1.0,78.9,78.7,2,1,1.00,CYCLE,S
IND,208,7604,59467,26/03/2021,09:45:42,15,1,17.6,1.0,29.6,29.4,2,1,1.00,CYCLE,S
IND,208,7604,59467,26/03/2021,09:45:43,15,1,15.7,1.0,1.0,0.8,2,1,1.00,CYCLE,S
IND,208,7604,59466,26/03/2021,09:45:48,15,0,35.0,1.1,275.0,274.9,2,1,1.00,CYCLE,N
IND,208,7604,59467,26/03/2021,09:46:00,15,1,17.2,1.0,16.4,16.2,2,1,1.00,CYCLE,S
IND,208,7604,59467,26/03/2021,09:47:06,15,1,8.7,1.1,66.3,66.1,2,1,1.00,CYCLE,S
IND,208,7604,59467,26/03/2021,09:48:50,15,1,16.0,1.0,104.1,103.6,2,1,1.00,CYCLE,S
IND,208,7604,59467,26/03/2021,09:49:00,15,1,16.3,1.1,9.9,9.6,2,1,1.00,CYCLE,S
IND,208,7604,59466,26/03/2021,09:49:08,15,0,29.5,1.2,199.4,199.2,2,1,1.00,CYCLE,N
IND,208,7604,59467,26/03/2021,09:52:46,15,1,25.6,1.0,226.0,225.7,2,1,1.00,CYCLE,S
IND,208,7604,59466,26/03/2021,09:53:45,15,0,17.4,1.2,277.6,277.5,2,1,1.00,CYCLE,N
IND,208,7604,59466,26/03/2021,09:54:25,15,0,35.0,1.1,39.6,39.3,2,1,1.00,CYCLE,N
IND,208,7604,59467,26/03/2021,09:54:31,15,1,8.9,1.1,105.0,105.0,2,1,1.00,CYCLE,S
IND,208,7604,59467,26/03/2021,09:54:35,15,1,18.9,1.1,3.6,3.1,2,1,1.00,CYCLE,S
IND,208,7604,59467,26/03/2021,09:54:35,15,1,8.5,1.1,0.5,0.4,2,1,1.00,CYCLE,S
IND,208,7604,59467,26/03/2021,09:55:09,15,1,14.3,1.0,34.0,33.5,2,1,1.00,CYCLE,S
IND,208,7604,59467,26/03/2021,09:55:15,15,1,24.6,1.0,6.0,5.7,2,1,1.00,CYCLE,S
IND,208,7604,59467,26/03/2021,09:55:35,15,1,17.5,1.1,19.8,19.7,2,1,1.00,CYCLE,S
IND,208,7604,59466,26/03/2021,09:56:09,15,0,18.6,1.1,104.4,104.3,2,1,1.00,CYCLE,N
IND,208,7604,59466,26/03/2021,09:57:50,15,0,36.3,1.0,100.2,100.0,2,1,1.00,CYCLE,N
IND,208,7604,59467,26/03/2021,09:58:54,15,1,14.9,1.0,199.5,199.3,2,1,1.00,CYCLE,S
IND,208,7604,59467,26/03/2021,09:59:36,15,1,15.1,1.0,41.9,41.7,2,1,1.00,CYCLE,S
IND,208,7604,59467,26/03/2021,09:59:37,15,1,14.6,1.0,0.5,0.3,2,1,1.00,CYCLE,S
IND,208,7604,59466,26/03/2021,10:00:38,15,0,22.2,1.1,168.4,168.3,2,1,1.00,CYCLE,N
IND,208,7604,59466,26/03/2021,10:00:55,15,0,39.1,1.0,16.8,16.6,2,1,1.00,CYCLE,N
IND,208,7604,59467,26/03/2021,10:02:50,15,1,18.4,1.0,193.4,193.2,2,1,1.00,CYCLE,S
IND,208,7604,59466,26/03/2021,10:03:12,15,0,32.7,1.0,137.3,137.2,2,1,1.00,CYCLE,N
IND,208,7604,59467,26/03/2021,10:03:14,15,1,10.8,1.1,23.9,23.7,2,1,1.00,CYCLE,S
IND,208,7604,59467,26/03/2021,10:03:15,15,1,10.5,1.0,1.1,0.7,2,1,1.00,CYCLE,S
IND,208,7604,59466,26/03/2021,10:03:48,15,0,29.7,1.1,36.4,36.3,2,1,1.00,CYCLE,N
IND,208,7604,59467,26/03/2021,10:05:27,15,1,24.4,1.1,132.2,131.8,2,1,1.00,CYCLE,S
IND,208,7604,59466,26/03/2021,10:05:36,15,0,32.2,1.0,107.3,107.2,2,1,1.00,CYCLE,N
IND,208,7604,59467,26/03/2021,10:05:40,15,1,18.6,1.0,12.5,12.4,2,1,1.00,CYCLE,S
IND,208,7604,59467,26/03/2021,10:07:01,15,1,21.4,1.1,81.3,81.1,2,1,1.00,CYCLE,S
IND,208,7604,59467,26/03/2021,10:07:04,15,1,19.0,1.0,3.0,2.8,2,1,1.00,CYCLE,S
IND,208,7604,59467,26/03/2021,10:07:09,15,1,16.1,1.1,4.7,4.5,2,1,1.00,CYCLE,S
IND,208,7604,59467,26/03/2021,10:07:52,15,1,12.1,1.0,43.6,43.4,2,1,1.00,CYCLE,S
IND,208,7604,59467,26/03/2021,10:08:18,15,1,16.5,1.1,25.7,25.3,2,1,1.00,CYCLE,S
IND,208,7604,59466,26/03/2021,10:09:13,15,0,29.9,1.0,217.2,217.1,2,1,1.00,CYCLE,N
IND,208,7604,59466,26/03/2021,10:09:14,15,0,28.2,1.0,0.8,0.7,2,1,1.00,CYCLE,N
IND,208,7604,59467,26/03/2021,10:09:15,15,1,18.2,1.1,56.6,56.4,2,1,1.00,CYCLE,S
IND,208,7604,59467,26/03/2021,10:09:16,15,1,17.8,1.0,0.8,0.6,2,1,1.00,CYCLE,S
IND,208,7604,59467,26/03/2021,10:11:21,15,1,22.2,1.0,125.7,125.5,2,1,1.00,CYCLE,S
IND,208,7604,59467,26/03/2021,10:11:22,15,1,23.0,1.0,0.5,0.3,2,1,1.00,CYCLE,S
IND,208,7604,59467,26/03/2021,10:11:26,15,1,20.0,1.0,4.3,4.1,2,1,1.00,CYCLE,S
IND,208,7604,59467,26/03/2021,10:11:28,15,1,18.1,1.0,1.5,1.3,2,1,1.00,CYCLE,S
IND,208,7604,59467,26/03/2021,10:11:52,15,1,11.7,1.0,24.9,24.7,2,1,1.00,CYCLE,S
IND,208,7604,59466,26/03/2021,10:14:55,15,0,34.8,1.0,341.2,341.1,2,1,1.00,CYCLE,N
IND,208,7604,59467,26/03/2021,10:15:23,15,1,18.3,1.0,210.2,209.9,2,1,1.00,CYCLE,S
IND,208,7604,59467,26/03/2021,10:15:31,15,1,19.6,1.1,8.2,8.0,2,1,1.00,CYCLE,S
IND,208,7604,59466,26/03/2021,10:15:53,15,0,33.1,1.1,58.2,58.1,2,1,1.00,CYCLE,N
IND,208,7604,59466,26/03/2021,10:23:51,15,0,38.8,1.0,478.1,478.0,2,1,1.00,CYCLE,N
IND,208,7604,59467,26/03/2021,10:24:26,15,1,19.1,1.0,535.4,535.2,2,1,1.00,CYCLE,S
IND,208,7604,59467,26/03/2021,10:24:27,15,1,19.3,1.0,1.1,1.0,2,1,1.00,CYCLE,S
IND,208,7604,59467,26/03/2021,10:26:19,15,1,19.5,1.0,112.0,111.8,2,1,1.00,CYCLE,S
IND,208,7604,59467,26/03/2021,10:27:43,15,1,21.8,1.0,83.5,83.3,2,1,1.00,CYCLE,S
IND,208,7604,59467,26/03/2021,10:27:43,15,1,22.0,1.0,0.4,0.2,2,1,1.00,CYCLE,S
IND,208,7604,59467,26/03/2021,10:28:53,15,1,19.2,1.0,69.3,69.2,2,1,1.00,CYCLE,S
IND,208,7604,59466,26/03/2021,10:29:57,15,0,41.1,1.0,365.4,365.3,2,1,1.00,CYCLE,N
IND,208,7604,59467,26/03/2021,10:30:51,15,1,16.6,1.0,118.1,117.9,2,1,1.00,CYCLE,S
IND,208,7604,59467,26/03/2021,10:30:51,15,1,16.3,1.0,0.7,0.5,2,1,1.00,CYCLE,S
IND,208,7604,59467,26/03/2021,10:31:05,15,1,17.0,1.1,13.7,13.4,2,1,1.00,CYCLE,S
IND,208,7604,59467,26/03/2021,10:31:39,15,1,22.7,0.9,34.4,34.1,2,1,1.00,CYCLE,S
IND,208,7604,59467,26/03/2021,10:33:18,15,1,15.4,1.2,98.8,98.6,2,1,1.00,CYCLE,S
IND,208,7604,59467,26/03/2021,10:33:37,15,1,16.7,1.0,18.6,18.4,2,1,1.00,CYCLE,S
IND,208,7604,59467,26/03/2021,10:33:52,15,1,13.5,1.0,15.2,15.0,2,1,1.00,CYCLE,S
IND,208,7604,59467,26/03/2021,10:34:00,15,1,23.3,1.0,8.0,7.7,2,1,1.00,CYCLE,S
IND,208,7604,59467,26/03/2021,10:34:01,15,1,23.7,1.0,0.8,0.7,2,1,1.00,CYCLE,S
IND,208,7604,59466,26/03/2021,10:36:30,15,0,28.7,1.1,392.8,392.8,2,1,1.00,CYCLE,N
IND,208,7604,59466,26/03/2021,10:36:34,15,0,34.6,1.0,4.2,4.0,2,1,1.00,CYCLE,N
IND,208,7604,59467,26/03/2021,10:39:51,15,1,19.7,1.1,349.9,349.8,2,1,1.00,CYCLE,S
IND,208,7604,59466,26/03/2021,10:40:03,15,0,42.1,1.0,209.0,208.9,2,1,1.00,CYCLE,N
IND,208,7604,59466,26/03/2021,10:41:34,15,0,39.3,1.0,90.8,90.7,2,1,1.00,CYCLE,N
IND,208,7604,59466,26/03/2021,10:41:35,15,0,37.5,1.0,1.1,1.0,2,1,1.00,CYCLE,N
IND,208,7604,59466,26/03/2021,10:46:14,15,0,39.2,1.0,279.1,279.0,2,1,1.00,CYCLE,N
IND,208,7604,59467,26/03/2021,10:46:58,15,1,20.0,1.0,427.6,427.4,2,1,1.00,CYCLE,S
IND,208,7604,59466,26/03/2021,10:47:53,15,0,29.6,1.0,13.7,13.7,2,1,1.00,CYCLE,N
IND,208,7604,59467,26/03/2021,10:49:51,15,1,21.3,1.0,172.4,172.2,2,1,1.00,CYCLE,S
IND,208,7604,59467,26/03/2021,10:49:54,15,1,17.1,1.0,3.5,3.3,2,1,1.00,CYCLE,S
IND,208,7604,59467,26/03/2021,10:50:59,15,1,19.8,1.0,64.3,64.1,2,1,1.00,CYCLE,S
IND,208,7604,59467,26/03/2021,10:51:14,15,1,21.2,1.0,15.1,15.0,2,1,1.00,CYCLE,S
IND,208,7604,59466,26/03/2021,10:52:46,15,0,23.1,1.1,293.3,293.2,2,1,1.00,CYCLE,N
IND,208,7604,59467,26/03/2021,10:53:35,15,1,18.1,1.0,140.9,140.8,2,1,1.00,CYCLE,S
IND,208,7604,59467,26/03/2021,10:54:08,15,1,21.5,1.0,33.7,33.5,2,1,1.00,CYCLE,S
IND,208,7604,59467,26/03/2021,10:56:06,15,1,14.9,1.0,117.8,117.6,2,1,1.00,CYCLE,S
IND,208,7604,59467,26/03/2021,10:56:13,15,1,11.8,1.0,6.8,6.6,2,1,1.00,CYCLE,S
IND,208,7604,59467,26/03/2021,10:58:19,15,1,20.1,1.0,126.4,126.0,2,1,1.00,CYCLE,S
IND,208,7604,59466,26/03/2021,10:58:59,15,0,30.1,1.1,372.9,372.8,2,1,1.00,CYCLE,N
IND,208,7604,59467,26/03/2021,10:59:03,15,1,13.6,1.0,43.7,43.5,2,1,1.00,CYCLE,S
IND,208,7604,59467,26/03/2021,10:59:05,15,1,14.3,1.0,2.2,1.9,2,1,1.00,CYCLE,S
IND,208,7604,59466,26/03/2021,10:59:28,15,0,42.4,1.0,29.0,28.9,2,1,1.00,CYCLE,N
IND,208,7604,59467,26/03/2021,11:00:09,15,1,20.3,1.0,64.1,63.8,2,1,0.67,CYCLE,S
IND,208,7604,59467,26/03/2021,11:00:09,15,1,20.3,1.0,0.0,0.0,2,1,0.67,CYCLE,S
IND,208,7604,59467,26/03/2021,11:02:21,15,1,15.8,1.0,131.5,131.3,2,1,1.00,CYCLE,S
IND,208,7604,59466,26/03/2021,11:03:36,15,0,35.8,1.1,247.9,247.9,2,1,1.00,CYCLE,N
IND,208,7604,59467,26/03/2021,11:07:52,15,1,19.8,1.0,331.0,330.7,2,1,1.00,CYCLE,S
IND,208,7604,59466,26/03/2021,11:10:12,15,0,44.7,1.0,396.2,396.1,2,1,1.00,CYCLE,N
IND,208,7604,59466,26/03/2021,11:10:20,15,0,32.4,1.0,7.6,7.6,2,1,1.00,CYCLE,N
IND,208,7604,59467,26/03/2021,11:12:17,15,1,16.8,1.0,264.9,264.8,2,1,1.00,CYCLE,S
IND,208,7604,59467,26/03/2021,11:12:22,15,1,15.3,0.9,5.1,4.9,2,1,1.00,CYCLE,S
IND,208,7604,59467,26/03/2021,11:12:26,15,1,18.2,1.0,4.3,4.0,2,1,1.00,CYCLE,S
IND,208,7604,59466,26/03/2021,11:12:51,15,0,32.8,1.1,151.4,151.3,2,1,1.00,CYCLE,N
IND,208,7604,59466,26/03/2021,11:12:58,15,0,29.8,1.1,7.2,7.1,2,1,1.00,CYCLE,N
IND,208,7604,59466,26/03/2021,11:13:27,15,0,37.4,1.0,29.0,28.9,2,1,1.00,CYCLE,N
IND,208,7604,59467,26/03/2021,11:13:43,15,1,13.2,1.1,77.0,76.8,2,1,1.00,CYCLE,S
IND,208,7604,59467,26/03/2021,11:13:46,15,1,14.1,1.0,2.5,2.2,2,1,1.00,CYCLE,S
IND,208,7604,59467,26/03/2021,11:13:48,15,1,13.8,1.1,2.5,2.3,2,1,1.00,CYCLE,S
IND,208,7604,59467,26/03/2021,11:13:49,15,1,14.4,1.1,0.8,0.5,2,1,1.00,CYCLE,S
IND,208,7604,59467,26/03/2021,11:13:50,15,1,15.6,1.1,0.9,0.6,2,1,1.00,CYCLE,S
IND,208,7604,59467,26/03/2021,11:14:09,15,1,13.6,1.1,19.1,18.9,2,1,1.00,CYCLE,S
IND,208,7604,59466,26/03/2021,11:14:10,15,0,29.9,1.1,42.2,42.1,2,1,1.00,CYCLE,N
IND,208,7604,59467,26/03/2021,11:14:10,15,1,13.0,1.0,1.0,0.8,2,1,1.00,CYCLE,S
IND,208,7604,59467,26/03/2021,11:14:14,15,1,15.1,1.1,4.1,3.8,2,1,1.00,CYCLE,S
IND,208,7604,59467,26/03/2021,11:14:15,15,1,15.5,1.1,1.0,0.8,2,1,1.00,CYCLE,S
IND,208,7604,59467,26/03/2021,11:14:21,15,1,14.6,1.1,6.0,5.7,2,1,1.00,CYCLE,S
IND,208,7604,59467,26/03/2021,11:14:28,15,1,12.0,1.1,7.2,6.9,2,1,1.00,CYCLE,S
IND,208,7604,59467,26/03/2021,11:14:47,15,1,13.5,1.2,18.9,18.6,2,1,1.00,CYCLE,S
IND,208,7604,59467,26/03/2021,11:15:09,15,1,10.2,1.1,21.7,21.4,2,1,1.00,CYCLE,S
IND,208,7604,59466,26/03/2021,11:15:21,15,0,29.0,1.0,71.1,71.0,2,1,1.00,CYCLE,N
IND,208,7604,59467,26/03/2021,11:15:23,15,1,10.0,1.1,14.0,13.6,2,1,1.00,CYCLE,S
IND,208,7604,59466,26/03/2021,11:15:24,15,0,24.1,1.0,3.2,3.1,2,1,1.00,CYCLE,N
IND,208,7604,59467,26/03/2021,11:15:25,15,1,9.8,1.0,2.5,2.1,2,1,1.00,CYCLE,S
IND,208,7604,59467,26/03/2021,11:15:27,15,1,11.0,1.1,1.4,1.0,2,1,1.00,CYCLE,S
IND,208,7604,59466,26/03/2021,11:15:27,15,0,22.2,1.1,3.3,3.1,2,1,1.00,CYCLE,N
IND,208,7604,59466,26/03/2021,11:17:45,15,0,34.7,1.1,138.0,137.8,2,1,1.00,CYCLE,N
IND,208,7604,59466,26/03/2021,11:18:36,15,0,38.6,1.1,51.1,51.0,2,1,1.00,CYCLE,N
IND,208,7604,59467,26/03/2021,11:18:51,15,1,22.0,1.1,204.2,203.8,2,1,1.00,CYCLE,S
IND,208,7604,59466,26/03/2021,11:23:16,15,0,35.7,1.1,279.3,279.2,2,1,1.00,CYCLE,N
IND,208,7604,59466,26/03/2021,11:23:24,15,0,37.8,1.1,8.0,7.9,2,1,1.00,CYCLE,N
IND,208,7604,59466,26/03/2021,11:23:42,15,0,36.0,1.0,18.9,18.8,2,1,1.00,CYCLE,N
IND,208,7604,59466,26/03/2021,11:24:47,15,0,37.1,1.0,64.4,64.3,2,1,1.00,CYCLE,N
IND,208,7604,59467,26/03/2021,11:24:57,15,1,19.0,1.0,366.1,365.9,2,1,1.00,CYCLE,S
IND,208,7604,59466,26/03/2021,11:25:01,15,0,28.9,1.0,13.8,13.7,2,1,1.00,CYCLE,N
IND,208,7604,59466,26/03/2021,11:25:03,15,0,21.5,1.0,2.8,2.7,2,1,1.00,CYCLE,N
IND,208,7604,59466,26/03/2021,11:25:12,15,0,31.5,1.0,8.1,7.9,2,1,1.00,CYCLE,N
IND,208,7604,59467,26/03/2021,11:30:38,15,1,13.9,1.0,341.2,341.1,2,1,1.00,CYCLE,S
IND,208,7604,59467,26/03/2021,11:30:47,15,1,13.6,0.9,8.8,8.6,2,1,1.00,CYCLE,S
IND,208,7604,59466,26/03/2021,11:35:13,15,0,37.0,1.2,601.4,601.2,2,1,1.00,CYCLE,N
IND,208,7604,59466,26/03/2021,11:35:14,15,0,36.4,1.0,0.9,0.8,2,1,1.00,CYCLE,N
IND,208,7604,59466,26/03/2021,11:35:43,15,0,39.1,1.1,28.9,28.8,2,1,1.00,CYCLE,N
IND,208,7604,59467,26/03/2021,11:41:07,15,1,24.2,1.1,620.0,619.7,2,1,1.00,CYCLE,S
IND,208,7604,59467,26/03/2021,11:41:11,15,1,9.9,1.0,3.7,3.6,2,1,1.00,CYCLE,S
IND,208,7604,59467,26/03/2021,11:41:30,15,1,12.4,1.1,19.5,19.1,2,1,1.00,CYCLE,S
IND,208,7604,59467,26/03/2021,11:41:31,15,1,13.3,1.2,0.7,0.4,2,1,1.00,CYCLE,S
IND,208,7604,59467,26/03/2021,11:41:59,15,1,12.6,1.1,28.2,27.9,2,1,1.00,CYCLE,S
IND,208,7604,59467,26/03/2021,11:41:59,15,1,13.2,1.1,0.4,0.1,2,1,1.00,CYCLE,S
IND,208,7604,59467,26/03/2021,11:42:00,15,1,13.1,1.0,1.0,0.7,2,1,1.00,CYCLE,S
IND,208,7604,59467,26/03/2021,11:42:02,15,1,15.9,1.1,1.3,1.0,2,1,1.00,CYCLE,S
IND,208,7604,59467,26/03/2021,11:42:06,15,1,14.3,1.1,4.3,4.1,2,1,1.00,CYCLE,S
IND,208,7604,59467,26/03/2021,11:42:26,15,1,26.0,1.0,20.3,20.0,2,1,1.00,CYCLE,S
IND,208,7604,59467,26/03/2021,11:42:37,15,1,10.5,1.1,10.8,10.8,2,1,1.00,CYCLE,S
IND,208,7604,59466,26/03/2021,11:42:39,15,0,14.3,1.0,416.3,416.2,2,1,1.00,CYCLE,N
IND,208,7604,59466,26/03/2021,11:42:41,15,0,16.4,1.1,1.7,1.5,2,1,1.00,CYCLE,N
IND,208,7604,59467,26/03/2021,11:43:32,15,1,10.8,1.1,55.1,54.8,2,1,1.00,CYCLE,S
IND,208,7604,59467,26/03/2021,11:43:34,15,1,10.4,1.1,1.3,0.9,2,1,1.00,CYCLE,S
IND,208,7604,59467,26/03/2021,11:43:35,15,1,10.3,1.1,1.4,1.0,2,1,1.00,CYCLE,S
IND,208,7604,59467,26/03/2021,11:43:37,15,1,9.5,1.0,1.5,1.1,2,1,1.00,CYCLE,S
IND,208,7604,59467,26/03/2021,11:43:37,15,1,8.3,1.1,0.9,0.5,2,1,1.00,CYCLE,S
IND,208,7604,59467,26/03/2021,11:44:44,15,1,21.4,1.1,66.9,66.4,2,1,1.00,CYCLE,S
IND,208,7604,59466,26/03/2021,11:45:08,15,0,26.4,1.0,147.3,147.1,2,1,1.00,CYCLE,N
IND,208,7604,59466,26/03/2021,11:45:08,15,0,26.5,1.0,0.2,0.1,2,1,1.00,CYCLE,N
IND,208,7604,59466,26/03/2021,11:45:48,15,0,34.7,1.0,39.6,39.4,2,1,1.00,CYCLE,N
IND,208,7604,59467,26/03/2021,11:46:46,15,1,5.1,1.0,121.5,121.5,2,1,0.80,CYCLE,S
IND,208,7604,59467,26/03/2021,11:46:46,15,1,5.1,1.0,0.0,0.0,2,1,0.80,CYCLE,S
IND,208,7604,59467,26/03/2021,11:47:40,15,1,21.6,1.0,46.8,45.7,2,1,1.00,CYCLE,S
IND,208,7604,59467,26/03/2021,11:48:52,15,1,19.4,1.0,72.9,72.7,2,1,1.00,CYCLE,S
IND,208,7604,59467,26/03/2021,11:49:08,15,1,17.6,1.0,15.8,15.6,2,1,1.00,CYCLE,S
IND,208,7604,59467,26/03/2021,11:49:10,15,1,21.0,1.1,1.4,1.1,2,1,1.00,CYCLE,S
IND,208,7604,59467,26/03/2021,11:49:50,15,1,17.3,0.9,40.3,40.1,2,1,1.00,CYCLE,S
IND,208,7604,59466,26/03/2021,11:50:02,15,0,41.8,1.0,254.5,254.4,2,1,1.00,CYCLE,N
IND,208,7604,59466,26/03/2021,11:50:08,15,0,25.6,1.1,5.9,5.8,2,1,1.00,CYCLE,N
IND,208,7604,59467,26/03/2021,11:51:12,15,1,15.0,1.0,81.9,81.7,2,1,1.00,CYCLE,S
IND,208,7604,59467,26/03/2021,11:51:12,15,1,15.0,1.0,0.0,0.0,2,1,1.00,CYCLE,S
IND,208,7604,59467,26/03/2021,11:51:42,15,1,16.4,1.0,29.8,29.4,2,1,1.00,CYCLE,S
IND,208,7604,59467,26/03/2021,11:51:43,15,1,16.6,1.1,1.5,1.3,2,1,1.00,CYCLE,S
IND,208,7604,59467,26/03/2021,11:56:10,15,1,17.1,1.0,267.1,266.9,2,1,1.00,CYCLE,S
IND,208,7604,59467,26/03/2021,11:56:10,15,1,17.1,1.0,0.0,0.0,2,1,1.00,CYCLE,S
IND,208,7604,59466,26/03/2021,11:56:26,15,0,34.8,1.1,377.6,377.5,2,1,1.00,CYCLE,N
IND,208,7604,59466,26/03/2021,11:57:16,15,0,38.5,1.1,50.3,50.2,2,1,1.00,CYCLE,N
IND,208,7604,59466,26/03/2021,11:57:26,15,0,38.7,1.1,10.0,9.9,2,1,1.00,CYCLE,N
IND,208,7604,59467,26/03/2021,11:57:31,15,1,21.2,1.0,81.3,80.9,2,1,1.00,CYCLE,S
IND,208,7604,59466,26/03/2021,12:00:23,15,0,22.5,1.1,176.4,176.3,2,1,1.00,CYCLE,N
IND,208,7604,59467,26/03/2021,12:00:54,15,1,19.9,1.0,202.5,202.3,2,1,1.00,CYCLE,S
IND,208,7604,59467,26/03/2021,12:03:43,15,1,20.1,1.1,169.4,169.2,2,1,1.00,CYCLE,S
IND,208,7604,59467,26/03/2021,12:03:48,15,1,21.1,1.0,4.4,4.2,2,1,1.00,CYCLE,S
IND,208,7604,59467,26/03/2021,12:04:16,15,1,12.5,1.1,28.0,27.8,2,1,1.00,CYCLE,S
IND,208,7604,59467,26/03/2021,12:04:42,15,1,15.6,1.1,26.8,26.4,2,1,1.00,CYCLE,S
IND,208,7604,59466,26/03/2021,12:05:02,15,0,34.7,1.1,279.4,279.3,2,1,1.00,CYCLE,N
IND,208,7604,59466,26/03/2021,12:06:20,15,0,15.8,1.1,77.8,77.7,2,1,1.00,CYCLE,N
IND,208,7604,59467,26/03/2021,12:09:59,15,1,23.6,1.0,316.2,316.0,2,1,1.00,CYCLE,S
IND,208,7604,59466,26/03/2021,12:10:44,15,0,35.5,1.1,263.7,263.4,2,1,1.00,CYCLE,N
IND,208,7604,59467,26/03/2021,12:11:41,15,1,15.3,1.0,102.2,102.1,2,1,1.00,CYCLE,S
IND,208,7604,59467,26/03/2021,12:13:02,15,1,17.8,1.1,80.9,80.6,2,1,1.00,CYCLE,S
IND,208,7604,59466,26/03/2021,12:15:04,15,0,38.4,1.0,260.0,259.9,2,1,1.00,CYCLE,N
IND,208,7604,59467,26/03/2021,12:15:20,15,1,20.4,1.1,138.5,138.3,2,1,1.00,CYCLE,S
IND,208,7604,59466,26/03/2021,12:17:36,15,0,36.6,1.0,152.7,152.6,2,1,1.00,CYCLE,N
IND,208,7604,59466,26/03/2021,12:17:40,15,0,37.2,1.0,3.4,3.3,2,1,1.00,CYCLE,N
IND,208,7604,59467,26/03/2021,12:19:16,15,1,25.5,1.0,235.5,235.3,2,1,1.00,CYCLE,S
IND,208,7604,59467,26/03/2021,12:20:18,15,1,21.6,1.0,62.5,62.4,2,1,1.00,CYCLE,S
IND,208,7604,59466,26/03/2021,12:20:56,15,0,34.9,1.0,196.8,196.7,2,1,1.00,CYCLE,N
IND,208,7604,59466,26/03/2021,12:21:32,15,0,27.7,1.1,35.8,35.7,2,1,1.00,CYCLE,N
IND,208,7604,59466,26/03/2021,12:28:25,15,0,39.9,1.0,412.7,412.6,2,1,1.00,CYCLE,N
IND,208,7604,59466,26/03/2021,12:28:38,15,0,35.1,1.1,12.9,12.8,2,1,1.00,CYCLE,N
IND,208,7604,59466,26/03/2021,12:28:41,15,0,39.0,1.0,2.7,2.5,2,1,1.00,CYCLE,N
IND,208,7604,59466,26/03/2021,12:34:21,15,0,37.9,1.1,340.3,340.2,2,1,1.00,CYCLE,N
IND,208,7604,59466,26/03/2021,12:37:52,15,0,32.2,1.1,211.6,211.5,2,1,1.00,CYCLE,N
IND,208,7604,59466,26/03/2021,12:37:54,15,0,28.9,1.1,2.0,1.8,2,1,1.00,CYCLE,N
IND,208,7604,59467,26/03/2021,12:39:18,15,1,13.3,1.0,399.3,399.2,2,1,1.00,CYCLE,S
IND,208,7604,59467,26/03/2021,12:40:19,15,1,18.9,1.1,60.8,60.5,2,1,1.00,CYCLE,S
IND,208,7604,59467,26/03/2021,12:40:20,15,1,18.1,1.1,1.1,0.9,2,1,1.00,CYCLE,S
IND,208,7604,59467,26/03/2021,12:42:17,15,1,21.6,1.1,116.4,116.2,2,1,1.00,CYCLE,S
IND,208,7604,59467,26/03/2021,12:42:33,15,1,20.5,1.0,16.6,16.4,2,1,1.00,CYCLE,S
IND,208,7604,59467,26/03/2021,12:43:00,15,1,18.2,1.1,26.4,26.3,2,1,1.00,CYCLE,S
IND,208,7604,59466,26/03/2021,12:44:59,15,0,41.5,1.0,131.2,131.0,2,1,1.00,CYCLE,N
IND,208,7604,59467,26/03/2021,12:46:59,15,1,16.7,1.1,239.1,238.8,2,1,1.00,CYCLE,S
IND,208,7604,59467,26/03/2021,12:47:00,15,1,16.7,1.1,1.6,1.4,2,1,1.00,CYCLE,S
IND,208,7604,59467,26/03/2021,12:48:18,15,1,12.2,1.0,77.6,77.4,2,1,1.00,CYCLE,S
IND,208,7604,59467,26/03/2021,12:48:27,15,1,13.9,1.0,9.4,9.1,2,1,1.00,CYCLE,S
IND,208,7604,59466,26/03/2021,12:48:58,15,0,36.6,1.1,239.0,238.9,2,1,1.00,CYCLE,N
IND,208,7604,59466,26/03/2021,12:50:07,15,0,36.7,1.1,68.3,68.2,2,1,1.00,CYCLE,N
IND,208,7604,59466,26/03/2021,12:50:10,15,0,34.4,1.1,3.4,3.3,2,1,1.00,CYCLE,N
IND,208,7604,59466,26/03/2021,12:50:13,15,0,31.0,1.0,2.6,2.5,2,1,1.00,CYCLE,N
IND,208,7604,59466,26/03/2021,12:52:29,15,0,34.4,1.1,136.6,136.5,2,1,1.00,CYCLE,N
IND,208,7604,59466,26/03/2021,12:54:13,15,0,37.1,1.1,103.6,103.5,2,1,1.00,CYCLE,N
IND,208,7604,59466,26/03/2021,12:54:43,15,0,44.5,1.0,30.6,30.5,2,1,1.00,CYCLE,N
IND,208,7604,59466,26/03/2021,12:54:44,15,0,44.7,1.0,0.7,0.6,2,1,1.00,CYCLE,N
IND,208,7604,59466,26/03/2021,12:56:01,15,0,29.8,1.0,77.2,77.1,2,1,1.00,CYCLE,N
IND,208,7604,59466,26/03/2021,12:56:01,15,0,29.8,1.0,0.0,0.0,2,1,1.00,CYCLE,N
IND,208,7604,59466,26/03/2021,12:57:36,15,0,38.3,1.0,94.4,94.2,2,1,1.00,CYCLE,N
IND,208,7604,59466,26/03/2021,12:57:50,15,0,35.9,1.0,14.6,14.6,2,1,1.00,CYCLE,N
IND,208,7604,59466,26/03/2021,13:06:00,15,0,16.5,1.0,490.0,489.9,2,1,1.00,CYCLE,N
IND,208,7604,59466,26/03/2021,13:08:02,15,0,36.6,1.0,121.5,121.3,2,1,1.00,CYCLE,N
IND,208,7604,59466,26/03/2021,13:08:03,15,0,37.1,1.1,0.8,0.7,2,1,1.00,CYCLE,N
IND,208,7604,59466,26/03/2021,13:09:34,15,0,18.5,1.1,91.8,91.7,2,1,1.00,CYCLE,N
IND,208,7604,59466,26/03/2021,13:21:51,15,0,34.0,1.1,355.0,354.9,2,1,1.00,CYCLE,N
IND,208,7604,59467,26/03/2021,13:22:34,15,1,17.7,1.1,2046.3,2046.0,2,1,1.00,CYCLE,S
IND,208,7604,59467,26/03/2021,13:24:13,15,1,20.9,1.0,99.1,98.8,2,1,1.00,CYCLE,S
IND,208,7604,59467,26/03/2021,13:24:19,15,1,21.5,1.0,6.4,6.2,2,1,1.00,CYCLE,S
IND,208,7604,59467,26/03/2021,13:24:34,15,1,26.7,1.0,14.8,14.6,2,1,1.00,CYCLE,S
IND,208,7604,59467,26/03/2021,13:24:51,15,1,23.6,1.0,17.0,16.9,2,1,1.00,CYCLE,S
IND,208,7604,59467,26/03/2021,13:25:28,15,1,17.8,1.0,36.8,36.7,2,1,1.00,CYCLE,S
IND,208,7604,59467,26/03/2021,13:25:31,15,1,15.5,1.0,3.8,3.6,2,1,1.00,CYCLE,S
IND,208,7604,59467,26/03/2021,13:25:56,15,1,19.3,1.0,24.3,24.1,2,1,1.00,CYCLE,S
IND,208,7604,59466,26/03/2021,13:28:28,15,0,25.2,1.0,397.7,397.6,2,1,1.00,CYCLE,N
IND,208,7604,59467,26/03/2021,13:31:43,15,1,19.3,1.0,346.8,346.6,2,1,1.00,CYCLE,S
IND,208,7604,59467,26/03/2021,13:32:38,15,1,14.5,1.1,55.5,55.3,2,1,1.00,CYCLE,S
IND,208,7604,59466,26/03/2021,13:33:14,15,0,37.0,1.1,285.1,285.0,2,1,1.00,CYCLE,N
IND,208,7604,59467,26/03/2021,13:33:38,15,1,22.2,1.0,59.6,59.3,2,1,1.00,CYCLE,S
IND,208,7604,59466,26/03/2021,13:34:40,15,0,37.6,1.0,86.7,86.6,2,1,1.00,CYCLE,N
IND,208,7604,59467,26/03/2021,13:35:12,15,1,20.5,0.9,94.4,94.2,2,1,1.00,CYCLE,S
IND,208,7604,59467,26/03/2021,13:35:38,15,1,18.2,1.1,25.6,25.5,2,1,1.00,CYCLE,S
IND,208,7604,59467,26/03/2021,13:35:38,15,1,18.1,1.0,0.8,0.6,2,1,1.00,CYCLE,S
IND,208,7604,59466,26/03/2021,13:38:36,15,0,40.1,1.0,235.6,235.5,2,1,1.00,CYCLE,N
IND,208,7604,59466,26/03/2021,13:39:24,15,0,38.4,1.0,47.9,47.8,2,1,1.00,CYCLE,N
IND,208,7604,59466,26/03/2021,13:42:31,15,0,40.2,1.0,187.5,187.4,2,1,1.00,CYCLE,N
IND,208,7604,59466,26/03/2021,13:42:32,15,0,37.3,1.0,1.1,1.0,2,1,1.00,CYCLE,N
IND,208,7604,59466,26/03/2021,13:42:55,15,0,32.5,1.0,22.9,22.8,2,1,1.00,CYCLE,N
IND,208,7604,59467,26/03/2021,13:48:16,15,1,16.0,1.1,757.4,757.2,2,1,1.00,CYCLE,S
IND,208,7604,59467,26/03/2021,13:49:07,15,1,18.7,1.0,51.1,50.9,2,1,1.00,CYCLE,S
IND,208,7604,59467,26/03/2021,13:50:00,15,1,22.5,1.0,53.0,52.8,2,1,1.00,CYCLE,S
IND,208,7604,59466,26/03/2021,13:51:18,15,0,36.6,1.0,503.1,503.0,2,1,1.00,CYCLE,N
IND,208,7604,59466,26/03/2021,13:51:21,15,0,35.6,1.1,2.7,2.6,2,1,1.00,CYCLE,N
IND,208,7604,59466,26/03/2021,13:53:51,15,0,36.9,1.0,149.7,149.6,2,1,1.00,CYCLE,N
IND,208,7604,59466,26/03/2021,13:54:13,15,0,40.0,1.0,22.0,21.9,2,1,1.00,CYCLE,N
IND,208,7604,59467,26/03/2021,13:57:49,15,1,20.0,1.0,211.8,211.7,2,1,1.00,CYCLE,S
IND,208,7604,59466,26/03/2021,14:01:24,15,0,38.3,1.0,431.2,431.2,2,1,1.00,CYCLE,N
IND,208,7604,59466,26/03/2021,14:04:03,15,0,38.1,1.0,159.3,159.2,2,1,1.00,CYCLE,N
IND,208,7604,59466,26/03/2021,14:05:00,15,0,37.8,1.1,56.2,56.1,2,1,1.00,CYCLE,N
IND,208,7604,59467,26/03/2021,14:09:40,15,1,15.0,1.0,710.1,710.0,2,1,1.00,CYCLE,S
IND,208,7604,59467,26/03/2021,14:09:40,15,1,16.5,1.0,0.5,0.3,2,1,1.00,CYCLE,S
IND,208,7604,59467,26/03/2021,14:12:28,15,1,23.0,1.0,168.1,167.9,2,1,0.40,CYCLE,S
IND,208,7604,59467,26/03/2021,14:12:29,15,1,13.2,0.6,0.8,0.6,2,1,1.00,CYCLE,S
IND,208,7604,59467,26/03/2021,14:13:34,15,1,16.0,0.9,65.0,64.8,2,1,1.00,CYCLE,S
IND,208,7604,59467,26/03/2021,14:16:49,15,1,19.1,1.0,195.2,195.0,2,1,1.00,CYCLE,S
IND,208,7604,59466,26/03/2021,14:17:21,15,0,40.5,1.0,742.0,741.9,2,1,1.00,CYCLE,N
IND,208,7604,59467,26/03/2021,14:22:58,15,1,15.8,1.0,369.0,368.8,2,1,1.00,CYCLE,S
IND,208,7604,59467,26/03/2021,14:24:42,15,1,18.4,1.0,104.0,103.7,2,1,1.00,CYCLE,S
IND,208,7604,59467,26/03/2021,14:27:09,15,1,19.7,1.0,146.5,146.4,2,1,1.00,CYCLE,S
IND,208,7604,59467,26/03/2021,14:28:57,15,1,17.1,1.1,107.9,107.8,2,1,1.00,CYCLE,S
IND,208,7604,59467,26/03/2021,14:28:57,15,1,18.0,1.0,0.7,0.4,2,1,1.00,CYCLE,S
IND,208,7604,59467,26/03/2021,14:29:33,15,1,16.1,1.1,35.7,35.5,2,1,1.00,CYCLE,S
IND,208,7604,59467,26/03/2021,14:31:19,15,1,12.0,1.1,105.5,105.3,2,1,1.00,CYCLE,S
IND,208,7604,59466,26/03/2021,14:32:39,15,0,37.9,1.1,875.3,875.2,2,1,1.00,CYCLE,N
IND,208,7604,59467,26/03/2021,14:34:08,15,1,16.0,1.1,169.4,169.0,2,1,1.00,CYCLE,S
IND,208,7604,59467,26/03/2021,14:34:19,15,1,20.9,1.0,11.4,11.1,2,1,1.00,CYCLE,S
IND,208,7604,59466,26/03/2021,14:34:58,15,0,41.6,1.0,138.8,138.7,2,1,1.00,CYCLE,N
IND,208,7604,59467,26/03/2021,14:35:08,15,1,13.2,1.0,48.7,48.6,2,1,1.00,CYCLE,S
IND,208,7604,59466,26/03/2021,14:35:21,15,0,40.3,1.1,23.0,22.9,2,1,1.00,CYCLE,N
IND,208,7604,59467,26/03/2021,14:35:22,15,1,16.1,1.0,13.9,13.6,2,1,1.00,CYCLE,S
IND,208,7604,59467,26/03/2021,14:35:37,15,1,17.9,1.0,14.9,14.7,2,1,1.00,CYCLE,S
IND,208,7604,59467,26/03/2021,14:36:34,15,1,19.6,1.0,56.8,56.6,2,1,1.00,CYCLE,S
IND,208,7604,59466,26/03/2021,14:37:18,15,0,24.0,1.1,116.5,116.4,2,1,1.00,CYCLE,N
IND,208,7604,59467,26/03/2021,14:37:33,15,1,21.2,1.0,59.1,58.9,2,1,1.00,CYCLE,S
IND,208,7604,59467,26/03/2021,14:39:56,15,1,19.2,1.0,142.9,142.7,2,1,1.00,CYCLE,S
IND,208,7604,59467,26/03/2021,14:40:00,15,1,16.7,1.0,4.0,3.9,2,1,1.00,CYCLE,S
IND,208,7604,59467,26/03/2021,14:40:08,15,1,14.4,1.1,8.4,8.2,2,1,1.00,CYCLE,S
IND,208,7604,59466,26/03/2021,14:40:40,15,0,40.5,1.0,129.7,129.6,2,1,1.00,CYCLE,N
IND,208,7604,59466,26/03/2021,14:41:17,15,0,24.1,1.1,36.9,36.8,2,1,1.00,CYCLE,N
IND,208,7604,59467,26/03/2021,14:44:23,15,1,14.5,1.1,255.2,255.0,2,1,1.00,CYCLE,S
IND,208,7604,59467,26/03/2021,14:46:03,15,1,11.9,1.0,99.8,99.6,2,1,1.00,CYCLE,S
IND,208,7604,59466,26/03/2021,14:46:44,15,0,40.0,1.1,327.5,327.4,2,1,1.00,CYCLE,N
IND,208,7604,59467,26/03/2021,14:50:02,15,1,15.9,1.0,238.6,238.3,2,1,1.00,CYCLE,S
IND,208,7604,59466,26/03/2021,14:53:02,15,0,35.8,1.1,377.4,377.3,2,1,1.00,CYCLE,N
IND,208,7604,59467,26/03/2021,14:56:47,15,1,22.2,1.0,405.4,405.1,2,1,1.00,CYCLE,S
IND,208,7604,59467,26/03/2021,14:57:34,15,1,16.9,1.1,47.2,47.0,2,1,1.00,CYCLE,S
IND,208,7604,59466,26/03/2021,14:58:11,15,0,38.1,1.0,309.6,309.5,2,1,1.00,CYCLE,N
IND,208,7604,59467,26/03/2021,15:02:28,15,1,13.3,1.1,293.8,293.6,2,1,1.00,CYCLE,S
IND,208,7604,59467,26/03/2021,15:04:05,15,1,20.1,1.0,97.2,96.9,2,1,1.00,CYCLE,S
IND,208,7604,59467,26/03/2021,15:04:06,15,1,19.6,1.0,0.5,0.4,2,1,1.00,CYCLE,S
IND,208,7604,59466,26/03/2021,15:04:15,15,0,36.5,1.1,283.0,282.9,2,1,1.00,CYCLE,N
IND,208,7604,59466,26/03/2021,15:06:45,15,0,37.8,1.0,149.7,149.6,2,1,1.00,CYCLE,N
IND,208,7604,59466,26/03/2021,15:08:32,15,0,32.8,1.0,107.2,107.1,2,1,1.00,CYCLE,N
IND,208,7604,59467,26/03/2021,15:08:42,15,1,24.1,1.1,276.3,276.1,2,1,1.00,CYCLE,S
IND,208,7604,59467,26/03/2021,15:09:06,15,1,24.5,1.1,23.6,23.4,2,1,1.00,CYCLE,S
IND,208,7604,59467,26/03/2021,15:09:51,15,1,23.2,1.0,45.5,45.4,2,1,1.00,CYCLE,S
IND,208,7604,59466,26/03/2021,15:10:14,15,0,34.3,1.1,101.6,101.4,2,1,1.00,CYCLE,N
IND,208,7604,59466,26/03/2021,15:11:42,15,0,34.9,1.2,88.1,88.0,2,1,1.00,CYCLE,N
IND,208,7604,59466,26/03/2021,15:12:15,15,0,37.7,1.0,33.1,32.9,2,1,1.00,CYCLE,N
IND,208,7604,59467,26/03/2021,15:14:34,15,1,19.0,0.9,110.8,110.6,2,1,1.00,CYCLE,S
IND,208,7604,59466,26/03/2021,15:15:03,15,0,38.3,1.1,167.7,167.6,2,1,1.00,CYCLE,N
IND,208,7604,59467,26/03/2021,15:15:31,15,1,19.9,1.0,57.2,57.0,2,1,1.00,CYCLE,S
IND,208,7604,59466,26/03/2021,15:15:55,15,0,30.4,0.9,52.1,52.0,2,1,1.00,CYCLE,N
IND,208,7604,59466,26/03/2021,15:17:16,15,0,26.3,1.1,80.9,80.8,2,1,1.00,CYCLE,N
IND,208,7604,59466,26/03/2021,15:17:55,15,0,35.6,1.1,38.9,38.8,2,1,1.00,CYCLE,N
IND,208,7604,59466,26/03/2021,15:18:40,15,0,37.3,1.0,45.1,45.0,2,1,1.00,CYCLE,N
IND,208,7604,59466,26/03/2021,15:19:18,15,0,36.3,1.0,38.4,38.3,2,1,1.00,CYCLE,N
IND,208,7604,59466,26/03/2021,15:19:55,15,0,37.3,1.0,36.5,36.4,2,1,1.00,CYCLE,N
IND,208,7604,59466,26/03/2021,15:20:29,15,0,33.7,1.1,33.9,33.8,2,1,1.00,CYCLE,N
IND,208,7604,59467,26/03/2021,15:21:25,15,1,27.5,1.1,353.8,353.6,2,1,1.00,CYCLE,S
IND,208,7604,59466,26/03/2021,15:21:35,15,0,35.5,1.1,66.0,65.9,2,1,1.00,CYCLE,N
IND,208,7604,59466,26/03/2021,15:21:59,15,0,25.2,1.0,24.7,24.6,2,1,1.00,CYCLE,N
IND,208,7604,59466,26/03/2021,15:22:00,15,0,24.0,1.0,0.8,0.6,2,1,1.00,CYCLE,N
IND,208,7604,59466,26/03/2021,15:23:28,15,0,37.9,1.1,41.2,41.1,2,1,1.00,CYCLE,N
IND,208,7604,59467,26/03/2021,15:23:45,15,1,23.8,1.0,139.5,139.3,2,1,1.00,CYCLE,S
IND,208,7604,59466,26/03/2021,15:24:22,15,0,40.2,1.0,54.4,54.3,2,1,1.00,CYCLE,N
IND,208,7604,59467,26/03/2021,15:25:26,15,1,25.0,1.0,101.3,101.1,2,1,1.00,CYCLE,S
IND,208,7604,59466,26/03/2021,15:26:07,15,0,37.0,1.0,105.0,104.9,2,1,1.00,CYCLE,N
IND,208,7604,59466,26/03/2021,15:26:25,15,0,21.9,1.1,18.2,18.1,2,1,1.00,CYCLE,N
IND,208,7604,59466,26/03/2021,15:28:26,15,0,38.3,1.1,120.9,120.8,2,1,1.00,CYCLE,N
IND,208,7604,59466,26/03/2021,15:29:20,15,0,37.6,1.1,53.2,53.1,2,1,1.00,CYCLE,N
IND,208,7604,59466,26/03/2021,15:33:46,15,0,21.2,1.0,266.9,266.8,2,1,1.00,CYCLE,N
IND,208,7604,59467,26/03/2021,15:34:47,15,1,22.8,1.0,560.9,560.8,2,1,1.00,CYCLE,S
IND,208,7604,59466,26/03/2021,15:36:46,15,0,37.9,1.0,179.6,179.4,2,1,1.00,CYCLE,N
IND,208,7604,59466,26/03/2021,15:37:01,15,0,43.7,1.1,14.9,14.8,2,1,1.00,CYCLE,N
IND,208,7604,59467,26/03/2021,15:38:21,15,1,12.6,1.0,213.6,213.5,2,1,1.00,CYCLE,S
IND,208,7604,59467,26/03/2021,15:38:30,15,1,12.9,1.0,9.3,9.0,2,1,1.00,CYCLE,S
IND,208,7604,59467,26/03/2021,15:39:34,15,1,11.3,1.1,64.4,64.1,2,1,1.00,CYCLE,S
IND,208,7604,59466,26/03/2021,15:39:42,15,0,39.2,1.0,160.8,160.7,2,1,1.00,CYCLE,N
IND,208,7604,59466,26/03/2021,15:39:44,15,0,38.3,1.1,2.2,2.1,2,1,1.00,CYCLE,N
IND,208,7604,59467,26/03/2021,15:40:52,15,1,22.5,1.0,77.6,77.3,2,1,1.00,CYCLE,S
IND,208,7604,59466,26/03/2021,15:41:02,15,0,34.0,1.0,78.2,78.1,2,1,1.00,CYCLE,N
IND,208,7604,59467,26/03/2021,15:41:08,15,1,19.7,1.0,15.9,15.8,2,1,1.00,CYCLE,S
IND,208,7604,59466,26/03/2021,15:41:23,15,0,34.6,1.1,20.8,20.7,2,1,1.00,CYCLE,N
IND,208,7604,59467,26/03/2021,15:42:01,15,1,16.5,1.0,53.2,53.1,2,1,1.00,CYCLE,S
IND,208,7604,59467,26/03/2021,15:42:11,15,1,19.3,1.0,9.5,9.3,2,1,1.00,CYCLE,S
IND,208,7604,59467,26/03/2021,15:42:11,15,1,19.2,1.0,0.6,0.4,2,1,1.00,CYCLE,S
IND,208,7604,59466,26/03/2021,15:43:58,15,0,41.0,1.1,155.1,155.0,2,1,1.00,CYCLE,N
IND,208,7604,59466,26/03/2021,15:46:21,15,0,34.1,1.1,142.9,142.9,2,1,1.00,CYCLE,N
IND,208,7604,59466,26/03/2021,15:46:45,15,0,34.5,1.1,24.2,24.1,2,1,1.00,CYCLE,N
IND,208,7604,59467,26/03/2021,15:47:13,15,1,17.1,1.1,301.5,301.4,2,1,1.00,CYCLE,S
IND,208,7604,59466,26/03/2021,15:47:24,15,0,37.0,1.0,38.8,38.7,2,1,1.00,CYCLE,N
IND,208,7604,59466,26/03/2021,15:48:16,15,0,38.7,1.0,52.4,52.3,2,1,1.00,CYCLE,N
IND,208,7604,59466,26/03/2021,15:48:49,15,0,36.9,1.0,32.6,32.5,2,1,1.00,CYCLE,N
IND,208,7604,59466,26/03/2021,15:50:27,15,0,39.1,1.0,97.9,97.8,2,1,1.00,CYCLE,N
IND,208,7604,59466,26/03/2021,15:50:53,15,0,41.4,1.1,25.9,25.8,2,1,1.00,CYCLE,N
IND,208,7604,59466,26/03/2021,15:51:08,15,0,39.3,1.0,15.2,15.1,2,1,1.00,CYCLE,N
IND,208,7604,59466,26/03/2021,15:51:24,15,0,37.6,1.0,16.4,16.3,2,1,1.00,CYCLE,N
IND,208,7604,59467,26/03/2021,15:51:49,15,1,18.1,1.0,276.4,276.2,2,1,1.00,CYCLE,S
IND,208,7604,59466,26/03/2021,15:52:54,15,0,39.2,1.0,78.1,77.9,2,1,1.00,CYCLE,N
IND,208,7604,59467,26/03/2021,15:53:46,15,1,25.5,1.1,116.9,116.7,2,1,1.00,CYCLE,S
IND,208,7604,59466,26/03/2021,15:54:25,15,0,45.7,1.0,90.6,90.5,2,1,1.00,CYCLE,N
IND,208,7604,59466,26/03/2021,15:54:28,15,0,38.9,1.1,3.3,3.2,2,1,1.00,CYCLE,N
IND,208,7604,59467,26/03/2021,15:55:05,15,1,14.6,1.0,79.3,79.2,2,1,1.00,CYCLE,S
IND,208,7604,59467,26/03/2021,15:55:20,15,1,13.4,1.0,14.5,14.2,2,1,1.00,CYCLE,S
IND,208,7604,59467,26/03/2021,15:55:55,15,1,20.1,1.0,35.5,35.2,2,1,1.00,CYCLE,S
IND,208,7604,59466,26/03/2021,15:57:22,15,0,32.9,1.1,28.1,28.0,2,1,1.00,CYCLE,N
IND,208,7604,59466,26/03/2021,15:58:21,15,0,39.0,1.0,58.5,58.4,2,1,1.00,CYCLE,N
IND,208,7604,59466,26/03/2021,15:58:38,15,0,36.5,1.0,17.4,17.3,2,1,1.00,CYCLE,N
IND,208,7604,59467,26/03/2021,15:58:54,15,1,9.7,1.0,178.4,178.3,2,1,1.00,CYCLE,S
IND,208,7604,59466,26/03/2021,16:00:19,15,0,40.0,1.0,100.7,100.6,2,1,1.00,CYCLE,N
IND,208,7604,59467,26/03/2021,16:01:37,15,1,18.9,1.0,163.0,162.6,2,1,1.00,CYCLE,S
IND,208,7604,59467,26/03/2021,16:01:44,15,1,28.9,1.1,7.6,7.4,2,1,1.00,CYCLE,S
IND,208,7604,59467,26/03/2021,16:03:54,15,1,21.0,1.0,129.4,129.2,2,1,1.00,CYCLE,S
IND,208,7604,59467,26/03/2021,16:06:31,15,1,15.0,1.0,157.4,157.2,2,1,1.00,CYCLE,S
IND,208,7604,59466,26/03/2021,16:06:56,15,0,40.8,1.0,396.8,396.7,2,1,1.00,CYCLE,N
IND,208,7604,59466,26/03/2021,16:08:08,15,0,37.9,1.0,72.4,72.3,2,1,1.00,CYCLE,N
IND,208,7604,59467,26/03/2021,16:08:48,15,1,22.5,1.0,136.5,136.2,2,1,1.00,CYCLE,S
IND,208,7604,59467,26/03/2021,16:09:31,15,1,23.9,1.0,42.9,42.8,2,1,1.00,CYCLE,S
IND,208,7604,59466,26/03/2021,16:10:33,15,0,35.0,1.1,145.0,144.9,2,1,1.00,CYCLE,N
IND,208,7604,59466,26/03/2021,16:11:44,15,0,30.5,1.1,70.8,70.7,2,1,1.00,CYCLE,N
IND,208,7604,59466,26/03/2021,16:12:20,15,0,35.8,1.0,35.8,35.6,2,1,1.00,CYCLE,N
IND,208,7604,59466,26/03/2021,16:12:22,15,0,36.3,1.1,2.8,2.6,2,1,1.00,CYCLE,N
IND,208,7604,59466,26/03/2021,16:13:39,15,0,36.1,1.1,77.0,76.9,2,1,1.00,CYCLE,N
IND,208,7604,59467,26/03/2021,16:14:38,15,1,25.4,1.0,307.1,306.9,2,1,1.00,CYCLE,S
IND,208,7604,59466,26/03/2021,16:15:03,15,0,38.0,1.1,84.0,83.9,2,1,1.00,CYCLE,N
IND,208,7604,59466,26/03/2021,16:15:36,15,0,35.0,1.1,32.4,32.3,2,1,1.00,CYCLE,N
IND,208,7604,59467,26/03/2021,16:15:38,15,1,19.9,1.1,60.2,60.1,2,1,1.00,CYCLE,S
IND,208,7604,59467,26/03/2021,16:15:46,15,1,16.4,1.2,8.0,7.8,2,1,1.00,CYCLE,S
IND,208,7604,59466,26/03/2021,16:15:59,15,0,29.2,1.0,23.0,22.9,2,1,1.00,CYCLE,N
IND,208,7604,59467,26/03/2021,16:16:05,15,1,22.3,1.1,18.8,18.5,2,1,1.00,CYCLE,S
IND,208,7604,59466,26/03/2021,16:19:06,15,0,32.5,1.1,187.3,187.2,2,1,1.00,CYCLE,N
IND,208,7604,59466,26/03/2021,16:19:21,15,0,33.5,1.1,15.3,15.2,2,1,1.00,CYCLE,N
IND,208,7604,59467,26/03/2021,16:19:34,15,1,10.2,1.1,209.2,209.1,2,1,1.00,CYCLE,S
IND,208,7604,59466,26/03/2021,16:19:40,15,0,32.5,1.0,18.7,18.5,2,1,1.00,CYCLE,N
IND,208,7604,59466,26/03/2021,16:20:19,15,0,39.2,1.0,38.8,38.6,2,1,1.00,CYCLE,N
IND,208,7604,59467,26/03/2021,16:20:56,15,1,17.6,1.0,82.0,81.6,2,1,1.00,CYCLE,S
IND,208,7604,59467,26/03/2021,16:21:29,15,1,11.2,1.0,33.6,33.4,2,1,1.00,CYCLE,S
IND,208,7604,59467,26/03/2021,16:21:33,15,1,13.7,1.0,3.1,2.8,2,1,1.00,CYCLE,S
IND,208,7604,59466,26/03/2021,16:25:01,15,0,30.9,1.0,281.8,281.7,2,1,1.00,CYCLE,N
IND,208,7604,59467,26/03/2021,16:26:16,15,1,21.4,1.1,283.7,283.4,2,1,1.00,CYCLE,S
IND,208,7604,59466,26/03/2021,16:29:40,15,0,31.4,1.0,279.3,279.2,2,1,1.00,CYCLE,N
IND,208,7604,59466,26/03/2021,16:29:53,15,0,38.4,1.0,13.2,13.1,2,1,1.00,CYCLE,N
IND,208,7604,59466,26/03/2021,16:29:56,15,0,39.5,1.0,2.7,2.6,2,1,1.00,CYCLE,N
IND,208,7604,59466,26/03/2021,16:30:12,15,0,5.9,1.1,16.3,16.2,2,1,0.80,CYCLE,N
IND,208,7604,59466,26/03/2021,16:30:32,15,0,20.6,1.0,20.2,19.8,2,1,1.00,CYCLE,N
IND,208,7604,59466,26/03/2021,16:30:46,15,0,26.3,1.0,13.3,13.1,2,1,1.00,CYCLE,N
IND,208,7604,59466,26/03/2021,16:30:55,15,0,41.7,1.0,9.2,9.0,2,1,1.00,CYCLE,N
IND,208,7604,59466,26/03/2021,16:32:56,15,0,41.7,1.0,120.7,120.6,2,1,1.00,CYCLE,N
IND,208,7604,59466,26/03/2021,16:33:26,15,0,37.7,1.0,30.3,30.2,2,1,1.00,CYCLE,N
IND,208,7604,59466,26/03/2021,16:34:16,15,0,32.0,1.1,49.7,49.6,2,1,1.00,CYCLE,N
IND,208,7604,59466,26/03/2021,16:35:05,15,0,39.4,1.1,49.0,48.9,2,1,1.00,CYCLE,N
IND,208,7604,59466,26/03/2021,16:35:12,15,0,36.8,1.1,7.2,7.1,2,1,1.00,CYCLE,N
IND,208,7604,59466,26/03/2021,16:35:32,15,0,43.2,1.0,20.0,19.9,2,1,1.00,CYCLE,N
IND,208,7604,59466,26/03/2021,16:36:52,15,0,20.3,1.1,80.2,80.1,2,1,1.00,CYCLE,N
IND,208,7604,59467,26/03/2021,16:37:04,15,1,10.3,1.1,419.5,419.4,2,1,1.00,CYCLE,S
IND,208,7604,59466,26/03/2021,16:37:32,15,0,36.1,1.0,40.0,39.8,2,1,1.00,CYCLE,N
IND,208,7604,59466,26/03/2021,16:37:47,15,0,38.1,1.0,15.0,14.9,2,1,1.00,CYCLE,N
IND,208,7604,59467,26/03/2021,16:38:31,15,1,21.3,1.0,87.7,87.2,2,1,1.00,CYCLE,S
IND,208,7604,59467,26/03/2021,16:39:11,15,1,19.0,1.0,39.9,39.8,2,1,1.00,CYCLE,S
IND,208,7604,59467,26/03/2021,16:39:33,15,1,17.1,1.0,21.5,21.4,2,1,1.00,CYCLE,S
IND,208,7604,59467,26/03/2021,16:39:40,15,1,25.4,1.0,7.1,6.8,2,1,1.00,CYCLE,S
IND,208,7604,59467,26/03/2021,16:39:43,15,1,19.7,1.0,2.7,2.6,2,1,1.00,CYCLE,S
IND,208,7604,59466,26/03/2021,16:40:00,15,0,10.9,1.1,133.4,133.3,2,1,1.00,CYCLE,N
IND,208,7604,59466,26/03/2021,16:40:04,15,0,11.1,1.0,3.5,3.3,2,1,0.57,CYCLE,N
IND,208,7604,59467,26/03/2021,16:40:07,15,1,12.9,1.1,24.9,24.7,2,1,1.00,CYCLE,S
IND,208,7604,59467,26/03/2021,16:41:50,15,1,13.0,1.1,102.4,102.1,2,1,1.00,CYCLE,S
IND,208,7604,59466,26/03/2021,16:42:09,15,0,40.5,1.0,124.7,124.3,2,1,1.00,CYCLE,N
IND,208,7604,59466,26/03/2021,16:42:26,15,0,40.7,1.1,17.2,17.1,2,1,1.00,CYCLE,N
IND,208,7604,59466,26/03/2021,16:42:59,15,0,37.0,1.1,32.9,32.8,2,1,1.00,CYCLE,N
IND,208,7604,59466,26/03/2021,16:44:28,15,0,37.7,1.1,89.4,89.2,2,1,1.00,CYCLE,N
IND,208,7604,59466,26/03/2021,16:45:31,15,0,38.8,1.0,62.8,62.7,2,1,1.00,CYCLE,N
IND,208,7604,59466,26/03/2021,16:47:35,15,0,40.8,1.1,124.5,124.4,2,1,1.00,CYCLE,N
IND,208,7604,59466,26/03/2021,16:48:27,15,0,30.4,1.1,51.4,51.3,2,1,1.00,CYCLE,N
IND,208,7604,59466,26/03/2021,16:50:46,15,0,36.9,1.0,139.7,139.6,2,1,1.00,CYCLE,N
IND,208,7604,59466,26/03/2021,16:51:35,15,0,39.0,1.0,48.9,48.8,2,1,1.00,CYCLE,N
IND,208,7604,59466,26/03/2021,16:51:37,15,0,38.3,1.0,1.3,1.3,2,1,1.00,CYCLE,N
IND,208,7604,59466,26/03/2021,16:51:59,15,0,37.9,1.1,22.4,22.3,2,1,1.00,CYCLE,N
IND,208,7604,59466,26/03/2021,16:52:01,15,0,37.1,1.0,2.0,1.9,2,1,1.00,CYCLE,N
IND,208,7604,59466,26/03/2021,16:52:01,15,0,37.7,1.0,0.4,0.3,2,1,1.00,CYCLE,N
IND,208,7604,59466,26/03/2021,16:52:02,15,0,37.7,1.2,0.4,0.3,2,1,1.00,CYCLE,N
IND,208,7604,59466,26/03/2021,16:52:35,15,0,42.3,1.0,32.9,32.8,2,1,1.00,CYCLE,N
IND,208,7604,59467,26/03/2021,16:52:54,15,1,23.5,1.0,275.9,275.7,2,1,1.00,CYCLE,S
IND,208,7604,59466,26/03/2021,16:52:55,15,0,38.2,1.0,20.4,20.3,2,1,1.00,CYCLE,N
IND,208,7604,59466,26/03/2021,16:55:29,15,0,40.9,1.0,153.3,153.2,2,1,1.00,CYCLE,N
IND,208,7604,59466,26/03/2021,16:55:35,15,0,33.4,1.0,6.2,6.2,2,1,1.00,CYCLE,N
IND,208,7604,59467,26/03/2021,16:56:08,15,1,22.9,1.0,193.9,193.7,2,1,1.00,CYCLE,S
IND,208,7604,59466,26/03/2021,16:56:23,15,0,37.8,1.2,48.6,48.5,2,1,1.00,CYCLE,N
IND,208,7604,59466,26/03/2021,16:56:29,15,0,36.9,1.1,5.7,5.6,2,1,1.00,CYCLE,N
IND,208,7604,59467,26/03/2021,16:56:31,15,1,26.2,1.0,22.9,22.7,2,1,1.00,CYCLE,S
IND,208,7604,59466,26/03/2021,16:58:07,15,0,35.6,1.1,97.8,97.7,2,1,1.00,CYCLE,N
IND,208,7604,59466,26/03/2021,16:58:18,15,0,42.2,1.1,11.5,11.4,2,1,1.00,CYCLE,N
IND,208,7604,59466,26/03/2021,16:58:21,15,0,38.8,1.0,2.2,2.1,2,1,1.00,CYCLE,N
IND,208,7604,59467,26/03/2021,16:59:31,15,1,12.6,1.1,180.1,180.0,2,1,1.00,CYCLE,S
IND,208,7604,59466,26/03/2021,16:59:32,15,0,39.0,1.0,71.9,71.8,2,1,1.00,CYCLE,N
IND,208,7604,59467,26/03/2021,16:59:34,15,1,22.6,1.0,3.2,2.8,2,1,1.00,CYCLE,S
IND,208,7604,59466,26/03/2021,17:00:12,15,0,45.5,1.0,40.0,39.9,2,1,1.00,CYCLE,N
IND,208,7604,59466,26/03/2021,17:00:23,15,0,36.2,1.1,10.3,10.3,2,1,1.00,CYCLE,N
IND,208,7604,59466,26/03/2021,17:00:29,15,0,38.0,1.0,6.3,6.2,2,1,1.00,CYCLE,N
IND,208,7604,59466,26/03/2021,17:00:30,15,0,38.1,1.0,1.3,1.2,2,1,1.00,CYCLE,N
IND,208,7604,59466,26/03/2021,17:00:32,15,0,39.1,1.0,1.4,1.3,2,1,1.00,CYCLE,N
IND,208,7604,59467,26/03/2021,17:00:59,15,1,18.2,1.1,84.8,84.7,2,1,1.00,CYCLE,S
IND,208,7604,59466,26/03/2021,17:03:43,15,0,37.9,1.0,191.6,191.6,2,1,1.00,CYCLE,N
IND,208,7604,59467,26/03/2021,17:04:24,15,1,24.0,1.0,205.3,205.0,2,1,1.00,CYCLE,S
IND,208,7604,59466,26/03/2021,17:04:54,15,0,38.5,1.0,70.6,70.5,2,1,1.00,CYCLE,N
IND,208,7604,59467,26/03/2021,17:05:51,15,1,21.8,1.0,86.4,86.3,2,1,1.00,CYCLE,S
IND,208,7604,59467,26/03/2021,17:06:43,15,1,18.5,1.0,52.1,51.9,2,1,1.00,CYCLE,S
IND,208,7604,59466,26/03/2021,17:06:45,15,0,31.2,1.1,111.3,111.2,2,1,1.00,CYCLE,N
IND,208,7604,59466,26/03/2021,17:07:18,15,0,15.1,0.9,32.6,32.5,2,1,1.00,CYCLE,N
IND,208,7604,59466,26/03/2021,17:07:19,15,0,18.2,1.1,1.1,0.9,2,1,1.00,CYCLE,N
IND,208,7604,59467,26/03/2021,17:07:41,15,1,17.7,1.0,58.5,58.4,2,1,1.00,CYCLE,S
IND,208,7604,59466,26/03/2021,17:09:06,15,0,31.1,1.1,107.1,106.8,2,1,1.00,CYCLE,N
IND,208,7604,59466,26/03/2021,17:09:24,15,0,39.9,1.1,17.6,17.4,2,1,1.00,CYCLE,N
IND,208,7604,59466,26/03/2021,17:09:28,15,0,34.0,1.0,4.0,3.9,2,1,1.00,CYCLE,N
IND,208,7604,59467,26/03/2021,17:09:56,15,1,18.9,1.0,134.4,134.2,2,1,1.00,CYCLE,S
IND,208,7604,59467,26/03/2021,17:11:31,15,1,26.4,1.0,95.8,95.6,2,1,1.00,CYCLE,S
IND,208,7604,59466,26/03/2021,17:11:53,15,0,36.6,1.0,145.1,145.0,2,1,1.00,CYCLE,N
IND,208,7604,59466,26/03/2021,17:13:33,15,0,28.3,1.1,100.7,100.6,2,1,1.00,CYCLE,N
IND,208,7604,59467,26/03/2021,17:14:38,15,1,14.9,1.1,186.5,186.4,2,1,1.00,CYCLE,S
IND,208,7604,59467,26/03/2021,17:14:40,15,1,15.3,1.2,2.0,1.7,2,1,1.00,CYCLE,S
IND,208,7604,59466,26/03/2021,17:14:45,15,0,41.0,1.0,72.0,71.9,2,1,1.00,CYCLE,N
IND,208,7604,59467,26/03/2021,17:15:53,15,1,16.6,1.0,72.9,72.6,2,1,1.00,CYCLE,S
IND,208,7604,59467,26/03/2021,17:16:16,15,1,26.4,1.0,23.5,23.3,2,1,1.00,CYCLE,S
IND,208,7604,59467,26/03/2021,17:16:19,15,1,25.6,1.0,2.6,2.5,2,1,1.00,CYCLE,S
IND,208,7604,59466,26/03/2021,17:16:43,15,0,20.5,1.0,117.6,117.5,2,1,1.00,CYCLE,N
IND,208,7604,59467,26/03/2021,17:17:44,15,1,13.0,1.1,85.3,85.2,2,1,1.00,CYCLE,S
IND,208,7604,59467,26/03/2021,17:17:46,15,1,10.9,1.1,1.4,1.1,2,1,1.00,CYCLE,S
IND,208,7604,59466,26/03/2021,17:18:06,15,0,27.5,1.0,83.5,83.3,2,1,1.00,CYCLE,N
IND,208,7604,59467,26/03/2021,17:18:11,15,1,10.3,0.9,25.6,25.3,2,1,1.00,CYCLE,S
IND,208,7604,59467,26/03/2021,17:18:17,15,1,9.0,1.0,6.0,5.7,2,1,1.00,CYCLE,S
IND,208,7604,59467,26/03/2021,17:20:36,15,1,25.8,1.0,138.9,138.4,2,1,1.00,CYCLE,S
IND,208,7604,59466,26/03/2021,17:21:59,15,0,38.5,1.1,232.9,232.8,2,1,1.00,CYCLE,N
IND,208,7604,59467,26/03/2021,17:23:00,15,1,14.8,1.1,144.0,143.9,2,1,1.00,CYCLE,S
IND,208,7604,59467,26/03/2021,17:23:14,15,1,15.7,1.1,14.4,14.1,2,1,1.00,CYCLE,S
IND,208,7604,59467,26/03/2021,17:23:16,15,1,16.5,1.1,2.0,1.7,2,1,1.00,CYCLE,S
IND,208,7604,59467,26/03/2021,17:23:22,15,1,16.5,1.0,5.7,5.5,2,1,1.00,CYCLE,S
IND,208,7604,59467,26/03/2021,17:23:23,15,1,16.2,1.0,1.1,0.9,2,1,1.00,CYCLE,S
IND,208,7604,59467,26/03/2021,17:24:44,15,1,18.9,1.0,80.3,80.0,2,1,1.00,CYCLE,S
IND,208,7604,59466,26/03/2021,17:25:22,15,0,41.0,1.0,202.3,202.2,2,1,1.00,CYCLE,N
IND,208,7604,59467,26/03/2021,17:25:34,15,1,21.3,1.0,50.4,50.1,2,1,1.00,CYCLE,S
IND,208,7604,59467,26/03/2021,17:25:37,15,1,18.9,1.0,2.7,2.6,2,1,1.00,CYCLE,S
IND,208,7604,59466,26/03/2021,17:25:46,15,0,32.1,0.9,24.6,24.5,2,1,1.00,CYCLE,N
IND,208,7604,59466,26/03/2021,17:26:03,15,0,31.7,1.1,17.1,17.0,2,1,1.00,CYCLE,N
IND,208,7604,59466,26/03/2021,17:26:30,15,0,38.9,1.1,27.2,27.0,2,1,1.00,CYCLE,N
IND,208,7604,59466,26/03/2021,17:27:45,15,0,35.2,1.1,75.0,74.9,2,1,1.00,CYCLE,N
IND,208,7604,59467,26/03/2021,17:28:46,15,1,12.4,1.0,189.8,189.6,2,1,1.00,CYCLE,S
IND,208,7604,59467,26/03/2021,17:28:53,15,1,21.3,1.0,6.1,5.8,2,1,1.00,CYCLE,S
IND,208,7604,59466,26/03/2021,17:29:33,15,0,40.8,1.0,107.4,107.3,2,1,1.00,CYCLE,N
IND,208,7604,59467,26/03/2021,17:29:46,15,1,19.8,0.9,53.6,53.5,2,1,1.00,CYCLE,S
IND,208,7604,59466,26/03/2021,17:30:28,15,0,37.8,1.0,55.4,55.3,2,1,1.00,CYCLE,N
IND,208,7604,59467,26/03/2021,17:31:45,15,1,22.1,1.0,119.1,118.9,2,1,1.00,CYCLE,S
IND,208,7604,59467,26/03/2021,17:34:13,15,1,23.2,1.1,147.8,147.7,2,1,1.00,CYCLE,S
IND,208,7604,59467,26/03/2021,17:34:41,15,1,16.9,1.1,27.8,27.7,2,1,1.00,CYCLE,S
IND,208,7604,59466,26/03/2021,17:34:56,15,0,36.1,1.1,147.2,147.1,2,1,1.00,CYCLE,N
IND,208,7604,59467,26/03/2021,17:36:44,15,1,17.2,1.0,122.6,122.4,2,1,1.00,CYCLE,S
IND,208,7604,59467,26/03/2021,17:38:38,15,1,22.1,1.0,73.4,73.2,2,1,1.00,CYCLE,S
IND,208,7604,59467,26/03/2021,17:38:38,15,1,22.1,1.0,0.0,0.0,2,1,1.00,CYCLE,S
IND,208,7604,59467,26/03/2021,17:39:34,15,1,20.4,1.0,55.4,55.1,2,1,1.00,CYCLE,S
IND,208,7604,59467,26/03/2021,17:39:42,15,1,13.3,1.0,8.3,8.2,2,1,1.00,CYCLE,S
IND,208,7604,59466,26/03/2021,17:39:44,15,0,23.9,1.0,288.0,287.9,2,1,1.00,CYCLE,N
IND,208,7604,59466,26/03/2021,17:40:21,15,0,40.4,1.0,37.1,37.0,2,1,1.00,CYCLE,N
IND,208,7604,59466,26/03/2021,17:40:25,15,0,36.5,1.0,3.6,3.5,2,1,1.00,CYCLE,N
IND,208,7604,59467,26/03/2021,17:40:32,15,1,19.2,1.0,49.4,49.1,2,1,1.00,CYCLE,S
IND,208,7604,59466,26/03/2021,17:42:21,15,0,39.3,1.1,115.8,115.7,2,1,1.00,CYCLE,N
IND,208,7604,59466,26/03/2021,17:44:01,15,0,43.2,1.1,100.5,100.4,2,1,1.00,CYCLE,N
IND,208,7604,59466,26/03/2021,17:45:14,15,0,29.6,1.1,72.6,72.5,2,1,1.00,CYCLE,N
IND,208,7604,59467,26/03/2021,17:46:11,15,1,28.6,1.0,339.4,339.2,2,1,1.00,CYCLE,S
IND,208,7604,59466,26/03/2021,17:47:32,15,0,29.1,1.0,138.8,138.7,2,1,0.67,CYCLE,N
IND,208,7604,59466,26/03/2021,17:47:42,15,0,31.0,1.0,9.8,9.7,2,1,1.00,CYCLE,N
IND,208,7604,59467,26/03/2021,17:51:13,15,1,28.8,1.0,302.4,302.2,2,1,1.00,CYCLE,S
IND,208,7604,59467,26/03/2021,17:51:26,15,1,24.5,1.1,13.1,13.0,2,1,1.00,CYCLE,S
IND,208,7604,59466,26/03/2021,17:52:54,15,0,15.2,1.1,311.5,311.4,2,1,1.00,CYCLE,N
IND,208,7604,59467,26/03/2021,17:53:10,15,1,11.3,0.9,104.0,103.9,2,1,1.00,CYCLE,S
IND,208,7604,59467,26/03/2021,17:53:13,15,1,16.2,1.0,2.3,2.0,2,1,1.00,CYCLE,S
IND,208,7604,59467,26/03/2021,17:54:26,15,1,23.1,1.0,72.8,72.5,2,1,1.00,CYCLE,S
IND,208,7604,59466,26/03/2021,17:54:39,15,0,33.9,1.1,105.3,105.1,2,1,1.00,CYCLE,N
IND,208,7604,59467,26/03/2021,17:55:17,15,1,22.0,1.0,51.2,51.1,2,1,1.00,CYCLE,S
IND,208,7604,59466,26/03/2021,17:55:17,15,0,36.9,1.0,37.9,37.8,2,1,1.00,CYCLE,N
IND,208,7604,59466,26/03/2021,17:55:32,15,0,21.9,1.0,15.4,15.3,2,1,1.00,CYCLE,N
IND,208,7604,59467,26/03/2021,17:56:41,15,1,19.9,1.0,83.8,83.6,2,1,1.00,CYCLE,S
IND,208,7604,59466,26/03/2021,17:57:16,15,0,37.2,1.1,104.1,103.9,2,1,1.00,CYCLE,N
IND,208,7604,59466,26/03/2021,17:58:17,15,0,40.2,1.1,60.6,60.5,2,1,1.00,CYCLE,N
IND,208,7604,59467,26/03/2021,17:59:24,15,1,24.1,1.0,163.9,163.7,2,1,1.00,CYCLE,S
IND,208,7604,59466,26/03/2021,18:03:11,15,0,38.2,1.1,293.8,293.7,2,1,1.00,CYCLE,N
IND,208,7604,59466,26/03/2021,18:06:04,15,0,28.5,1.0,173.6,173.5,2,1,1.00,CYCLE,N
IND,208,7604,59467,26/03/2021,18:06:25,15,1,23.5,1.0,420.4,420.3,2,1,1.00,CYCLE,S
IND,208,7604,59466,26/03/2021,18:07:19,15,0,36.8,1.0,74.4,74.3,2,1,1.00,CYCLE,N
IND,208,7604,59466,26/03/2021,18:07:42,15,0,43.2,1.1,22.8,22.7,2,1,1.00,CYCLE,N
IND,208,7604,59467,26/03/2021,18:09:46,15,1,14.6,1.1,200.8,200.7,2,1,1.00,CYCLE,S
IND,208,7604,59467,26/03/2021,18:16:01,15,1,11.6,1.1,375.7,375.4,2,1,1.00,CYCLE,S
IND,208,7604,59466,26/03/2021,18:18:03,15,0,37.7,1.0,621.8,621.7,2,1,1.00,CYCLE,N
IND,208,7604,59467,26/03/2021,18:19:34,15,1,25.9,1.0,212.7,212.3,2,1,1.00,CYCLE,S
IND,208,7604,59466,26/03/2021,18:20:27,15,0,7.3,1.0,143.5,143.4,2,1,0.50,CYCLE,N
IND,208,7604,59467,26/03/2021,18:20:27,15,1,7.3,1.0,0.0,0.0,2,1,0.50,CYCLE,S
IND,208,7604,59467,26/03/2021,18:23:04,15,1,15.1,1.0,210.1,210.0,2,1,1.00,CYCLE,S
IND,208,7604,59466,26/03/2021,18:25:03,15,0,36.7,1.0,275.7,274.0,2,1,1.00,CYCLE,N
IND,208,7604,59466,26/03/2021,18:27:21,15,0,37.2,1.0,138.5,138.4,2,1,1.00,CYCLE,N
IND,208,7604,59466,26/03/2021,18:34:20,15,0,34.1,1.0,419.0,418.9,2,1,1.00,CYCLE,N
IND,208,7604,59466,26/03/2021,18:39:31,15,0,33.7,1.0,216.4,216.4,2,1,1.00,CYCLE,N
IND,208,7604,59466,26/03/2021,18:51:58,15,0,34.3,1.1,688.1,688.0,2,1,1.00,CYCLE,N
IND,208,7604,59467,26/03/2021,19:00:09,15,1,16.0,1.0,2225.3,2225.0,2,1,1.00,CYCLE,S
IND,208,7604,59467,26/03/2021,19:21:40,15,1,11.4,1.1,1290.9,1290.8,2,1,1.00,CYCLE,S
IND,208,7604,59466,26/03/2021,20:06:25,15,0,32.7,1.0,4466.3,4466.2,2,1,1.00,CYCLE,N
IND,208,7604,59466,26/03/2021,20:32:24,15,0,39.6,1.0,1558.8,1558.7,2,1,1.00,CYCLE,N
IND,208,7604,59467,26/03/2021,20:50:26,15,1,21.4,1.0,5325.9,5325.5,2,1,1.00,CYCLE,S
IND,208,7604,59467,26/03/2021,21:14:25,15,1,4.2,1.0,1438.3,1438.0,2,1,0.67,CYCLE,S
IND,208,7604,59466,26/03/2021,22:26:00,15,0,22.4,1.0,6816.8,6816.7,2,1,1.00,CYCLE,N
IND,208,7604,59467,26/03/2021,22:42:57,15,1,24.4,0.9,5312.9,5312.1,2,1,1.00,CYCLE,S
IND,208,7604,59466,26/03/2021,22:44:09,15,0,26.8,1.1,1088.9,1088.8,2,1,1.00,CYCLE,N
IND,208,7604,59466,26/03/2021,22:44:10,15,0,26.0,1.0,0.6,0.4,2,1,1.00,CYCLE,N
IND,208,7604,59466,27/03/2021,01:09:17,15,0,18.8,1.0,8707.4,8707.3,2,1,1.00,CYCLE,N
IND,208,7604,59466,27/03/2021,04:54:50,15,0,35.7,1.1,13532.9,13532.7,2,1,1.00,CYCLE,N
IND,208,7604,59466,27/03/2021,05:12:43,15,0,39.9,1.2,1073.2,1073.1,2,1,1.00,CYCLE,N
IND,208,7604,59466,27/03/2021,05:18:29,15,0,34.4,1.1,346.1,346.0,2,1,1.00,CYCLE,N
IND,208,7604,59466,27/03/2021,05:18:31,15,0,33.9,1.1,1.2,1.1,2,1,1.00,CYCLE,N
IND,208,7604,59467,27/03/2021,05:28:31,15,1,21.6,1.0,24333.7,24333.6,2,1,1.00,CYCLE,S
IND,208,7604,59466,27/03/2021,05:39:23,15,0,35.5,1.0,1252.8,1252.7,2,1,1.00,CYCLE,N
IND,208,7604,59467,27/03/2021,05:54:33,15,1,17.1,1.0,1561.4,1561.3,2,1,1.00,CYCLE,S
IND,208,7604,59467,27/03/2021,06:01:02,15,1,14.7,1.1,389.8,389.6,2,1,1.00,CYCLE,S
IND,208,7604,59466,27/03/2021,06:09:36,15,0,39.8,1.1,1813.0,1812.9,2,1,1.00,CYCLE,N
IND,208,7604,59467,27/03/2021,06:29:35,15,1,15.2,1.0,1713.1,1712.8,2,1,1.00,CYCLE,S
IND,208,7604,59466,27/03/2021,06:34:28,15,0,26.6,1.0,1491.9,1491.8,2,1,1.00,CYCLE,N
IND,208,7604,59466,27/03/2021,06:42:05,15,0,31.2,1.0,457.1,456.9,2,1,1.00,CYCLE,N
IND,208,7604,59466,27/03/2021,06:42:07,15,0,30.6,1.0,1.3,1.1,2,1,1.00,CYCLE,N
IND,208,7604,59466,27/03/2021,06:42:08,15,0,33.6,1.0,1.0,0.9,2,1,1.00,CYCLE,N
IND,208,7604,59466,27/03/2021,06:42:09,15,0,33.5,1.0,1.2,1.1,2,1,1.00,CYCLE,N
IND,208,7604,59466,27/03/2021,06:45:16,15,0,26.2,1.0,187.2,187.1,2,1,1.00,CYCLE,N
IND,208,7604,59466,27/03/2021,06:45:17,15,0,26.8,1.0,0.9,0.7,2,1,1.00,CYCLE,N
IND,208,7604,59466,27/03/2021,06:45:20,15,0,23.5,1.0,2.9,2.8,2,1,1.00,CYCLE,N
IND,208,7604,59466,27/03/2021,06:45:24,15,0,23.8,1.0,4.5,4.3,2,1,1.00,CYCLE,N
IND,208,7604,59466,27/03/2021,06:45:25,15,0,24.6,1.0,1.1,0.9,2,1,1.00,CYCLE,N
IND,208,7604,59466,27/03/2021,06:45:27,15,0,31.9,1.1,1.9,1.7,2,1,1.00,CYCLE,N
IND,208,7604,59467,27/03/2021,06:51:21,15,1,19.0,1.0,1305.7,1305.5,2,1,1.00,CYCLE,S
IND,208,7604,59467,27/03/2021,07:03:08,15,1,18.8,1.0,706.8,706.6,2,1,1.00,CYCLE,S
IND,208,7604,59467,27/03/2021,07:03:09,15,1,18.5,1.0,0.6,0.5,2,1,1.00,CYCLE,S
IND,208,7604,59467,27/03/2021,07:08:20,15,1,25.2,1.1,311.2,310.9,2,1,1.00,CYCLE,S
IND,208,7604,59466,27/03/2021,07:08:55,15,0,36.8,1.1,1408.2,1408.1,2,1,1.00,CYCLE,N
IND,208,7604,59466,27/03/2021,07:08:56,15,0,37.5,1.0,0.8,0.7,2,1,1.00,CYCLE,N
IND,208,7604,59467,27/03/2021,07:20:30,15,1,19.8,1.1,730.5,730.3,2,1,1.00,CYCLE,S
IND,208,7604,59467,27/03/2021,07:22:36,15,1,20.8,1.1,125.6,125.4,2,1,1.00,CYCLE,S
IND,208,7604,59467,27/03/2021,07:24:11,15,1,15.9,1.0,94.8,94.6,2,1,1.00,CYCLE,S
IND,208,7604,59466,27/03/2021,07:27:42,15,0,24.9,1.0,1125.3,1125.2,2,1,1.00,CYCLE,N
IND,208,7604,59466,27/03/2021,07:28:40,15,0,4.3,1.0,58.6,58.5,2,1,0.80,CYCLE,N
IND,208,7604,59467,27/03/2021,07:28:43,15,1,2.7,1.0,272.0,271.7,2,1,0.00,CYCLE,S
IND,208,7604,59467,27/03/2021,07:28:43,15,1,2.7,1.0,0.0,0.0,2,1,0.00,CYCLE,S
IND,208,7604,59467,27/03/2021,07:28:43,15,1,2.7,1.0,0.0,0.0,2,1,0.00,CYCLE,S
IND,208,7604,59467,27/03/2021,07:29:16,15,1,13.2,1.0,33.0,31.8,2,1,1.00,CYCLE,S
IND,208,7604,59467,27/03/2021,07:29:16,15,1,13.2,1.0,0.0,0.0,2,1,1.00,CYCLE,S
IND,208,7604,59466,27/03/2021,07:32:27,15,0,26.4,1.1,226.8,225.9,2,1,1.00,CYCLE,N
IND,208,7604,59466,27/03/2021,07:32:35,15,0,27.8,1.0,8.3,8.2,2,1,1.00,CYCLE,N
IND,208,7604,59466,27/03/2021,07:39:07,15,0,18.5,1.0,391.7,391.5,2,1,1.00,CYCLE,N
IND,208,7604,59466,27/03/2021,07:39:09,15,0,20.6,1.0,1.9,1.7,2,1,1.00,CYCLE,N
IND,208,7604,59467,27/03/2021,07:44:26,15,1,10.6,1.0,910.3,909.9,2,1,1.00,CYCLE,S
IND,208,7604,59466,27/03/2021,07:51:54,15,0,23.0,1.0,764.9,764.7,2,1,1.00,CYCLE,N
IND,208,7604,59466,27/03/2021,07:55:46,15,0,19.4,1.0,232.4,232.3,2,1,1.00,CYCLE,N
IND,208,7604,59467,27/03/2021,07:56:11,15,1,20.5,1.0,704.8,704.4,2,1,1.00,CYCLE,S
IND,208,7604,59467,27/03/2021,07:56:22,15,1,17.9,1.0,10.9,10.7,2,1,1.00,CYCLE,S
IND,208,7604,59467,27/03/2021,08:00:07,15,1,17.9,1.0,225.8,225.6,2,1,1.00,CYCLE,S
IND,208,7604,59466,27/03/2021,08:04:15,15,0,34.6,1.1,509.1,508.9,2,1,1.00,CYCLE,N
IND,208,7604,59467,27/03/2021,08:06:03,15,1,20.1,1.0,355.1,354.9,2,1,1.00,CYCLE,S
IND,208,7604,59467,27/03/2021,08:09:42,15,1,19.1,1.0,219.1,218.9,2,1,1.00,CYCLE,S
IND,208,7604,59466,27/03/2021,08:12:09,15,0,34.5,1.1,473.5,473.4,2,1,1.00,CYCLE,N
IND,208,7604,59466,27/03/2021,08:14:10,15,0,36.0,1.1,120.7,120.6,2,1,1.00,CYCLE,N
IND,208,7604,59466,27/03/2021,08:14:33,15,0,33.7,1.0,23.5,23.4,2,1,1.00,CYCLE,N
IND,208,7604,59466,27/03/2021,08:14:34,15,0,34.6,1.0,1.4,1.3,2,1,1.00,CYCLE,N
IND,208,7604,59466,27/03/2021,08:14:36,15,0,34.6,1.0,1.9,1.8,2,1,1.00,CYCLE,N
IND,208,7604,59466,27/03/2021,08:14:38,15,0,30.2,1.0,1.9,1.8,2,1,1.00,CYCLE,N
IND,208,7604,59466,27/03/2021,08:14:40,15,0,31.5,1.0,1.6,1.5,2,1,1.00,CYCLE,N
IND,208,7604,59466,27/03/2021,08:14:41,15,0,28.9,1.0,1.3,1.2,2,1,1.00,CYCLE,N
IND,208,7604,59466,27/03/2021,08:14:42,15,0,28.5,1.0,1.2,1.1,2,1,1.00,CYCLE,N
IND,208,7604,59466,27/03/2021,08:15:09,15,0,35.5,1.1,26.8,26.6,2,1,1.00,CYCLE,N
IND,208,7604,59466,27/03/2021,08:17:26,15,0,15.1,1.0,137.3,137.2,2,1,1.00,CYCLE,N
IND,208,7604,59466,27/03/2021,08:17:27,15,0,15.0,1.0,0.9,0.7,2,1,1.00,CYCLE,N
IND,208,7604,59466,27/03/2021,08:26:55,15,0,30.9,1.0,567.3,567.0,2,1,1.00,CYCLE,N
IND,208,7604,59467,27/03/2021,08:30:44,15,1,15.7,1.1,1262.3,1262.2,2,1,1.00,CYCLE,S
IND,208,7604,59467,27/03/2021,08:30:45,15,1,15.7,1.1,1.3,1.0,2,1,1.00,CYCLE,S
IND,208,7604,59467,27/03/2021,08:31:08,15,1,15.8,1.0,22.3,22.0,2,1,0.86,CYCLE,S
IND,208,7604,59467,27/03/2021,08:31:51,15,1,22.7,1.0,43.1,42.8,2,1,1.00,CYCLE,S
IND,208,7604,59466,27/03/2021,08:36:22,15,0,21.2,1.2,566.1,566.0,2,1,1.00,CYCLE,N
IND,208,7604,59466,27/03/2021,08:36:23,15,0,17.5,1.1,0.3,0.1,2,1,1.00,CYCLE,N
IND,208,7604,59466,27/03/2021,08:36:32,15,0,21.3,1.1,6.5,6.3,2,1,1.00,CYCLE,N
IND,208,7604,59466,27/03/2021,08:38:45,15,0,34.7,1.0,133.2,133.0,2,1,1.00,CYCLE,N
IND,208,7604,59466,27/03/2021,08:39:28,15,0,29.2,1.1,42.9,42.8,2,1,1.00,CYCLE,N
IND,208,7604,59466,27/03/2021,08:43:10,15,0,35.2,1.1,222.3,222.1,2,1,1.00,CYCLE,N
IND,208,7604,59466,27/03/2021,08:43:15,15,0,25.3,0.9,4.3,4.2,2,1,1.00,CYCLE,N
IND,208,7604,59467,27/03/2021,08:47:34,15,1,14.1,1.1,943.1,943.0,2,1,1.00,CYCLE,S
IND,208,7604,59466,27/03/2021,08:58:24,15,0,6.7,0.0,909.2,909.1,2,1,1.00,CYCLE,N
IND,208,7604,59466,27/03/2021,09:02:33,15,0,36.6,1.0,249.5,249.5,2,1,1.00,CYCLE,N
IND,208,7604,59466,27/03/2021,09:05:07,15,0,38.1,1.0,153.5,153.4,2,1,1.00,CYCLE,N
IND,208,7604,59466,27/03/2021,09:13:37,15,0,27.4,1.0,509.9,509.8,2,1,1.00,CYCLE,N
IND,208,7604,59466,27/03/2021,09:13:37,15,0,26.6,1.0,0.3,0.2,2,1,1.00,CYCLE,N
IND,208,7604,59466,27/03/2021,09:15:06,15,0,35.3,1.2,88.9,88.8,2,1,1.00,CYCLE,N
IND,208,7604,59467,27/03/2021,09:30:36,15,1,17.4,1.1,2581.9,2581.6,2,1,1.00,CYCLE,S
IND,208,7604,59466,27/03/2021,09:32:28,15,0,39.8,1.0,1041.3,1041.2,2,1,1.00,CYCLE,N
IND,208,7604,59466,27/03/2021,09:32:46,15,0,29.2,1.0,17.6,17.5,2,1,0.40,CYCLE,N
IND,208,7604,59467,27/03/2021,09:32:48,15,1,15.4,1.0,131.8,131.6,2,1,1.00,CYCLE,S
IND,208,7604,59467,27/03/2021,09:33:21,15,1,11.3,1.0,32.9,32.7,2,1,1.00,CYCLE,S
IND,208,7604,59467,27/03/2021,09:33:21,15,1,11.3,1.0,0.0,0.0,2,1,1.00,CYCLE,S
IND,208,7604,59467,27/03/2021,09:33:21,15,1,11.3,1.0,0.0,0.0,2,1,1.00,CYCLE,S
IND,208,7604,59467,27/03/2021,09:36:45,15,1,16.6,1.1,203.3,202.1,2,1,1.00,CYCLE,S
IND,208,7604,59467,27/03/2021,09:40:46,15,1,18.2,1.0,241.9,241.6,2,1,1.00,CYCLE,S
IND,208,7604,59467,27/03/2021,09:43:10,15,1,24.3,1.1,143.2,143.0,2,1,1.00,CYCLE,S
IND,208,7604,59467,27/03/2021,09:45:48,15,1,19.6,1.0,158.2,158.0,2,1,1.00,CYCLE,S
IND,208,7604,59467,27/03/2021,09:49:48,15,1,16.9,1.0,239.9,239.7,2,1,1.00,CYCLE,S
IND,208,7604,59466,27/03/2021,09:51:45,15,0,35.1,1.0,1139.1,1138.8,2,1,1.00,CYCLE,N
IND,208,7604,59467,27/03/2021,09:57:04,15,1,8.0,1.1,436.0,435.9,2,1,1.00,CYCLE,S
IND,208,7604,59466,27/03/2021,09:58:51,15,0,38.0,1.1,425.9,425.8,2,1,1.00,CYCLE,N
IND,208,7604,59466,27/03/2021,10:02:16,15,0,33.4,1.1,205.1,205.0,2,1,1.00,CYCLE,N
IND,208,7604,59467,27/03/2021,10:08:20,15,1,9.9,1.0,672.4,672.1,2,1,1.00,CYCLE,S
IND,208,7604,59467,27/03/2021,10:10:00,15,1,14.0,1.0,99.9,99.5,2,1,1.00,CYCLE,S
IND,208,7604,59467,27/03/2021,10:10:39,15,1,25.3,0.9,39.3,39.0,2,1,1.00,CYCLE,S
IND,208,7604,59467,27/03/2021,10:11:33,15,1,17.8,1.1,54.1,54.0,2,1,1.00,CYCLE,S
IND,208,7604,59467,27/03/2021,10:15:00,15,1,12.7,1.0,207.1,206.9,2,1,1.00,CYCLE,S
IND,208,7604,59467,27/03/2021,10:15:02,15,1,12.8,1.0,1.4,1.1,2,1,1.00,CYCLE,S
IND,208,7604,59466,27/03/2021,10:19:15,15,0,35.8,1.0,1018.6,1018.5,2,1,1.00,CYCLE,N
IND,208,7604,59466,27/03/2021,10:21:11,15,0,38.1,1.0,116.2,116.1,2,1,1.00,CYCLE,N
IND,208,7604,59466,27/03/2021,10:28:08,15,0,29.8,1.0,416.6,416.5,2,1,1.00,CYCLE,N
IND,208,7604,59466,27/03/2021,10:29:54,15,0,37.8,1.0,106.3,106.2,2,1,1.00,CYCLE,N
IND,208,7604,59466,27/03/2021,10:30:11,15,0,37.4,1.0,17.5,17.4,2,1,1.00,CYCLE,N
IND,208,7604,59466,27/03/2021,10:30:16,15,0,32.5,1.1,4.4,4.3,2,1,1.00,CYCLE,N
IND,208,7604,59466,27/03/2021,10:36:03,15,0,35.0,1.0,347.5,347.3,2,1,1.00,CYCLE,N
IND,208,7604,59467,27/03/2021,10:37:01,15,1,20.4,1.1,1318.9,1318.6,2,1,1.00,CYCLE,S
IND,208,7604,59466,27/03/2021,10:43:04,15,0,37.4,1.0,232.0,231.9,2,1,1.00,CYCLE,N
IND,208,7604,59467,27/03/2021,10:44:23,15,1,20.8,1.0,442.5,442.3,2,1,1.00,CYCLE,S
IND,208,7604,59467,27/03/2021,10:44:23,15,1,20.9,1.0,0.3,0.1,2,1,1.00,CYCLE,S
IND,208,7604,59467,27/03/2021,10:52:12,15,1,7.2,1.1,468.1,468.1,2,1,1.00,CYCLE,S
IND,208,7604,59467,27/03/2021,10:52:16,15,1,11.4,1.2,4.6,4.0,2,1,1.00,CYCLE,S
IND,208,7604,59467,27/03/2021,10:52:22,15,1,19.9,1.0,6.2,5.8,2,1,1.00,CYCLE,S
IND,208,7604,59466,27/03/2021,10:53:39,15,0,20.5,1.1,635.6,635.5,2,1,1.00,CYCLE,N
IND,208,7604,59467,27/03/2021,10:54:58,15,1,21.5,1.0,155.9,155.7,2,1,1.00,CYCLE,S
IND,208,7604,59466,27/03/2021,10:58:24,15,0,38.0,1.0,285.3,285.1,2,1,1.00,CYCLE,N
IND,208,7604,59466,27/03/2021,10:59:20,15,0,30.0,1.2,55.2,55.1,2,1,1.00,CYCLE,N
IND,208,7604,59467,27/03/2021,10:59:25,15,1,22.3,1.1,266.9,266.7,2,1,1.00,CYCLE,S
IND,208,7604,59466,27/03/2021,11:03:39,15,0,37.6,1.1,259.4,259.3,2,1,1.00,CYCLE,N
IND,208,7604,59467,27/03/2021,11:06:00,15,1,20.7,1.0,394.8,394.7,2,1,1.00,CYCLE,S
IND,208,7604,59467,27/03/2021,11:08:20,15,1,11.7,1.1,139.7,139.6,2,1,1.00,CYCLE,S
IND,208,7604,59467,27/03/2021,11:08:21,15,1,12.3,1.1,1.1,0.7,2,1,1.00,CYCLE,S
IND,208,7604,59467,27/03/2021,11:08:22,15,1,11.4,1.1,1.1,0.8,2,1,1.00,CYCLE,S
IND,208,7604,59467,27/03/2021,11:08:22,15,1,10.3,1.0,0.6,0.3,2,1,1.00,CYCLE,S
IND,208,7604,59467,27/03/2021,11:08:22,15,1,10.3,1.0,0.0,0.0,2,1,1.00,CYCLE,S
IND,208,7604,59467,27/03/2021,11:08:22,15,1,10.3,1.0,0.0,0.0,2,1,1.00,CYCLE,S
IND,208,7604,59467,27/03/2021,11:08:22,15,1,10.3,1.0,0.0,0.0,2,1,1.00,CYCLE,S
IND,208,7604,59467,27/03/2021,11:08:27,15,1,17.2,1.0,4.5,2.3,2,1,1.00,CYCLE,S
IND,208,7604,59467,27/03/2021,11:08:33,15,1,10.5,1.0,5.8,5.6,2,1,1.00,CYCLE,S
IND,208,7604,59467,27/03/2021,11:08:34,15,1,10.5,1.0,1.0,0.6,2,1,1.00,CYCLE,S
IND,208,7604,59467,27/03/2021,11:08:39,15,1,11.6,1.1,5.6,5.2,2,1,1.00,CYCLE,S
IND,208,7604,59467,27/03/2021,11:08:40,15,1,10.1,1.1,1.2,0.8,2,1,1.00,CYCLE,S
IND,208,7604,59467,27/03/2021,11:08:41,15,1,10.9,1.2,0.8,0.4,2,1,1.00,CYCLE,S
IND,208,7604,59467,27/03/2021,11:08:44,15,1,9.4,1.0,2.4,2.0,2,1,1.00,CYCLE,S
IND,208,7604,59467,27/03/2021,11:08:47,15,1,10.4,1.1,3.1,2.7,2,1,1.00,CYCLE,S
IND,208,7604,59467,27/03/2021,11:08:48,15,1,10.6,1.1,1.0,0.6,2,1,1.00,CYCLE,S
IND,208,7604,59467,27/03/2021,11:09:29,15,1,11.9,1.1,41.6,41.2,2,1,1.00,CYCLE,S
IND,208,7604,59467,27/03/2021,11:09:30,15,1,12.8,1.2,0.9,0.6,2,1,1.00,CYCLE,S
IND,208,7604,59467,27/03/2021,11:09:31,15,1,14.3,1.1,0.5,0.2,2,1,1.00,CYCLE,S
IND,208,7604,59467,27/03/2021,11:09:31,15,1,14.2,1.1,0.6,0.4,2,1,1.00,CYCLE,S
IND,208,7604,59467,27/03/2021,11:09:32,15,1,11.0,1.1,0.6,0.3,2,1,1.00,CYCLE,S
IND,208,7604,59467,27/03/2021,11:09:34,15,1,10.2,1.1,1.8,1.4,2,1,1.00,CYCLE,S
IND,208,7604,59467,27/03/2021,11:09:35,15,1,10.8,1.1,0.9,0.5,2,1,1.00,CYCLE,S
IND,208,7604,59467,27/03/2021,11:09:36,15,1,15.3,1.0,0.9,0.4,2,1,0.18,CYCLE,S
IND,208,7604,59467,27/03/2021,11:09:40,15,1,9.8,1.0,4.4,3.3,2,1,1.00,CYCLE,S
IND,208,7604,59467,27/03/2021,11:09:41,15,1,12.9,1.0,1.2,0.8,2,1,0.75,CYCLE,S
IND,208,7604,59467,27/03/2021,11:09:43,15,1,13.4,1.1,2.2,1.9,2,1,1.00,CYCLE,S
IND,208,7604,59467,27/03/2021,11:09:49,15,1,9.8,1.0,5.4,5.2,2,1,0.50,CYCLE,S
IND,208,7604,59467,27/03/2021,11:09:49,15,1,9.8,1.0,0.0,0.0,2,1,0.50,CYCLE,S
IND,208,7604,59467,27/03/2021,11:09:53,15,1,9.8,1.1,4.2,2.3,2,1,1.00,CYCLE,S
IND,208,7604,59467,27/03/2021,11:09:55,15,1,10.3,1.0,1.7,1.3,2,1,1.00,CYCLE,S
IND,208,7604,59467,27/03/2021,11:10:42,15,1,18.3,1.1,47.6,47.2,2,1,1.00,CYCLE,S
IND,208,7604,59467,27/03/2021,11:11:04,15,1,20.7,1.0,21.9,21.7,2,1,1.00,CYCLE,S
IND,208,7604,59467,27/03/2021,11:11:25,15,1,20.0,1.1,20.8,20.6,2,1,1.00,CYCLE,S
IND,208,7604,59466,27/03/2021,11:13:46,15,0,40.0,1.0,607.3,607.2,2,1,1.00,CYCLE,N
IND,208,7604,59467,27/03/2021,11:13:58,15,1,15.1,1.0,153.3,153.2,2,1,1.00,CYCLE,S
IND,208,7604,59467,27/03/2021,11:13:58,15,1,15.1,1.0,0.0,0.0,2,1,1.00,CYCLE,S
IND,208,7604,59466,27/03/2021,11:14:44,15,0,40.0,1.0,57.9,57.8,2,1,1.00,CYCLE,N
IND,208,7604,59466,27/03/2021,11:14:45,15,0,41.2,1.0,0.8,0.7,2,1,1.00,CYCLE,N
IND,208,7604,59467,27/03/2021,11:17:56,15,1,23.4,1.0,237.7,237.3,2,1,1.00,CYCLE,S
IND,208,7604,59466,27/03/2021,11:18:39,15,0,40.6,1.0,234.0,234.0,2,1,1.00,CYCLE,N
IND,208,7604,59466,27/03/2021,11:18:44,15,0,37.0,1.0,5.3,5.2,2,1,1.00,CYCLE,N
IND,208,7604,59466,27/03/2021,11:18:45,15,0,38.1,1.0,0.5,0.4,2,1,1.00,CYCLE,N
IND,208,7604,59467,27/03/2021,11:19:04,15,1,17.0,1.1,68.2,68.1,2,1,1.00,CYCLE,S
IND,208,7604,59467,27/03/2021,11:20:26,15,1,15.4,1.0,81.7,81.5,2,1,1.00,CYCLE,S
IND,208,7604,59467,27/03/2021,11:23:41,15,1,18.8,1.0,194.7,194.5,2,1,1.00,CYCLE,S
IND,208,7604,59467,27/03/2021,11:23:55,15,1,18.2,1.0,14.4,14.2,2,1,1.00,CYCLE,S
IND,208,7604,59467,27/03/2021,11:24:37,15,1,19.8,1.0,42.0,41.8,2,1,1.00,CYCLE,S
IND,208,7604,59467,27/03/2021,11:25:08,15,1,9.4,1.0,30.8,30.7,2,1,1.00,CYCLE,S
IND,208,7604,59467,27/03/2021,11:25:09,15,1,9.5,1.0,1.0,0.6,2,1,1.00,CYCLE,S
IND,208,7604,59466,27/03/2021,11:27:28,15,0,36.7,1.0,522.6,522.5,2,1,1.00,CYCLE,N
IND,208,7604,59466,27/03/2021,11:29:12,15,0,36.5,1.0,104.9,104.8,2,1,1.00,CYCLE,N
IND,208,7604,59467,27/03/2021,11:30:51,15,1,20.0,1.0,342.4,342.0,2,1,1.00,CYCLE,S
IND,208,7604,59467,27/03/2021,11:32:10,15,1,17.6,1.0,78.7,78.5,2,1,0.86,CYCLE,S
IND,208,7604,59467,27/03/2021,11:35:41,15,1,20.0,1.0,210.8,210.6,2,1,1.00,CYCLE,S
IND,208,7604,59467,27/03/2021,11:35:43,15,1,3.8,1.0,2.0,2.1,2,1,0.89,CYCLE,S
IND,208,7604,59466,27/03/2021,11:36:03,15,0,26.7,1.1,410.5,410.4,2,1,1.00,CYCLE,N
IND,208,7604,59467,27/03/2021,11:37:06,15,1,21.1,1.0,83.0,81.0,2,1,1.00,CYCLE,S
IND,208,7604,59466,27/03/2021,11:40:06,15,0,35.3,1.0,242.8,242.6,2,1,1.00,CYCLE,N
IND,208,7604,59466,27/03/2021,11:55:38,15,0,39.0,1.1,932.8,932.7,2,1,1.00,CYCLE,N
IND,208,7604,59467,27/03/2021,11:57:37,15,1,16.5,1.0,1230.8,1230.7,2,1,1.00,CYCLE,S
IND,208,7604,59467,27/03/2021,11:58:33,15,1,24.3,1.0,56.7,56.4,2,1,1.00,CYCLE,S
IND,208,7604,59467,27/03/2021,11:59:03,15,1,10.7,1.1,29.4,29.3,2,1,1.00,CYCLE,S
IND,208,7604,59467,27/03/2021,11:59:07,15,1,9.8,1.1,4.6,4.2,2,1,1.00,CYCLE,S
IND,208,7604,59467,27/03/2021,12:00:44,15,1,13.1,1.1,96.7,96.2,2,1,1.00,CYCLE,S
IND,208,7604,59467,27/03/2021,12:03:25,15,1,9.6,1.0,161.0,160.8,2,1,1.00,CYCLE,S
IND,208,7604,59467,27/03/2021,12:05:40,15,1,12.4,1.0,134.6,134.2,2,1,1.00,CYCLE,S
IND,208,7604,59467,27/03/2021,12:05:40,15,1,13.4,1.1,0.6,0.3,2,1,1.00,CYCLE,S
IND,208,7604,59467,27/03/2021,12:05:41,15,1,13.0,1.1,0.5,0.2,2,1,1.00,CYCLE,S
IND,208,7604,59467,27/03/2021,12:06:09,15,1,15.4,1.1,27.8,27.5,2,1,1.00,CYCLE,S
IND,208,7604,59467,27/03/2021,12:09:24,15,1,20.7,1.0,195.5,195.2,2,1,1.00,CYCLE,S
IND,208,7604,59466,27/03/2021,12:09:52,15,0,27.7,1.1,853.7,853.6,2,1,1.00,CYCLE,N
IND,208,7604,59467,27/03/2021,12:10:34,15,1,20.6,1.0,70.5,70.4,2,1,1.00,CYCLE,S
IND,208,7604,59466,27/03/2021,12:12:07,15,0,38.8,1.0,135.3,135.2,2,1,1.00,CYCLE,N
IND,208,7604,59466,27/03/2021,12:12:57,15,0,39.5,1.0,49.4,49.3,2,1,1.00,CYCLE,N
IND,208,7604,59466,27/03/2021,12:13:24,15,0,38.7,1.0,27.5,27.4,2,1,1.00,CYCLE,N
IND,208,7604,59467,27/03/2021,12:13:28,15,1,14.7,1.0,174.0,173.8,2,1,1.00,CYCLE,S
IND,208,7604,59467,27/03/2021,12:13:59,15,1,23.0,1.0,30.2,29.9,2,1,1.00,CYCLE,S
IND,208,7604,59467,27/03/2021,12:14:09,15,1,11.4,1.0,10.7,10.6,2,1,1.00,CYCLE,S
IND,208,7604,59467,27/03/2021,12:14:10,15,1,11.6,1.0,0.7,0.3,2,1,1.00,CYCLE,S
IND,208,7604,59467,27/03/2021,12:20:50,15,1,16.6,1.0,400.5,400.1,2,1,1.00,CYCLE,S
IND,208,7604,59466,27/03/2021,12:25:10,15,0,41.6,1.1,705.3,705.2,2,1,1.00,CYCLE,N
IND,208,7604,59467,27/03/2021,12:25:42,15,1,21.0,1.0,291.6,291.3,2,1,1.00,CYCLE,S
IND,208,7604,59466,27/03/2021,12:27:14,15,0,27.2,1.0,124.8,124.7,2,1,1.00,CYCLE,N
IND,208,7604,59467,27/03/2021,12:35:51,15,1,12.5,1.0,609.2,609.1,2,1,1.00,CYCLE,S
IND,208,7604,59467,27/03/2021,12:39:15,15,1,24.1,1.1,150.0,149.9,2,1,1.00,CYCLE,S
IND,208,7604,59466,27/03/2021,12:41:55,15,0,41.7,1.1,880.9,880.7,2,1,1.00,CYCLE,N
IND,208,7604,59466,27/03/2021,12:46:23,15,0,41.0,1.0,268.1,268.1,2,1,1.00,CYCLE,N
IND,208,7604,59467,27/03/2021,12:46:41,15,1,21.1,1.0,446.7,446.5,2,1,1.00,CYCLE,S
IND,208,7604,59466,27/03/2021,12:48:06,15,0,33.8,1.1,102.4,102.3,2,1,1.00,CYCLE,N
IND,208,7604,59467,27/03/2021,12:49:54,15,1,29.0,1.1,192.1,191.9,2,1,1.00,CYCLE,S
IND,208,7604,59466,27/03/2021,12:51:28,15,0,26.6,1.0,202.1,202.0,2,1,1.00,CYCLE,N
IND,208,7604,59466,27/03/2021,12:52:07,15,0,39.3,1.0,39.2,39.0,2,1,1.00,CYCLE,N
IND,208,7604,59466,27/03/2021,12:52:13,15,0,39.0,1.1,6.4,6.3,2,1,1.00,CYCLE,N
IND,208,7604,59466,27/03/2021,12:52:17,15,0,24.3,1.1,3.8,3.7,2,1,1.00,CYCLE,N
IND,208,7604,59466,27/03/2021,12:52:18,15,0,10.2,1.0,0.8,0.6,2,1,1.00,CYCLE,N
IND,208,7604,59467,27/03/2021,12:53:53,15,1,13.3,1.1,49.2,49.1,2,1,1.00,CYCLE,S
IND,208,7604,59467,27/03/2021,12:54:44,15,1,24.0,1.0,51.2,50.9,2,1,1.00,CYCLE,S
IND,208,7604,59466,27/03/2021,12:55:06,15,0,40.2,1.0,168.4,168.0,2,1,1.00,CYCLE,N
IND,208,7604,59467,27/03/2021,12:55:18,15,1,20.6,1.0,34.1,33.9,2,1,1.00,CYCLE,S
IND,208,7604,59467,27/03/2021,12:56:50,15,1,18.6,1.0,91.8,91.6,2,1,1.00,CYCLE,S
IND,208,7604,59466,27/03/2021,12:57:18,15,0,41.8,1.0,131.1,131.0,2,1,1.00,CYCLE,N
IND,208,7604,59467,27/03/2021,12:57:18,15,1,18.3,1.1,28.6,28.4,2,1,1.00,CYCLE,S
IND,208,7604,59466,27/03/2021,12:58:12,15,0,30.9,1.0,54.0,53.9,2,1,1.00,CYCLE,N
IND,208,7604,59467,27/03/2021,12:59:18,15,1,22.5,1.0,119.5,119.3,2,1,1.00,CYCLE,S
IND,208,7604,59467,27/03/2021,12:59:31,15,1,15.5,1.1,12.9,12.8,2,1,1.00,CYCLE,S
IND,208,7604,59466,27/03/2021,13:00:01,15,0,39.1,1.0,109.7,109.5,2,1,1.00,CYCLE,N
IND,208,7604,59467,27/03/2021,13:01:28,15,1,20.6,1.0,69.0,68.7,2,1,1.00,CYCLE,S
IND,208,7604,59466,27/03/2021,13:03:39,15,0,29.6,1.1,217.8,217.7,2,1,1.00,CYCLE,N
IND,208,7604,59466,27/03/2021,13:05:27,15,0,29.4,1.2,2.3,2.2,2,1,1.00,CYCLE,N
IND,208,7604,59467,27/03/2021,13:07:03,15,1,15.2,1.0,335.5,335.4,2,1,1.00,CYCLE,S
IND,208,7604,59467,27/03/2021,13:09:27,15,1,20.7,1.0,144.1,143.8,2,1,1.00,CYCLE,S
IND,208,7604,59467,27/03/2021,13:11:08,15,1,19.3,1.0,100.4,100.2,2,1,1.00,CYCLE,S
IND,208,7604,59467,27/03/2021,13:11:14,15,1,21.8,1.0,6.4,6.2,2,1,1.00,CYCLE,S
IND,208,7604,59466,27/03/2021,13:12:30,15,0,30.0,1.1,423.6,423.4,2,1,1.00,CYCLE,N
IND,208,7604,59467,27/03/2021,13:14:48,15,1,19.5,1.0,213.5,213.4,2,1,1.00,CYCLE,S
IND,208,7604,59467,27/03/2021,13:15:47,15,1,23.3,1.0,48.5,48.2,2,1,1.00,CYCLE,S
IND,208,7604,59466,27/03/2021,13:15:50,15,0,26.9,1.0,199.7,199.5,2,1,1.00,CYCLE,N
IND,208,7604,59467,27/03/2021,13:16:12,15,1,21.7,1.0,25.2,25.0,2,1,1.00,CYCLE,S
IND,208,7604,59466,27/03/2021,13:17:44,15,0,29.7,1.0,114.0,113.8,2,1,1.00,CYCLE,N
IND,208,7604,59467,27/03/2021,13:21:31,15,1,20.5,1.0,318.6,318.5,2,1,1.00,CYCLE,S
IND,208,7604,59466,27/03/2021,13:22:24,15,0,26.3,1.0,280.7,280.5,2,1,1.00,CYCLE,N
IND,208,7604,59467,27/03/2021,13:22:34,15,1,19.2,1.0,62.7,62.5,2,1,1.00,CYCLE,S
IND,208,7604,59466,27/03/2021,13:22:35,15,0,7.0,0.6,10.5,10.3,2,1,1.00,CYCLE,N
IND,208,7604,59467,27/03/2021,13:23:52,15,1,11.5,1.0,78.6,78.5,2,1,1.00,CYCLE,S
IND,208,7604,59466,27/03/2021,13:25:23,15,0,35.9,1.0,168.0,167.7,2,1,1.00,CYCLE,N
IND,208,7604,59466,27/03/2021,13:25:32,15,0,37.8,1.0,9.1,9.0,2,1,1.00,CYCLE,N
IND,208,7604,59467,27/03/2021,13:25:37,15,1,15.9,1.1,104.9,104.5,2,1,1.00,CYCLE,S
IND,208,7604,59466,27/03/2021,13:26:13,15,0,38.5,1.0,18.3,18.2,2,1,1.00,CYCLE,N
IND,208,7604,59466,27/03/2021,13:26:34,15,0,33.2,1.1,20.9,20.9,2,1,1.00,CYCLE,N
IND,208,7604,59467,27/03/2021,13:28:14,15,1,21.1,1.1,156.8,156.5,2,1,1.00,CYCLE,S
IND,208,7604,59467,27/03/2021,13:28:58,15,1,17.0,1.0,43.5,43.4,2,1,1.00,CYCLE,S
IND,208,7604,59466,27/03/2021,13:29:01,15,0,32.7,1.0,147.3,147.2,2,1,1.00,CYCLE,N
IND,208,7604,59466,27/03/2021,13:29:02,15,0,32.6,1.0,0.8,0.6,2,1,1.00,CYCLE,N
IND,208,7604,59467,27/03/2021,13:34:36,15,1,14.0,1.0,338.6,338.4,2,1,1.00,CYCLE,S
IND,208,7604,59466,27/03/2021,13:35:01,15,0,31.1,1.0,359.3,359.2,2,1,1.00,CYCLE,N
IND,208,7604,59467,27/03/2021,13:35:48,15,1,13.7,1.0,71.7,71.5,2,1,1.00,CYCLE,S
IND,208,7604,59467,27/03/2021,13:37:36,15,1,19.6,1.0,108.0,107.7,2,1,1.00,CYCLE,S
IND,208,7604,59467,27/03/2021,13:37:36,15,1,18.3,1.0,0.4,0.2,2,1,1.00,CYCLE,S
IND,208,7604,59467,27/03/2021,13:38:32,15,1,21.7,0.9,55.5,55.3,2,1,1.00,CYCLE,S
IND,208,7604,59467,27/03/2021,13:38:39,15,1,15.9,1.0,7.3,7.2,2,1,1.00,CYCLE,S
IND,208,7604,59466,27/03/2021,13:39:05,15,0,32.0,1.1,244.4,244.2,2,1,1.00,CYCLE,N
IND,208,7604,59466,27/03/2021,13:40:35,15,0,39.1,1.0,89.2,89.1,2,1,1.00,CYCLE,N
IND,208,7604,59466,27/03/2021,13:40:37,15,0,41.1,1.0,1.9,1.9,2,1,1.00,CYCLE,N
IND,208,7604,59467,27/03/2021,13:40:57,15,1,11.2,1.0,137.5,137.3,2,1,1.00,CYCLE,S
IND,208,7604,59467,27/03/2021,13:41:32,15,1,25.2,1.0,35.6,35.2,2,1,1.00,CYCLE,S
IND,208,7604,59467,27/03/2021,13:41:40,15,1,21.4,1.0,7.9,7.8,2,1,1.00,CYCLE,S
IND,208,7604,59467,27/03/2021,13:42:00,15,1,23.8,1.0,19.4,19.2,2,1,1.00,CYCLE,S
IND,208,7604,59467,27/03/2021,13:42:00,15,1,22.8,1.0,0.4,0.2,2,1,1.00,CYCLE,S
IND,208,7604,59467,27/03/2021,13:43:01,15,1,19.1,1.0,61.4,61.3,2,1,1.00,CYCLE,S
IND,208,7604,59467,27/03/2021,13:43:02,15,1,19.1,1.0,0.9,0.7,2,1,1.00,CYCLE,S
IND,208,7604,59467,27/03/2021,13:43:03,15,1,18.5,1.0,0.4,0.3,2,1,1.00,CYCLE,S
IND,208,7604,59467,27/03/2021,13:43:04,15,1,17.9,0.9,1.6,1.4,2,1,1.00,CYCLE,S
IND,208,7604,59467,27/03/2021,13:43:05,15,1,18.6,1.0,0.6,0.4,2,1,1.00,CYCLE,S
IND,208,7604,59466,27/03/2021,13:45:23,15,0,36.4,1.0,286.5,286.4,2,1,1.00,CYCLE,N
IND,208,7604,59466,27/03/2021,13:46:38,15,0,38.9,1.0,74.7,74.6,2,1,1.00,CYCLE,N
IND,208,7604,59466,27/03/2021,13:47:07,15,0,24.1,1.1,5.5,5.2,2,1,1.00,CYCLE,N
IND,208,7604,59466,27/03/2021,13:47:08,15,0,22.3,1.1,0.8,0.7,2,1,1.00,CYCLE,N
IND,208,7604,59466,27/03/2021,13:47:32,15,0,38.8,1.1,24.0,23.8,2,1,1.00,CYCLE,N
IND,208,7604,59466,27/03/2021,13:47:48,15,0,40.2,1.0,16.2,16.1,2,1,1.00,CYCLE,N
IND,208,7604,59466,27/03/2021,13:49:31,15,0,34.4,1.1,103.2,103.1,2,1,1.00,CYCLE,N
IND,208,7604,59466,27/03/2021,13:49:53,15,0,39.5,1.0,22.0,21.9,2,1,1.00,CYCLE,N
IND,208,7604,59467,27/03/2021,13:50:58,15,1,16.7,1.1,473.3,473.1,2,1,1.00,CYCLE,S
IND,208,7604,59466,27/03/2021,13:51:14,15,0,34.7,1.0,81.2,81.1,2,1,1.00,CYCLE,N
IND,208,7604,59467,27/03/2021,13:51:54,15,1,18.1,1.0,55.4,55.1,2,1,1.00,CYCLE,S
IND,208,7604,59467,27/03/2021,13:54:04,15,1,12.1,1.0,130.9,130.8,2,1,1.00,CYCLE,S
IND,208,7604,59466,27/03/2021,13:56:43,15,0,37.2,1.0,328.8,328.7,2,1,1.00,CYCLE,N
IND,208,7604,59466,27/03/2021,13:58:15,15,0,32.8,1.1,92.5,92.3,2,1,1.00,CYCLE,N
IND,208,7604,59466,27/03/2021,13:58:21,15,0,27.3,1.1,5.1,5.0,2,1,1.00,CYCLE,N
IND,208,7604,59466,27/03/2021,13:59:43,15,0,34.7,1.1,82.3,82.1,2,1,1.00,CYCLE,N
IND,208,7604,59466,27/03/2021,13:59:50,15,0,35.1,1.0,6.9,6.8,2,1,1.00,CYCLE,N
IND,208,7604,59467,27/03/2021,14:00:21,15,1,12.4,1.1,376.1,375.8,2,1,1.00,CYCLE,S
IND,208,7604,59466,27/03/2021,14:00:46,15,0,39.3,1.1,56.5,56.4,2,1,1.00,CYCLE,N
IND,208,7604,59467,27/03/2021,14:01:52,15,1,15.6,1.1,91.0,90.6,2,1,1.00,CYCLE,S
IND,208,7604,59467,27/03/2021,14:02:19,15,1,16.6,1.0,27.6,27.4,2,1,1.00,CYCLE,S
IND,208,7604,59467,27/03/2021,14:03:28,15,1,22.2,1.1,69.0,68.8,2,1,1.00,CYCLE,S
IND,208,7604,59467,27/03/2021,14:03:47,15,1,21.0,1.0,18.5,18.4,2,1,1.00,CYCLE,S
IND,208,7604,59467,27/03/2021,14:03:48,15,1,20.6,1.0,0.8,0.7,2,1,1.00,CYCLE,S
IND,208,7604,59467,27/03/2021,14:04:17,15,1,15.4,1.0,29.6,29.4,2,1,1.00,CYCLE,S
IND,208,7604,59467,27/03/2021,14:04:48,15,1,9.3,1.1,31.0,30.9,2,1,1.00,CYCLE,S
IND,208,7604,59467,27/03/2021,14:04:51,15,1,8.8,1.1,2.5,2.1,2,1,1.00,CYCLE,S
IND,208,7604,59466,27/03/2021,14:05:37,15,0,37.4,1.1,290.6,290.5,2,1,1.00,CYCLE,N
IND,208,7604,59466,27/03/2021,14:06:22,15,0,27.9,0.8,40.9,40.7,2,1,1.00,CYCLE,N
IND,208,7604,59466,27/03/2021,14:06:29,15,0,22.2,1.0,7.3,7.9,2,1,0.80,CYCLE,N
IND,208,7604,59466,27/03/2021,14:09:09,15,0,25.8,1.1,159.9,159.0,2,1,1.00,CYCLE,N
IND,208,7604,59467,27/03/2021,14:09:13,15,1,14.8,1.0,262.3,261.8,2,1,1.00,CYCLE,S
IND,208,7604,59467,27/03/2021,14:09:57,15,1,17.7,1.0,44.0,43.8,2,1,1.00,CYCLE,S
IND,208,7604,59467,27/03/2021,14:09:58,15,1,12.7,1.1,1.1,0.9,2,1,1.00,CYCLE,S
IND,208,7604,59467,27/03/2021,14:10:05,15,1,11.1,1.0,7.2,6.9,2,1,1.00,CYCLE,S
IND,208,7604,59466,27/03/2021,14:11:40,15,0,36.6,1.0,151.5,151.3,2,1,1.00,CYCLE,N
IND,208,7604,59467,27/03/2021,14:12:53,15,1,20.7,1.0,167.9,167.5,2,1,1.00,CYCLE,S
IND,208,7604,59467,27/03/2021,14:13:38,15,1,8.9,1.0,44.8,44.7,2,1,1.00,CYCLE,S
IND,208,7604,59467,27/03/2021,14:14:03,15,1,24.6,1.0,25.2,24.7,2,1,1.00,CYCLE,S
IND,208,7604,59466,27/03/2021,14:14:09,15,0,12.9,1.0,149.0,148.9,2,1,1.00,CYCLE,N
IND,208,7604,59466,27/03/2021,14:15:10,15,0,36.7,1.0,61.2,60.9,2,1,1.00,CYCLE,N
IND,208,7604,59466,27/03/2021,14:23:01,15,0,28.1,1.1,470.6,470.5,2,1,1.00,CYCLE,N
IND,208,7604,59466,27/03/2021,14:23:08,15,0,24.8,1.1,7.3,7.1,2,1,1.00,CYCLE,N
IND,208,7604,59467,27/03/2021,14:23:44,15,1,19.8,1.0,27.0,26.5,2,1,1.00,CYCLE,S
IND,208,7604,59467,27/03/2021,14:24:32,15,1,21.1,1.0,48.0,47.9,2,1,1.00,CYCLE,S
IND,208,7604,59467,27/03/2021,14:24:34,15,1,20.1,1.0,1.6,1.5,2,1,1.00,CYCLE,S
IND,208,7604,59467,27/03/2021,14:24:34,15,1,21.5,1.0,0.5,0.3,2,1,1.00,CYCLE,S
IND,208,7604,59466,27/03/2021,14:30:34,15,0,41.9,1.0,445.4,445.3,2,1,1.00,CYCLE,N
IND,208,7604,59467,27/03/2021,14:31:54,15,1,12.5,1.1,440.0,439.8,2,1,1.00,CYCLE,S
IND,208,7604,59467,27/03/2021,14:31:56,15,1,12.9,1.1,2.3,2.0,2,1,1.00,CYCLE,S
IND,208,7604,59466,27/03/2021,14:32:10,15,0,28.3,1.0,96.1,96.0,2,1,1.00,CYCLE,N
IND,208,7604,59466,27/03/2021,14:33:17,15,0,36.5,1.1,67.7,67.5,2,1,1.00,CYCLE,N
IND,208,7604,59467,27/03/2021,14:33:49,15,1,21.5,1.0,112.7,112.4,2,1,1.00,CYCLE,S
IND,208,7604,59467,27/03/2021,14:33:50,15,1,21.1,0.9,0.7,0.5,2,1,1.00,CYCLE,S
IND,208,7604,59467,27/03/2021,14:34:25,15,1,14.3,1.0,35.0,34.8,2,1,1.00,CYCLE,S
IND,208,7604,59466,27/03/2021,14:34:40,15,0,34.1,1.0,82.1,81.9,2,1,1.00,CYCLE,N
IND,208,7604,59467,27/03/2021,14:35:58,15,1,19.7,1.0,93.4,93.1,2,1,1.00,CYCLE,S
IND,208,7604,59467,27/03/2021,14:36:41,15,1,27.6,1.0,43.1,42.9,2,1,1.00,CYCLE,S
IND,208,7604,59466,27/03/2021,14:36:49,15,0,41.7,1.0,129.3,129.2,2,1,1.00,CYCLE,N
IND,208,7604,59466,27/03/2021,14:37:26,15,0,23.3,1.0,37.4,37.4,2,1,1.00,CYCLE,N
IND,208,7604,59466,27/03/2021,14:38:13,15,0,39.7,1.1,47.1,47.0,2,1,1.00,CYCLE,N
IND,208,7604,59466,27/03/2021,14:38:14,15,0,39.2,1.1,1.0,0.9,2,1,1.00,CYCLE,N
IND,208,7604,59466,27/03/2021,14:38:20,15,0,37.7,1.0,5.9,5.8,2,1,1.00,CYCLE,N
IND,208,7604,59466,27/03/2021,14:38:21,15,0,41.6,1.1,1.2,1.1,2,1,1.00,CYCLE,N
IND,208,7604,59466,27/03/2021,14:38:26,15,0,37.2,1.0,4.6,4.5,2,1,1.00,CYCLE,N
IND,208,7604,59466,27/03/2021,14:38:27,15,0,37.2,1.0,1.3,1.2,2,1,1.00,CYCLE,N
IND,208,7604,59466,27/03/2021,14:38:31,15,0,37.9,1.0,3.8,3.7,2,1,1.00,CYCLE,N
IND,208,7604,59466,27/03/2021,14:38:33,15,0,36.3,1.0,1.5,1.4,2,1,1.00,CYCLE,N
IND,208,7604,59466,27/03/2021,14:39:30,15,0,37.5,1.0,57.4,57.3,2,1,1.00,CYCLE,N
IND,208,7604,59466,27/03/2021,14:40:51,15,0,38.4,1.0,81.1,81.0,2,1,1.00,CYCLE,N
IND,208,7604,59467,27/03/2021,14:45:46,15,1,18.7,1.1,544.3,544.2,2,1,1.00,CYCLE,S
IND,208,7604,59467,27/03/2021,14:45:47,15,1,18.1,1.1,1.2,0.9,2,1,1.00,CYCLE,S
IND,208,7604,59466,27/03/2021,14:46:08,15,0,39.8,1.0,316.4,316.3,2,1,1.00,CYCLE,N
IND,208,7604,59466,27/03/2021,14:46:16,15,0,41.2,1.1,8.2,8.1,2,1,1.00,CYCLE,N
IND,208,7604,59466,27/03/2021,14:51:42,15,0,33.1,1.1,325.8,325.7,2,1,1.00,CYCLE,N
IND,208,7604,59466,27/03/2021,14:51:54,15,0,26.2,1.1,12.1,12.0,2,1,1.00,CYCLE,N
IND,208,7604,59467,27/03/2021,14:52:08,15,1,20.6,1.1,381.7,381.4,2,1,1.00,CYCLE,S
IND,208,7604,59467,27/03/2021,14:54:18,15,1,16.8,1.0,130.0,129.8,2,1,1.00,CYCLE,S
IND,208,7604,59466,27/03/2021,14:54:51,15,0,38.9,1.1,177.4,177.3,2,1,1.00,CYCLE,N
IND,208,7604,59466,27/03/2021,14:55:08,15,0,31.5,1.0,16.5,16.4,2,1,1.00,CYCLE,N
IND,208,7604,59467,27/03/2021,14:58:55,15,1,22.0,1.0,276.5,276.3,2,1,1.00,CYCLE,S
IND,208,7604,59467,27/03/2021,14:59:15,15,1,15.1,1.1,19.8,19.7,2,1,1.00,CYCLE,S
IND,208,7604,59466,27/03/2021,14:59:30,15,0,25.0,1.0,262.0,261.9,2,1,1.00,CYCLE,N
IND,208,7604,59467,27/03/2021,15:00:10,15,1,8.3,1.0,54.8,54.6,2,1,1.00,CYCLE,S
IND,208,7604,59466,27/03/2021,15:01:27,15,0,40.0,1.0,117.3,117.2,2,1,1.00,CYCLE,N
IND,208,7604,59467,27/03/2021,15:01:51,15,1,4.5,1.0,101.0,100.7,2,1,0.80,CYCLE,S
IND,208,7604,59467,27/03/2021,15:03:23,15,1,20.0,1.0,92.7,91.6,2,1,1.00,CYCLE,S
IND,208,7604,59466,27/03/2021,15:04:11,15,0,33.0,1.1,164.0,163.9,2,1,1.00,CYCLE,N
IND,208,7604,59467,27/03/2021,15:04:33,15,1,20.1,1.0,69.3,69.1,2,1,1.00,CYCLE,S
IND,208,7604,59467,27/03/2021,15:04:33,15,1,15.7,1.0,0.8,0.6,2,1,1.00,CYCLE,S
IND,208,7604,59467,27/03/2021,15:05:10,15,1,18.4,1.0,36.8,36.5,2,1,1.00,CYCLE,S
IND,208,7604,59467,27/03/2021,15:05:12,15,1,15.5,1.0,2.2,2.0,2,1,1.00,CYCLE,S
IND,208,7604,59466,27/03/2021,15:05:36,15,0,39.5,1.0,85.2,85.1,2,1,1.00,CYCLE,N
IND,208,7604,59467,27/03/2021,15:07:43,15,1,20.6,1.0,151.0,150.7,2,1,1.00,CYCLE,S
IND,208,7604,59467,27/03/2021,15:10:11,15,1,22.7,1.0,147.8,147.7,2,1,1.00,CYCLE,S
IND,208,7604,59467,27/03/2021,15:10:12,15,1,21.5,1.0,0.9,0.8,2,1,0.73,CYCLE,S
IND,208,7604,59467,27/03/2021,15:10:12,15,1,21.5,1.0,0.0,0.0,2,1,0.73,CYCLE,S
IND,208,7604,59467,27/03/2021,15:10:13,15,1,21.3,1.0,1.1,0.4,2,1,1.00,CYCLE,S
IND,208,7604,59467,27/03/2021,15:10:14,15,1,21.8,1.0,0.8,0.7,2,1,1.00,CYCLE,S
IND,208,7604,59467,27/03/2021,15:10:15,15,1,19.6,1.0,0.9,0.7,2,1,1.00,CYCLE,S
IND,208,7604,59467,27/03/2021,15:10:18,15,1,20.5,1.0,3.2,3.0,2,1,1.00,CYCLE,S
IND,208,7604,59466,27/03/2021,15:11:41,15,0,38.7,1.0,364.4,364.3,2,1,1.00,CYCLE,N
IND,208,7604,59466,27/03/2021,15:17:11,15,0,31.3,1.1,157.4,157.2,2,1,1.00,CYCLE,N
IND,208,7604,59466,27/03/2021,15:19:07,15,0,38.7,1.0,116.0,115.9,2,1,1.00,CYCLE,N
IND,208,7604,59466,27/03/2021,15:21:05,15,0,36.3,1.1,117.8,117.7,2,1,1.00,CYCLE,N
IND,208,7604,59466,27/03/2021,15:22:21,15,0,38.1,1.1,76.1,76.0,2,1,1.00,CYCLE,N
IND,208,7604,59466,27/03/2021,15:23:01,15,0,35.4,1.1,40.2,40.1,2,1,1.00,CYCLE,N
IND,208,7604,59467,27/03/2021,15:25:39,15,1,15.5,1.1,920.7,920.5,2,1,1.00,CYCLE,S
IND,208,7604,59466,27/03/2021,15:26:07,15,0,31.9,1.0,186.5,186.4,2,1,1.00,CYCLE,N
IND,208,7604,59466,27/03/2021,15:26:08,15,0,30.9,1.0,0.9,0.7,2,1,1.00,CYCLE,N
IND,208,7604,59466,27/03/2021,15:27:01,15,0,14.2,1.0,52.7,52.7,2,1,0.57,CYCLE,N
IND,208,7604,59466,27/03/2021,15:27:01,15,0,14.2,1.0,0.0,0.0,2,1,0.57,CYCLE,N
IND,208,7604,59466,27/03/2021,15:27:46,15,0,35.8,1.1,41.9,41.7,2,1,1.00,CYCLE,N
IND,208,7604,59466,27/03/2021,15:28:20,15,0,15.1,1.1,34.6,34.5,2,1,1.00,CYCLE,N
IND,208,7604,59467,27/03/2021,15:29:01,15,1,19.4,1.1,201.6,201.4,2,1,1.00,CYCLE,S
IND,208,7604,59466,27/03/2021,15:29:58,15,0,38.0,1.1,97.5,97.3,2,1,1.00,CYCLE,N
IND,208,7604,59466,27/03/2021,15:30:07,15,0,39.9,1.1,9.2,9.1,2,1,1.00,CYCLE,N
IND,208,7604,59466,27/03/2021,15:31:22,15,0,37.2,1.0,75.0,74.9,2,1,1.00,CYCLE,N
IND,208,7604,59467,27/03/2021,15:31:56,15,1,16.9,1.0,175.3,175.2,2,1,1.00,CYCLE,S
IND,208,7604,59466,27/03/2021,15:34:46,15,0,40.0,1.0,204.3,204.2,2,1,1.00,CYCLE,N
IND,208,7604,59466,27/03/2021,15:34:48,15,0,40.7,1.0,1.4,1.3,2,1,1.00,CYCLE,N
IND,208,7604,59467,27/03/2021,15:35:06,15,1,24.1,1.0,190.0,189.7,2,1,1.00,CYCLE,S
IND,208,7604,59467,27/03/2021,15:37:33,15,1,8.6,1.0,140.5,140.4,2,1,1.00,CYCLE,S
IND,208,7604,59467,27/03/2021,15:40:14,15,1,16.8,1.1,161.1,160.6,2,1,1.00,CYCLE,S
IND,208,7604,59467,27/03/2021,15:40:17,15,1,17.8,1.2,2.7,2.5,2,1,1.00,CYCLE,S
IND,208,7604,59467,27/03/2021,15:40:39,15,1,20.9,1.0,22.4,22.1,2,1,1.00,CYCLE,S
IND,208,7604,59467,27/03/2021,15:42:05,15,1,21.8,1.0,85.5,85.3,2,1,1.00,CYCLE,S
IND,208,7604,59467,27/03/2021,15:43:00,15,1,15.4,1.1,55.5,55.4,2,1,1.00,CYCLE,S
IND,208,7604,59466,27/03/2021,15:43:58,15,0,42.5,1.1,550.7,550.6,2,1,1.00,CYCLE,N
IND,208,7604,59467,27/03/2021,15:44:39,15,1,22.5,1.0,99.0,98.7,2,1,1.00,CYCLE,S
IND,208,7604,59467,27/03/2021,15:44:42,15,1,19.9,1.0,2.2,2.1,2,1,1.00,CYCLE,S
IND,208,7604,59466,27/03/2021,15:45:19,15,0,37.5,1.1,80.7,80.6,2,1,1.00,CYCLE,N
IND,208,7604,59466,27/03/2021,15:47:08,15,0,39.5,1.1,109.2,109.1,2,1,1.00,CYCLE,N
IND,208,7604,59467,27/03/2021,15:47:14,15,1,24.0,1.0,152.7,152.5,2,1,1.00,CYCLE,S
IND,208,7604,59466,27/03/2021,15:47:28,15,0,23.1,1.1,19.4,19.3,2,1,1.00,CYCLE,N
IND,208,7604,59466,27/03/2021,15:48:05,15,0,29.2,1.1,36.9,36.7,2,1,1.00,CYCLE,N
IND,208,7604,59467,27/03/2021,15:50:36,15,1,9.0,1.1,201.8,201.7,2,1,1.00,CYCLE,S
IND,208,7604,59466,27/03/2021,15:50:52,15,0,32.6,1.0,166.8,166.7,2,1,1.00,CYCLE,N
IND,208,7604,59466,27/03/2021,15:50:55,15,0,29.2,1.0,3.1,3.0,2,1,1.00,CYCLE,N
IND,208,7604,59466,27/03/2021,15:51:06,15,0,14.8,1.1,10.4,10.3,2,1,1.00,CYCLE,N
IND,208,7604,59466,27/03/2021,15:52:43,15,0,30.6,1.1,97.6,97.4,2,1,1.00,CYCLE,N
IND,208,7604,59466,27/03/2021,15:54:12,15,0,33.9,1.0,89.0,88.9,2,1,1.00,CYCLE,N
IND,208,7604,59466,27/03/2021,15:54:20,15,0,26.0,1.0,7.9,7.8,2,1,1.00,CYCLE,N
IND,208,7604,59467,27/03/2021,15:55:02,15,1,21.9,1.1,265.9,265.4,2,1,1.00,CYCLE,S
IND,208,7604,59466,27/03/2021,15:55:08,15,0,27.4,1.1,48.3,48.1,2,1,1.00,CYCLE,N
IND,208,7604,59467,27/03/2021,16:04:40,15,1,18.2,1.0,308.8,308.4,2,1,1.00,CYCLE,S
IND,208,7604,59467,27/03/2021,16:05:50,15,1,20.3,1.1,70.8,70.6,2,1,1.00,CYCLE,S
IND,208,7604,59467,27/03/2021,16:05:56,15,1,17.5,1.1,5.3,5.1,2,1,1.00,CYCLE,S
IND,208,7604,59466,27/03/2021,16:07:24,15,0,35.7,1.0,735.8,735.7,2,1,1.00,CYCLE,N
IND,208,7604,59466,27/03/2021,16:07:55,15,0,34.8,1.1,31.2,31.1,2,1,1.00,CYCLE,N
IND,208,7604,59466,27/03/2021,16:07:57,15,0,26.3,1.0,1.2,1.1,2,1,1.00,CYCLE,N
IND,208,7604,59467,27/03/2021,16:09:34,15,1,21.9,1.1,217.9,217.6,2,1,1.00,CYCLE,S
IND,208,7604,59466,27/03/2021,16:09:55,15,0,38.3,1.0,118.4,118.2,2,1,1.00,CYCLE,N
IND,208,7604,59466,27/03/2021,16:10:16,15,0,25.4,1.0,20.6,20.5,2,1,1.00,CYCLE,N
IND,208,7604,59466,27/03/2021,16:11:20,15,0,34.1,1.1,64.3,64.1,2,1,1.00,CYCLE,N
IND,208,7604,59467,27/03/2021,16:11:50,15,1,14.8,0.9,135.9,135.8,2,1,1.00,CYCLE,S
IND,208,7604,59467,27/03/2021,16:12:13,15,1,21.5,1.0,23.4,23.2,2,1,1.00,CYCLE,S
IND,208,7604,59466,27/03/2021,16:12:25,15,0,37.3,1.0,65.1,65.0,2,1,1.00,CYCLE,N
IND,208,7604,59466,27/03/2021,16:13:35,15,0,36.7,1.1,70.4,70.3,2,1,1.00,CYCLE,N
IND,208,7604,59466,27/03/2021,16:14:50,15,0,37.5,1.0,74.8,74.6,2,1,1.00,CYCLE,N
IND,208,7604,59467,27/03/2021,16:15:17,15,1,10.2,1.0,184.1,184.0,2,1,0.86,CYCLE,S
IND,208,7604,59467,27/03/2021,16:15:20,15,1,13.5,1.0,3.2,2.8,2,1,1.00,CYCLE,S
IND,208,7604,59466,27/03/2021,16:15:41,15,0,19.5,1.0,50.6,50.5,2,1,1.00,CYCLE,N
IND,208,7604,59467,27/03/2021,16:16:04,15,1,20.3,1.1,43.8,43.5,2,1,1.00,CYCLE,S
IND,208,7604,59466,27/03/2021,16:18:39,15,0,36.8,1.0,178.7,178.5,2,1,1.00,CYCLE,N
IND,208,7604,59467,27/03/2021,16:23:27,15,1,20.7,1.0,443.3,443.1,2,1,1.00,CYCLE,S
IND,208,7604,59467,27/03/2021,16:24:20,15,1,18.7,1.1,52.7,52.5,2,1,1.00,CYCLE,S
IND,208,7604,59466,27/03/2021,16:24:37,15,0,36.8,1.1,357.2,357.1,2,1,1.00,CYCLE,N
IND,208,7604,59466,27/03/2021,16:26:10,15,0,34.9,1.1,93.4,93.3,2,1,1.00,CYCLE,N
IND,208,7604,59466,27/03/2021,16:28:44,15,0,25.7,1.0,154.3,154.2,2,1,1.00,CYCLE,N
IND,208,7604,59466,27/03/2021,16:33:57,15,0,39.9,1.0,312.9,312.8,2,1,1.00,CYCLE,N
IND,208,7604,59467,27/03/2021,16:34:02,15,1,17.0,1.0,581.7,581.5,2,1,1.00,CYCLE,S
IND,208,7604,59467,27/03/2021,16:34:04,15,1,17.8,1.0,1.8,1.5,2,1,1.00,CYCLE,S
IND,208,7604,59466,27/03/2021,16:34:09,15,0,13.9,0.9,11.8,11.7,2,1,1.00,CYCLE,N
IND,208,7604,59467,27/03/2021,16:34:58,15,1,19.7,1.0,54.9,54.7,2,1,1.00,CYCLE,S
IND,208,7604,59466,27/03/2021,16:36:04,15,0,18.7,1.0,115.4,115.1,2,1,1.00,CYCLE,N
IND,208,7604,59466,27/03/2021,16:36:11,15,0,16.9,1.0,6.3,6.1,2,1,1.00,CYCLE,N
IND,208,7604,59466,27/03/2021,16:36:14,15,0,37.4,1.0,3.2,3.0,2,1,1.00,CYCLE,N
IND,208,7604,59466,27/03/2021,16:37:58,15,0,34.3,1.1,104.0,103.9,2,1,1.00,CYCLE,N
IND,208,7604,59466,27/03/2021,16:37:59,15,0,37.6,1.1,1.7,1.5,2,1,1.00,CYCLE,N
IND,208,7604,59466,27/03/2021,16:39:19,15,0,37.2,1.1,80.0,79.9,2,1,1.00,CYCLE,N
IND,208,7604,59467,27/03/2021,16:40:43,15,1,18.1,1.1,345.0,344.8,2,1,1.00,CYCLE,S
IND,208,7604,59467,27/03/2021,16:41:32,15,1,24.8,1.0,48.1,47.8,2,1,1.00,CYCLE,S
IND,208,7604,59467,27/03/2021,16:41:45,15,1,21.0,1.0,13.1,12.9,2,1,1.00,CYCLE,S
IND,208,7604,59467,27/03/2021,16:41:58,15,1,17.4,1.0,13.3,13.2,2,1,1.00,CYCLE,S
IND,208,7604,59466,27/03/2021,16:44:01,15,0,38.1,1.0,281.8,281.7,2,1,1.00,CYCLE,N
IND,208,7604,59467,27/03/2021,16:45:42,15,1,19.4,0.9,224.3,224.1,2,1,1.00,CYCLE,S
IND,208,7604,59467,27/03/2021,16:46:47,15,1,21.1,1.1,64.9,64.7,2,1,1.00,CYCLE,S
IND,208,7604,59467,27/03/2021,16:48:58,15,1,19.8,1.0,131.4,131.2,2,1,1.00,CYCLE,S
IND,208,7604,59467,27/03/2021,16:49:36,15,1,17.0,1.0,37.9,37.7,2,1,1.00,CYCLE,S
IND,208,7604,59467,27/03/2021,16:49:37,15,1,11.5,1.0,0.7,0.5,2,1,1.00,CYCLE,S
IND,208,7604,59467,27/03/2021,16:49:50,15,1,9.9,1.1,13.2,12.9,2,1,1.00,CYCLE,S
IND,208,7604,59467,27/03/2021,16:50:44,15,1,18.6,1.0,53.7,53.3,2,1,1.00,CYCLE,S
IND,208,7604,59467,27/03/2021,16:54:16,15,1,7.9,1.0,211.7,211.6,2,1,1.00,CYCLE,S
IND,208,7604,59467,27/03/2021,17:01:25,15,1,19.1,1.1,429.1,428.5,2,1,1.00,CYCLE,S
IND,208,7604,59466,27/03/2021,17:03:05,15,0,37.5,1.0,853.5,853.4,2,1,1.00,CYCLE,N
IND,208,7604,59466,27/03/2021,17:03:10,15,0,32.8,1.1,4.3,4.2,2,1,1.00,CYCLE,N
IND,208,7604,59466,27/03/2021,17:03:13,15,0,30.2,1.2,3.1,3.0,2,1,1.00,CYCLE,N
IND,208,7604,59467,27/03/2021,17:04:26,15,1,22.1,1.2,84.3,83.9,2,1,1.00,CYCLE,S
IND,208,7604,59467,27/03/2021,17:04:32,15,1,15.8,1.0,5.5,5.4,2,1,1.00,CYCLE,S
IND,208,7604,59467,27/03/2021,17:04:33,15,1,13.7,1.1,1.7,1.5,2,1,1.00,CYCLE,S
IND,208,7604,59467,27/03/2021,17:09:27,15,1,19.4,1.0,294.0,293.7,2,1,1.00,CYCLE,S
IND,208,7604,59467,27/03/2021,17:13:39,15,1,11.8,1.0,251.4,251.3,2,1,1.00,CYCLE,S
IND,208,7604,59467,27/03/2021,17:14:45,15,1,19.7,1.0,66.0,65.7,2,1,1.00,CYCLE,S
IND,208,7604,59467,27/03/2021,17:16:31,15,1,14.5,1.0,106.1,105.9,2,1,1.00,CYCLE,S
IND,208,7604,59467,27/03/2021,17:17:35,15,1,12.2,1.1,64.5,64.3,2,1,1.00,CYCLE,S
IND,208,7604,59466,27/03/2021,17:18:50,15,0,26.3,1.1,937.1,937.0,2,1,1.00,CYCLE,N
IND,208,7604,59466,27/03/2021,17:19:00,15,0,34.1,1.1,10.5,10.4,2,1,1.00,CYCLE,N
IND,208,7604,59466,27/03/2021,17:19:02,15,0,35.6,1.1,1.7,1.6,2,1,1.00,CYCLE,N
IND,208,7604,59466,27/03/2021,17:24:33,15,0,42.4,1.0,331.1,331.0,2,1,1.00,CYCLE,N
IND,208,7604,59466,27/03/2021,17:28:00,15,0,26.5,1.0,207.0,206.9,2,1,1.00,CYCLE,N
IND,208,7604,59466,27/03/2021,17:32:59,15,0,32.6,1.0,299.1,299.0,2,1,1.00,CYCLE,N
IND,208,7604,59466,27/03/2021,17:34:22,15,0,38.6,1.0,82.5,82.4,2,1,1.00,CYCLE,N
IND,208,7604,59467,27/03/2021,17:34:37,15,1,21.4,1.0,1021.3,1020.9,2,1,1.00,CYCLE,S
IND,208,7604,59467,27/03/2021,17:43:13,15,1,21.6,1.1,353.3,353.1,2,1,1.00,CYCLE,S
IND,208,7604,59466,27/03/2021,17:56:08,15,0,35.6,1.1,327.8,327.6,2,1,1.00,CYCLE,N
IND,208,7604,59466,27/03/2021,17:56:08,15,0,35.3,1.0,0.3,0.2,2,1,1.00,CYCLE,N
IND,208,7604,59466,27/03/2021,17:57:36,15,0,32.0,1.0,87.5,87.4,2,1,1.00,CYCLE,N
IND,208,7604,59466,27/03/2021,18:16:17,15,0,33.6,1.1,1121.0,1120.9,2,1,1.00,CYCLE,N
IND,208,7604,59466,27/03/2021,18:16:25,15,0,34.2,1.1,8.2,8.1,2,1,1.00,CYCLE,N
IND,208,7604,59467,27/03/2021,18:20:16,15,1,20.2,1.0,2222.4,2222.2,2,1,1.00,CYCLE,S
IND,208,7604,59466,27/03/2021,18:24:59,15,0,37.5,1.1,514.3,514.2,2,1,1.00,CYCLE,N
IND,208,7604,59466,27/03/2021,18:26:10,15,0,35.0,1.2,71.1,71.0,2,1,1.00,CYCLE,N
IND,208,7604,59466,27/03/2021,18:30:04,15,0,28.6,1.0,233.1,233.0,2,1,1.00,CYCLE,N
IND,208,7604,59467,27/03/2021,18:41:24,15,1,18.6,1.1,1268.1,1268.0,2,1,1.00,CYCLE,S
IND,208,7604,59466,27/03/2021,20:28:51,15,0,19.4,1.0,7126.2,7126.1,2,1,1.00,CYCLE,N
IND,208,7604,59466,27/03/2021,20:28:51,15,0,18.9,1.0,0.6,0.5,2,1,1.00,CYCLE,N
IND,208,7604,59466,28/03/2021,01:50:48,15,0,39.9,1.1,19316.6,19316.4,2,1,1.00,CYCLE,N
IND,208,7604,59467,28/03/2021,01:52:37,15,1,14.9,1.0,25872.6,25872.4,2,1,1.00,CYCLE,S
IND,208,7604,59467,28/03/2021,01:52:38,15,1,13.7,1.0,1.1,0.8,2,1,1.00,CYCLE,S
IND,208,7604,59466,28/03/2021,03:30:43,15,0,36.8,1.1,5995.6,5995.5,2,1,1.00,CYCLE,N
IND,208,7604,59467,28/03/2021,04:12:08,15,1,16.7,1.1,8370.4,8370.1,2,1,1.00,CYCLE,S
IND,208,7604,59466,28/03/2021,05:08:16,15,0,21.1,1.0,5852.6,5852.5,2,1,1.00,CYCLE,N
IND,208,7604,59466,28/03/2021,05:32:18,15,0,40.1,1.0,1442.1,1441.9,2,1,1.00,CYCLE,N
IND,208,7604,59467,28/03/2021,05:39:36,15,1,17.2,1.0,5248.2,5247.9,2,1,1.00,CYCLE,S
IND,208,7604,59467,28/03/2021,05:47:08,15,1,19.7,1.0,451.7,451.5,2,1,1.00,CYCLE,S
IND,208,7604,59467,28/03/2021,06:02:57,15,1,17.1,1.0,949.0,948.9,2,1,1.00,CYCLE,S
IND,208,7604,59466,28/03/2021,06:10:27,15,0,34.2,1.0,2288.5,2288.4,2,1,1.00,CYCLE,N
IND,208,7604,59467,28/03/2021,06:12:32,15,1,15.6,1.1,574.7,574.5,2,1,1.00,CYCLE,S
IND,208,7604,59467,28/03/2021,06:13:23,15,1,22.6,1.0,51.2,50.9,2,1,1.00,CYCLE,S
IND,208,7604,59466,28/03/2021,06:18:00,15,0,35.9,1.0,166.1,165.4,2,1,1.00,CYCLE,N
IND,208,7604,59466,28/03/2021,06:18:16,15,0,31.3,1.0,16.1,16.0,2,1,1.00,CYCLE,N
IND,208,7604,59466,28/03/2021,06:18:17,15,0,31.7,1.0,0.8,0.7,2,1,1.00,CYCLE,N
IND,208,7604,59467,28/03/2021,06:18:23,15,1,17.0,1.0,300.5,300.4,2,1,1.00,CYCLE,S
IND,208,7604,59467,28/03/2021,06:18:25,15,1,15.0,1.0,1.6,1.4,2,1,1.00,CYCLE,S
IND,208,7604,59467,28/03/2021,06:18:26,15,1,15.7,1.0,0.7,0.4,2,1,1.00,CYCLE,S
IND,208,7604,59467,28/03/2021,06:18:27,15,1,14.9,1.0,1.1,0.8,2,1,1.00,CYCLE,S
IND,208,7604,59467,28/03/2021,06:18:27,15,1,14.5,0.9,0.6,0.4,2,1,1.00,CYCLE,S
IND,208,7604,59467,28/03/2021,06:18:28,15,1,14.4,1.0,0.7,0.4,2,1,1.00,CYCLE,S
IND,208,7604,59467,28/03/2021,06:18:50,15,1,19.0,1.0,21.8,21.6,2,1,1.00,CYCLE,S
IND,208,7604,59466,28/03/2021,06:19:59,15,0,37.7,1.0,101.9,101.8,2,1,1.00,CYCLE,N
IND,208,7604,59466,28/03/2021,06:20:01,15,0,39.9,1.0,1.6,1.5,2,1,1.00,CYCLE,N
IND,208,7604,59466,28/03/2021,06:20:03,15,0,37.8,1.0,2.0,1.9,2,1,1.00,CYCLE,N
IND,208,7604,59466,28/03/2021,06:20:03,15,0,36.9,1.0,0.8,0.7,2,1,1.00,CYCLE,N
IND,208,7604,59466,28/03/2021,06:20:04,15,0,39.9,1.1,0.9,0.8,2,1,1.00,CYCLE,N
IND,208,7604,59466,28/03/2021,06:20:06,15,0,41.1,1.1,1.2,1.1,2,1,1.00,CYCLE,N
IND,208,7604,59467,28/03/2021,06:20:17,15,1,19.9,1.0,87.3,87.1,2,1,1.00,CYCLE,S
IND,208,7604,59466,28/03/2021,06:20:36,15,0,37.4,1.0,30.7,30.6,2,1,1.00,CYCLE,N
IND,208,7604,59467,28/03/2021,06:30:30,15,1,19.0,1.0,612.6,612.4,2,1,1.00,CYCLE,S
IND,208,7604,59466,28/03/2021,06:31:28,15,0,37.6,1.0,652.0,651.9,2,1,1.00,CYCLE,N
IND,208,7604,59466,28/03/2021,06:32:17,15,0,32.6,1.0,48.7,48.6,2,1,1.00,CYCLE,N
IND,208,7604,59466,28/03/2021,06:32:37,15,0,35.4,1.0,20.0,19.9,2,1,1.00,CYCLE,N
IND,208,7604,59466,28/03/2021,06:32:39,15,0,37.7,1.0,2.2,2.1,2,1,1.00,CYCLE,N
IND,208,7604,59466,28/03/2021,06:33:26,15,0,4.0,0.6,46.5,46.4,2,1,0.80,CYCLE,N
IND,208,7604,59467,28/03/2021,06:33:50,15,1,12.8,1.1,200.0,199.8,2,1,1.00,CYCLE,S
IND,208,7604,59466,28/03/2021,06:34:16,15,0,35.6,1.0,49.8,49.8,2,1,1.00,CYCLE,N
IND,208,7604,59466,28/03/2021,06:35:06,15,0,40.1,1.0,50.4,50.3,2,1,1.00,CYCLE,N
IND,208,7604,59466,28/03/2021,06:35:37,15,0,31.7,1.0,30.6,30.5,2,1,1.00,CYCLE,N
IND,208,7604,59466,28/03/2021,06:35:37,15,0,31.7,1.0,0.0,0.0,2,1,1.00,CYCLE,N
IND,208,7604,59466,28/03/2021,06:35:39,15,0,29.8,1.0,2.1,1.9,2,1,1.00,CYCLE,N
IND,208,7604,59466,28/03/2021,06:35:39,15,0,29.8,1.0,0.0,0.0,2,1,1.00,CYCLE,N
IND,208,7604,59467,28/03/2021,06:36:45,15,1,14.2,1.0,175.7,175.3,2,1,0.86,CYCLE,S
IND,208,7604,59466,28/03/2021,06:37:37,15,0,26.6,1.0,118.4,118.2,2,1,1.00,CYCLE,N
IND,208,7604,59466,28/03/2021,06:37:37,15,0,26.4,1.1,0.4,0.3,2,1,1.00,CYCLE,N
IND,208,7604,59466,28/03/2021,06:37:53,15,0,34.8,1.0,15.5,15.3,2,1,1.00,CYCLE,N
IND,208,7604,59466,28/03/2021,06:37:53,15,0,32.4,1.0,0.3,0.2,2,1,1.00,CYCLE,N
IND,208,7604,59467,28/03/2021,06:37:57,15,1,24.3,1.1,71.3,70.8,2,1,1.00,CYCLE,S
IND,208,7604,59466,28/03/2021,06:40:00,15,0,32.7,1.0,126.7,126.6,2,1,1.00,CYCLE,N
IND,208,7604,59466,28/03/2021,06:40:00,15,0,35.1,1.0,0.4,0.3,2,1,1.00,CYCLE,N
IND,208,7604,59466,28/03/2021,06:40:24,15,0,32.4,1.0,23.8,23.7,2,1,1.00,CYCLE,N
IND,208,7604,59466,28/03/2021,06:47:10,15,0,21.7,1.0,405.9,405.8,2,1,1.00,CYCLE,N
IND,208,7604,59466,28/03/2021,06:48:15,15,0,40.3,1.0,65.0,64.9,2,1,1.00,CYCLE,N
IND,208,7604,59466,28/03/2021,06:48:15,15,0,40.5,1.0,0.2,0.1,2,1,1.00,CYCLE,N
IND,208,7604,59467,28/03/2021,06:51:46,15,1,17.1,1.0,829.0,828.8,2,1,1.00,CYCLE,S
IND,208,7604,59467,28/03/2021,06:51:46,15,1,17.1,1.0,0.0,0.0,2,1,1.00,CYCLE,S
IND,208,7604,59467,28/03/2021,06:53:19,15,1,18.8,1.0,93.5,93.3,2,1,1.00,CYCLE,S
IND,208,7604,59467,28/03/2021,06:53:21,15,1,19.1,1.0,1.9,1.7,2,1,1.00,CYCLE,S
IND,208,7604,59467,28/03/2021,06:53:22,15,1,20.3,1.0,0.6,0.4,2,1,1.00,CYCLE,S
IND,208,7604,59467,28/03/2021,06:54:52,15,1,19.8,1.0,90.7,90.6,2,1,1.00,CYCLE,S
IND,208,7604,59467,28/03/2021,06:55:37,15,1,19.6,1.0,44.9,44.7,2,1,1.00,CYCLE,S
IND,208,7604,59467,28/03/2021,06:55:38,15,1,19.2,1.0,0.8,0.6,2,1,1.00,CYCLE,S
IND,208,7604,59467,28/03/2021,06:56:28,15,1,17.9,1.0,49.6,49.4,2,1,1.00,CYCLE,S
IND,208,7604,59466,28/03/2021,06:59:36,15,0,27.9,1.1,681.3,681.2,2,1,1.00,CYCLE,N
IND,208,7604,59466,28/03/2021,06:59:39,15,0,31.8,1.0,2.7,2.5,2,1,1.00,CYCLE,N
IND,208,7604,59466,28/03/2021,07:02:11,15,0,29.8,1.0,152.3,152.1,2,1,1.00,CYCLE,N
IND,208,7604,59466,28/03/2021,07:04:13,15,0,35.4,1.0,122.0,121.9,2,1,1.00,CYCLE,N
IND,208,7604,59467,28/03/2021,07:05:53,15,1,14.2,1.0,565.4,565.2,2,1,1.00,CYCLE,S
IND,208,7604,59467,28/03/2021,07:05:54,15,1,14.2,1.0,0.7,0.4,2,1,1.00,CYCLE,S
IND,208,7604,59467,28/03/2021,07:06:24,15,1,17.5,1.0,30.4,30.2,2,1,1.00,CYCLE,S
IND,208,7604,59467,28/03/2021,07:06:25,15,1,18.0,1.0,0.5,0.3,2,1,1.00,CYCLE,S
IND,208,7604,59467,28/03/2021,07:06:26,15,1,17.5,1.1,1.1,0.9,2,1,1.00,CYCLE,S
IND,208,7604,59467,28/03/2021,07:06:27,15,1,19.1,1.0,1.7,1.4,2,1,1.00,CYCLE,S
IND,208,7604,59467,28/03/2021,07:06:30,15,1,18.0,1.0,2.7,2.5,2,1,1.00,CYCLE,S
IND,208,7604,59466,28/03/2021,07:07:55,15,0,38.0,1.0,222.1,222.0,2,1,1.00,CYCLE,N
IND,208,7604,59466,28/03/2021,07:08:10,15,0,35.5,1.0,14.1,14.0,2,1,1.00,CYCLE,N
IND,208,7604,59466,28/03/2021,07:08:10,15,0,36.9,1.1,0.7,0.6,2,1,1.00,CYCLE,N
IND,208,7604,59466,28/03/2021,07:11:15,15,0,30.1,1.1,185.0,184.9,2,1,1.00,CYCLE,N
IND,208,7604,59467,28/03/2021,07:11:39,15,1,14.5,1.0,309.3,309.1,2,1,1.00,CYCLE,S
IND,208,7604,59467,28/03/2021,07:13:12,15,1,20.2,1.0,92.1,91.9,2,1,1.00,CYCLE,S
IND,208,7604,59467,28/03/2021,07:13:36,15,1,18.0,1.0,24.3,24.2,2,1,1.00,CYCLE,S
IND,208,7604,59467,28/03/2021,07:14:29,15,1,14.8,1.0,52.7,52.5,2,1,1.00,CYCLE,S
IND,208,7604,59467,28/03/2021,07:16:04,15,1,19.2,1.0,94.9,94.6,2,1,1.00,CYCLE,S
IND,208,7604,59467,28/03/2021,07:16:07,15,1,24.1,0.9,4.0,3.8,2,1,1.00,CYCLE,S
IND,208,7604,59467,28/03/2021,07:16:08,15,1,23.4,0.9,0.5,0.4,2,1,1.00,CYCLE,S
IND,208,7604,59467,28/03/2021,07:17:17,15,1,20.5,1.1,69.1,68.9,2,1,1.00,CYCLE,S
IND,208,7604,59467,28/03/2021,07:17:18,15,1,20.8,1.0,1.0,0.8,2,1,1.00,CYCLE,S
IND,208,7604,59467,28/03/2021,07:17:19,15,1,20.7,1.0,1.1,0.9,2,1,1.00,CYCLE,S
IND,208,7604,59467,28/03/2021,07:17:20,15,1,20.3,1.0,0.9,0.7,2,1,1.00,CYCLE,S
IND,208,7604,59467,28/03/2021,07:17:43,15,1,14.0,1.1,23.0,22.8,2,1,1.00,CYCLE,S
IND,208,7604,59467,28/03/2021,07:17:45,15,1,13.0,1.1,1.8,1.6,2,1,1.00,CYCLE,S
IND,208,7604,59467,28/03/2021,07:17:53,15,1,12.3,1.0,8.5,8.2,2,1,1.00,CYCLE,S
IND,208,7604,59467,28/03/2021,07:19:14,15,1,20.4,1.0,80.9,80.6,2,1,1.00,CYCLE,S
IND,208,7604,59467,28/03/2021,07:20:24,15,1,21.3,1.0,69.8,69.6,2,1,1.00,CYCLE,S
IND,208,7604,59466,28/03/2021,07:20:26,15,0,30.2,1.0,550.7,550.6,2,1,1.00,CYCLE,N
IND,208,7604,59467,28/03/2021,07:20:27,15,1,20.4,1.0,2.6,2.4,2,1,1.00,CYCLE,S
IND,208,7604,59466,28/03/2021,07:20:50,15,0,36.5,1.1,24.5,24.4,2,1,1.00,CYCLE,N
IND,208,7604,59466,28/03/2021,07:23:26,15,0,36.7,1.0,155.2,155.1,2,1,1.00,CYCLE,N
IND,208,7604,59467,28/03/2021,07:24:55,15,1,13.7,1.1,268.3,268.2,2,1,1.00,CYCLE,S
IND,208,7604,59467,28/03/2021,07:24:55,15,1,13.1,1.1,0.4,0.1,2,1,1.00,CYCLE,S
IND,208,7604,59466,28/03/2021,07:25:44,15,0,36.0,1.1,138.6,138.5,2,1,1.00,CYCLE,N
IND,208,7604,59466,28/03/2021,07:26:54,15,0,36.4,1.0,69.9,69.7,2,1,1.00,CYCLE,N
IND,208,7604,59467,28/03/2021,07:27:04,15,1,20.0,1.0,128.8,128.4,2,1,1.00,CYCLE,S
IND,208,7604,59467,28/03/2021,07:27:06,15,1,19.4,1.0,1.9,1.7,2,1,1.00,CYCLE,S
IND,208,7604,59467,28/03/2021,07:31:54,15,1,19.7,0.9,7.3,7.3,2,1,1.00,CYCLE,S
IND,208,7604,59467,28/03/2021,07:34:28,15,1,14.6,1.1,154.3,154.2,2,1,1.00,CYCLE,S
IND,208,7604,59466,28/03/2021,07:36:01,15,0,35.8,1.1,546.5,546.4,2,1,1.00,CYCLE,N
IND,208,7604,59466,28/03/2021,07:36:15,15,0,31.9,1.1,14.7,14.6,2,1,1.00,CYCLE,N
IND,208,7604,59466,28/03/2021,07:36:20,15,0,36.3,1.1,4.8,4.7,2,1,1.00,CYCLE,N
IND,208,7604,59466,28/03/2021,07:36:22,15,0,27.6,1.1,2.0,1.9,2,1,1.00,CYCLE,N
IND,208,7604,59467,28/03/2021,07:37:22,15,1,19.0,1.0,173.3,173.0,2,1,1.00,CYCLE,S
IND,208,7604,59466,28/03/2021,07:38:12,15,0,32.2,1.0,109.5,109.4,2,1,1.00,CYCLE,N
IND,208,7604,59467,28/03/2021,07:38:30,15,1,20.4,1.0,68.7,68.5,2,1,1.00,CYCLE,S
IND,208,7604,59467,28/03/2021,07:39:43,15,1,27.6,1.1,72.4,72.2,2,1,1.00,CYCLE,S
IND,208,7604,59466,28/03/2021,07:39:52,15,0,32.6,1.0,100.6,100.5,2,1,1.00,CYCLE,N
IND,208,7604,59466,28/03/2021,07:39:54,15,0,34.4,1.0,1.4,1.3,2,1,1.00,CYCLE,N
IND,208,7604,59466,28/03/2021,07:39:54,15,0,35.3,1.0,0.6,0.5,2,1,1.00,CYCLE,N
IND,208,7604,59466,28/03/2021,07:43:25,15,0,24.9,1.0,210.7,210.6,2,1,1.00,CYCLE,N
IND,208,7604,59467,28/03/2021,07:44:01,15,1,15.5,1.0,258.0,257.9,2,1,1.00,CYCLE,S
IND,208,7604,59467,28/03/2021,07:44:02,15,1,15.5,1.0,1.1,0.9,2,1,1.00,CYCLE,S
IND,208,7604,59467,28/03/2021,07:44:40,15,1,20.3,1.0,38.7,38.5,2,1,1.00,CYCLE,S
IND,208,7604,59467,28/03/2021,07:45:01,15,1,20.0,1.0,20.9,20.8,2,1,1.00,CYCLE,S
IND,208,7604,59467,28/03/2021,07:45:13,15,1,16.4,1.0,11.9,11.7,2,1,1.00,CYCLE,S
IND,208,7604,59467,28/03/2021,07:45:20,15,1,13.4,0.9,6.7,6.5,2,1,1.00,CYCLE,S
IND,208,7604,59467,28/03/2021,07:45:40,15,1,23.4,1.0,20.5,20.2,2,1,1.00,CYCLE,S
IND,208,7604,59467,28/03/2021,07:46:05,15,1,14.9,1.0,24.3,24.2,2,1,1.00,CYCLE,S
IND,208,7604,59467,28/03/2021,07:46:05,15,1,14.9,1.0,0.0,0.0,2,1,1.00,CYCLE,S
IND,208,7604,59467,28/03/2021,07:46:07,15,1,16.1,1.1,2.1,1.7,2,1,1.00,CYCLE,S
IND,208,7604,59467,28/03/2021,07:48:01,15,1,23.4,1.0,114.2,113.9,2,1,1.00,CYCLE,S
IND,208,7604,59466,28/03/2021,07:48:22,15,0,36.3,1.0,80.9,80.9,2,1,1.00,CYCLE,N
IND,208,7604,59466,28/03/2021,07:48:54,15,0,30.6,1.0,31.4,31.2,2,1,1.00,CYCLE,N
IND,208,7604,59466,28/03/2021,07:49:45,15,0,30.1,1.0,50.8,50.7,2,1,1.00,CYCLE,N
IND,208,7604,59466,28/03/2021,07:49:46,15,0,30.1,1.1,0.9,0.8,2,1,1.00,CYCLE,N
IND,208,7604,59466,28/03/2021,07:51:11,15,0,2.0,0.1,85.6,85.5,2,1,0.80,CYCLE,N
IND,208,7604,59466,28/03/2021,07:52:11,15,0,34.4,1.0,59.7,59.6,2,1,1.00,CYCLE,N
IND,208,7604,59467,28/03/2021,07:53:10,15,1,18.3,1.0,308.9,308.7,2,1,1.00,CYCLE,S
IND,208,7604,59467,28/03/2021,07:53:20,15,1,16.7,1.0,10.4,10.2,2,1,1.00,CYCLE,S
IND,208,7604,59467,28/03/2021,07:53:55,15,1,25.1,1.0,35.3,35.1,2,1,1.00,CYCLE,S
IND,208,7604,59467,28/03/2021,07:56:09,15,1,18.5,1.1,133.6,133.5,2,1,1.00,CYCLE,S
IND,208,7604,59467,28/03/2021,07:56:12,15,1,17.0,1.0,2.5,2.3,2,1,1.00,CYCLE,S
IND,208,7604,59466,28/03/2021,07:56:33,15,0,42.1,1.0,221.1,220.8,2,1,1.00,CYCLE,N
IND,208,7604,59467,28/03/2021,07:58:12,15,1,16.3,1.0,120.8,120.6,2,1,1.00,CYCLE,S
IND,208,7604,59467,28/03/2021,07:58:12,15,1,16.3,1.0,0.0,0.0,2,1,1.00,CYCLE,S
IND,208,7604,59467,28/03/2021,07:59:06,15,1,16.4,1.0,53.5,53.1,2,1,1.00,CYCLE,S
IND,208,7604,59467,28/03/2021,07:59:17,15,1,16.4,1.1,10.7,10.5,2,1,1.00,CYCLE,S
IND,208,7604,59467,28/03/2021,08:01:22,15,1,19.3,1.1,125.9,125.6,2,1,1.00,CYCLE,S
IND,208,7604,59467,28/03/2021,08:02:10,15,1,21.1,1.1,48.0,47.8,2,1,1.00,CYCLE,S
IND,208,7604,59467,28/03/2021,08:02:11,15,1,20.8,1.0,0.7,0.5,2,1,1.00,CYCLE,S
IND,208,7604,59467,28/03/2021,08:02:21,15,1,20.9,1.0,9.5,9.3,2,1,1.00,CYCLE,S
IND,208,7604,59466,28/03/2021,08:03:09,15,0,30.8,1.0,395.5,395.4,2,1,1.00,CYCLE,N
IND,208,7604,59466,28/03/2021,08:05:15,15,0,41.9,1.0,126.4,126.3,2,1,1.00,CYCLE,N
IND,208,7604,59467,28/03/2021,08:05:46,15,1,21.6,1.0,163.6,162.8,2,1,1.00,CYCLE,S
IND,208,7604,59467,28/03/2021,08:05:49,15,1,19.0,1.0,2.5,2.4,2,1,1.00,CYCLE,S
IND,208,7604,59467,28/03/2021,08:05:50,15,1,17.4,0.9,1.2,1.0,2,1,1.00,CYCLE,S
IND,208,7604,59466,28/03/2021,08:05:51,15,0,30.5,1.0,36.1,36.0,2,1,1.00,CYCLE,N
IND,208,7604,59466,28/03/2021,08:05:53,15,0,28.4,1.0,1.6,1.4,2,1,1.00,CYCLE,N
IND,208,7604,59466,28/03/2021,08:05:57,15,0,30.5,1.0,3.7,3.6,2,1,1.00,CYCLE,N
IND,208,7604,59466,28/03/2021,08:06:00,15,0,25.9,1.0,3.3,3.2,2,1,1.00,CYCLE,N
IND,208,7604,59466,28/03/2021,08:06:02,15,0,29.9,1.0,2.1,2.0,2,1,1.00,CYCLE,N
IND,208,7604,59466,28/03/2021,08:06:45,15,0,35.1,1.0,42.7,42.6,2,1,1.00,CYCLE,N
IND,208,7604,59467,28/03/2021,08:07:49,15,1,17.8,1.1,119.4,119.2,2,1,1.00,CYCLE,S
IND,208,7604,59467,28/03/2021,08:08:02,15,1,16.9,1.0,12.9,12.7,2,1,1.00,CYCLE,S
IND,208,7604,59467,28/03/2021,08:08:05,15,1,18.7,1.0,2.8,2.6,2,1,1.00,CYCLE,S
IND,208,7604,59467,28/03/2021,08:08:06,15,1,19.0,1.1,0.7,0.5,2,1,1.00,CYCLE,S
IND,208,7604,59467,28/03/2021,08:08:06,15,1,19.2,1.1,0.6,0.4,2,1,1.00,CYCLE,S
IND,208,7604,59467,28/03/2021,08:08:07,15,1,18.5,1.1,0.8,0.6,2,1,1.00,CYCLE,S
IND,208,7604,59467,28/03/2021,08:08:08,15,1,16.5,1.0,0.8,0.6,2,1,1.00,CYCLE,S
IND,208,7604,59467,28/03/2021,08:08:49,15,1,20.7,1.0,41.2,40.9,2,1,1.00,CYCLE,S
IND,208,7604,59467,28/03/2021,08:08:50,15,1,20.5,1.0,0.7,0.6,2,1,1.00,CYCLE,S
IND,208,7604,59466,28/03/2021,08:09:13,15,0,19.0,1.0,148.0,147.9,2,1,1.00,CYCLE,N
IND,208,7604,59466,28/03/2021,08:09:51,15,0,36.2,1.0,37.8,37.7,2,1,1.00,CYCLE,N
IND,208,7604,59467,28/03/2021,08:11:05,15,1,21.5,1.1,134.7,134.6,2,1,1.00,CYCLE,S
IND,208,7604,59466,28/03/2021,08:11:08,15,0,36.3,1.0,77.1,77.0,2,1,1.00,CYCLE,N
IND,208,7604,59466,28/03/2021,08:12:37,15,0,35.6,1.0,89.6,89.5,2,1,1.00,CYCLE,N
IND,208,7604,59466,28/03/2021,08:12:46,15,0,27.3,1.0,8.4,8.3,2,1,1.00,CYCLE,N
IND,208,7604,59466,28/03/2021,08:12:51,15,0,34.4,1.0,5.5,5.4,2,1,1.00,CYCLE,N
IND,208,7604,59466,28/03/2021,08:13:17,15,0,35.9,1.0,25.2,25.1,2,1,1.00,CYCLE,N
IND,208,7604,59466,28/03/2021,08:13:17,15,0,36.1,1.0,0.6,0.5,2,1,1.00,CYCLE,N
IND,208,7604,59466,28/03/2021,08:13:40,15,0,24.3,1.0,22.6,22.5,2,1,1.00,CYCLE,N
IND,208,7604,59467,28/03/2021,08:14:50,15,1,21.8,1.1,225.4,225.2,2,1,1.00,CYCLE,S
IND,208,7604,59467,28/03/2021,08:15:09,15,1,17.8,1.0,19.0,18.9,2,1,1.00,CYCLE,S
IND,208,7604,59466,28/03/2021,08:15:21,15,0,20.4,1.2,101.4,101.3,2,1,1.00,CYCLE,N
IND,208,7604,59466,28/03/2021,08:16:19,15,0,22.4,1.1,57.7,57.5,2,1,1.00,CYCLE,N
IND,208,7604,59466,28/03/2021,08:16:20,15,0,22.3,1.1,1.0,0.8,2,1,1.00,CYCLE,N
IND,208,7604,59466,28/03/2021,08:17:28,15,0,34.8,1.0,68.1,68.0,2,1,1.00,CYCLE,N
IND,208,7604,59466,28/03/2021,08:17:28,15,0,36.3,1.0,0.6,0.5,2,1,1.00,CYCLE,N
IND,208,7604,59467,28/03/2021,08:17:53,15,1,19.2,1.1,164.0,163.8,2,1,1.00,CYCLE,S
IND,208,7604,59467,28/03/2021,08:18:32,15,1,10.3,1.1,38.8,38.6,2,1,1.00,CYCLE,S
IND,208,7604,59467,28/03/2021,08:18:34,15,1,9.3,1.1,1.8,1.4,2,1,1.00,CYCLE,S
IND,208,7604,59466,28/03/2021,08:18:54,15,0,18.0,1.0,85.3,85.2,2,1,1.00,CYCLE,N
IND,208,7604,59467,28/03/2021,08:19:20,15,1,15.4,1.0,46.4,45.9,2,1,1.00,CYCLE,S
IND,208,7604,59466,28/03/2021,08:19:48,15,0,38.0,1.1,54.6,54.4,2,1,1.00,CYCLE,N
IND,208,7604,59466,28/03/2021,08:20:29,15,0,23.7,1.0,40.2,40.1,2,1,1.00,CYCLE,N
IND,208,7604,59467,28/03/2021,08:21:34,15,1,14.8,1.0,133.5,133.3,2,1,1.00,CYCLE,S
IND,208,7604,59466,28/03/2021,08:21:57,15,0,24.2,1.1,88.3,88.2,2,1,1.00,CYCLE,N
IND,208,7604,59467,28/03/2021,08:22:27,15,1,17.3,1.0,53.1,52.9,2,1,1.00,CYCLE,S
IND,208,7604,59466,28/03/2021,08:23:23,15,0,24.3,1.1,86.5,86.3,2,1,1.00,CYCLE,N
IND,208,7604,59466,28/03/2021,08:23:24,15,0,23.5,1.0,0.8,0.7,2,1,1.00,CYCLE,N
IND,208,7604,59466,28/03/2021,08:24:36,15,0,29.2,1.0,72.0,71.8,2,1,1.00,CYCLE,N
IND,208,7604,59466,28/03/2021,08:24:38,15,0,28.6,1.1,1.4,1.3,2,1,1.00,CYCLE,N
IND,208,7604,59467,28/03/2021,08:26:00,15,1,14.8,1.0,213.1,212.9,2,1,1.00,CYCLE,S
IND,208,7604,59467,28/03/2021,08:26:03,15,1,20.1,1.0,2.8,2.5,2,1,1.00,CYCLE,S
IND,208,7604,59467,28/03/2021,08:26:11,15,1,21.7,1.0,8.7,8.6,2,1,1.00,CYCLE,S
IND,208,7604,59466,28/03/2021,08:26:51,15,0,35.9,1.0,133.0,132.8,2,1,1.00,CYCLE,N
IND,208,7604,59466,28/03/2021,08:26:52,15,0,37.0,1.0,1.6,1.5,2,1,1.00,CYCLE,N
IND,208,7604,59467,28/03/2021,08:28:10,15,1,10.5,1.0,118.4,118.3,2,1,1.00,CYCLE,S
IND,208,7604,59467,28/03/2021,08:28:10,15,1,10.5,1.0,0.0,0.0,2,1,1.00,CYCLE,S
IND,208,7604,59466,28/03/2021,08:28:24,15,0,38.8,1.2,92.0,91.9,2,1,1.00,CYCLE,N
IND,208,7604,59466,28/03/2021,08:31:39,15,0,38.5,1.0,195.2,195.1,2,1,1.00,CYCLE,N
IND,208,7604,59466,28/03/2021,08:31:41,15,0,39.3,1.0,2.1,2.0,2,1,1.00,CYCLE,N
IND,208,7604,59466,28/03/2021,08:31:48,15,0,38.7,1.0,6.5,6.4,2,1,1.00,CYCLE,N
IND,208,7604,59467,28/03/2021,08:31:54,15,1,21.0,1.0,223.9,223.4,2,1,1.00,CYCLE,S
IND,208,7604,59467,28/03/2021,08:31:55,15,1,16.2,1.1,0.9,0.7,2,1,1.00,CYCLE,S
IND,208,7604,59466,28/03/2021,08:32:06,15,0,25.3,1.0,18.7,18.6,2,1,1.00,CYCLE,N
IND,208,7604,59466,28/03/2021,08:32:07,15,0,26.4,1.0,0.5,0.4,2,1,1.00,CYCLE,N
IND,208,7604,59467,28/03/2021,08:33:04,15,1,20.1,1.1,69.0,68.7,2,1,1.00,CYCLE,S
IND,208,7604,59466,28/03/2021,08:33:13,15,0,27.6,1.0,65.8,65.7,2,1,1.00,CYCLE,N
IND,208,7604,59466,28/03/2021,08:33:22,15,0,25.9,1.0,8.9,8.7,2,1,1.00,CYCLE,N
IND,208,7604,59467,28/03/2021,08:34:05,15,1,23.0,1.0,61.3,61.1,2,1,1.00,CYCLE,S
IND,208,7604,59467,28/03/2021,08:34:29,15,1,22.2,1.0,23.8,23.6,2,1,1.00,CYCLE,S
IND,208,7604,59467,28/03/2021,08:34:29,15,1,21.5,0.9,0.3,0.2,2,1,1.00,CYCLE,S
IND,208,7604,59467,28/03/2021,08:34:30,15,1,15.4,1.0,1.4,1.2,2,1,1.00,CYCLE,S
IND,208,7604,59467,28/03/2021,08:34:34,15,1,16.3,1.0,3.1,2.9,2,1,1.00,CYCLE,S
IND,208,7604,59467,28/03/2021,08:34:36,15,1,13.8,1.0,2.6,2.4,2,1,1.00,CYCLE,S
IND,208,7604,59467,28/03/2021,08:34:43,15,1,16.2,1.1,7.1,6.8,2,1,1.00,CYCLE,S
IND,208,7604,59466,28/03/2021,08:35:49,15,0,35.9,1.0,147.4,147.3,2,1,1.00,CYCLE,N
IND,208,7604,59466,28/03/2021,08:36:55,15,0,26.6,1.0,65.5,65.4,2,1,1.00,CYCLE,N
IND,208,7604,59466,28/03/2021,08:37:04,15,0,29.4,1.0,9.7,9.6,2,1,1.00,CYCLE,N
IND,208,7604,59466,28/03/2021,08:37:05,15,0,26.6,1.0,0.8,0.7,2,1,1.00,CYCLE,N
IND,208,7604,59467,28/03/2021,08:37:27,15,1,16.2,1.0,163.8,163.5,2,1,1.00,CYCLE,S
IND,208,7604,59467,28/03/2021,08:37:33,15,1,12.8,1.1,6.4,6.2,2,1,1.00,CYCLE,S
IND,208,7604,59467,28/03/2021,08:37:41,15,1,27.1,1.1,7.3,6.9,2,1,1.00,CYCLE,S
IND,208,7604,59466,28/03/2021,08:39:44,15,0,35.5,1.0,158.6,158.5,2,1,1.00,CYCLE,N
IND,208,7604,59467,28/03/2021,08:39:45,15,1,10.2,1.1,124.2,124.2,2,1,1.00,CYCLE,S
IND,208,7604,59467,28/03/2021,08:39:46,15,1,10.0,1.0,0.9,0.5,2,1,1.00,CYCLE,S
IND,208,7604,59466,28/03/2021,08:39:49,15,0,34.8,1.1,4.9,4.8,2,1,1.00,CYCLE,N
IND,208,7604,59467,28/03/2021,08:40:16,15,1,18.2,1.0,29.8,29.4,2,1,1.00,CYCLE,S
IND,208,7604,59467,28/03/2021,08:40:19,15,1,17.4,1.0,3.2,3.1,2,1,1.00,CYCLE,S
IND,208,7604,59467,28/03/2021,08:40:32,15,1,12.8,1.0,13.0,12.8,2,1,1.00,CYCLE,S
IND,208,7604,59467,28/03/2021,08:40:46,15,1,17.3,1.1,13.8,13.5,2,1,1.00,CYCLE,S
IND,208,7604,59467,28/03/2021,08:40:46,15,1,18.1,1.1,0.7,0.4,2,1,1.00,CYCLE,S
IND,208,7604,59467,28/03/2021,08:41:02,15,1,26.5,1.0,16.2,15.9,2,1,1.00,CYCLE,S
IND,208,7604,59466,28/03/2021,08:41:13,15,0,29.9,1.0,84.5,84.4,2,1,1.00,CYCLE,N
IND,208,7604,59466,28/03/2021,08:41:15,15,0,29.7,1.0,2.0,1.9,2,1,1.00,CYCLE,N
IND,208,7604,59466,28/03/2021,08:41:44,15,0,38.6,1.0,28.8,28.7,2,1,1.00,CYCLE,N
IND,208,7604,59466,28/03/2021,08:41:49,15,0,30.9,1.0,4.5,4.4,2,1,1.00,CYCLE,N
IND,208,7604,59466,28/03/2021,08:45:09,15,0,36.6,1.0,200.6,200.4,2,1,1.00,CYCLE,N
IND,208,7604,59466,28/03/2021,08:45:42,15,0,34.4,1.0,33.0,32.9,2,1,1.00,CYCLE,N
IND,208,7604,59467,28/03/2021,08:45:53,15,1,16.9,1.0,290.9,290.8,2,1,1.00,CYCLE,S
IND,208,7604,59467,28/03/2021,08:47:15,15,1,18.5,1.0,82.0,81.8,2,1,1.00,CYCLE,S
IND,208,7604,59466,28/03/2021,08:47:24,15,0,31.9,1.2,101.6,101.5,2,1,1.00,CYCLE,N
IND,208,7604,59467,28/03/2021,08:48:14,15,1,12.7,1.0,58.5,58.3,2,1,1.00,CYCLE,S
IND,208,7604,59467,28/03/2021,08:48:44,15,1,22.2,0.9,30.2,29.9,2,1,1.00,CYCLE,S
IND,208,7604,59466,28/03/2021,08:49:32,15,0,36.5,1.0,128.5,128.4,2,1,1.00,CYCLE,N
IND,208,7604,59466,28/03/2021,08:49:34,15,0,35.7,1.0,1.8,1.7,2,1,1.00,CYCLE,N
IND,208,7604,59466,28/03/2021,08:49:46,15,0,34.5,1.0,11.8,11.7,2,1,1.00,CYCLE,N
IND,208,7604,59466,28/03/2021,08:49:47,15,0,32.7,1.0,1.2,1.1,2,1,1.00,CYCLE,N
IND,208,7604,59466,28/03/2021,08:50:23,15,0,33.5,1.0,35.8,35.7,2,1,1.00,CYCLE,N
IND,208,7604,59466,28/03/2021,08:50:33,15,0,40.5,1.0,9.9,9.8,2,1,1.00,CYCLE,N
IND,208,7604,59467,28/03/2021,08:50:38,15,1,21.5,1.0,114.3,114.1,2,1,1.00,CYCLE,S
IND,208,7604,59466,28/03/2021,08:50:45,15,0,30.8,1.0,12.7,12.6,2,1,1.00,CYCLE,N
IND,208,7604,59467,28/03/2021,08:51:11,15,1,14.3,1.2,33.2,33.1,2,1,1.00,CYCLE,S
IND,208,7604,59467,28/03/2021,08:51:26,15,1,17.3,1.0,14.6,14.2,2,1,1.00,CYCLE,S
IND,208,7604,59467,28/03/2021,08:51:32,15,1,19.4,1.0,5.7,5.5,2,1,1.00,CYCLE,S
IND,208,7604,59467,28/03/2021,08:51:34,15,1,18.6,1.0,2.2,2.0,2,1,1.00,CYCLE,S
IND,208,7604,59467,28/03/2021,08:51:35,15,1,17.0,1.1,1.4,1.2,2,1,1.00,CYCLE,S
IND,208,7604,59467,28/03/2021,08:53:47,15,1,15.3,1.0,131.3,131.1,2,1,1.00,CYCLE,S
IND,208,7604,59467,28/03/2021,08:53:47,15,1,15.3,1.0,0.0,0.0,2,1,1.00,CYCLE,S
IND,208,7604,59467,28/03/2021,08:56:15,15,1,20.4,1.0,148.7,148.3,2,1,1.00,CYCLE,S
IND,208,7604,59466,28/03/2021,08:57:49,15,0,36.7,1.0,423.5,423.3,2,1,1.00,CYCLE,N
IND,208,7604,59466,28/03/2021,08:58:05,15,0,33.6,1.0,16.1,16.0,2,1,1.00,CYCLE,N
IND,208,7604,59467,28/03/2021,08:58:19,15,1,19.4,1.0,123.2,123.0,2,1,1.00,CYCLE,S
IND,208,7604,59467,28/03/2021,08:58:38,15,1,23.0,1.0,19.8,19.6,2,1,1.00,CYCLE,S
IND,208,7604,59467,28/03/2021,08:58:39,15,1,21.9,1.0,1.0,0.8,2,1,1.00,CYCLE,S
IND,208,7604,59467,28/03/2021,08:58:42,15,1,19.9,1.1,2.2,2.1,2,1,1.00,CYCLE,S
IND,208,7604,59466,28/03/2021,08:58:56,15,0,29.3,1.0,50.8,50.6,2,1,1.00,CYCLE,N
IND,208,7604,59467,28/03/2021,08:59:49,15,1,16.2,1.0,67.7,67.5,2,1,1.00,CYCLE,S
IND,208,7604,59466,28/03/2021,09:00:16,15,0,33.5,1.1,79.8,79.7,2,1,1.00,CYCLE,N
IND,208,7604,59466,28/03/2021,09:00:16,15,0,17.0,1.1,0.7,0.6,2,1,1.00,CYCLE,N
IND,208,7604,59466,28/03/2021,09:01:09,15,0,36.0,1.1,53.0,52.8,2,1,1.00,CYCLE,N
IND,208,7604,59467,28/03/2021,09:01:13,15,1,20.4,1.0,83.6,83.4,2,1,1.00,CYCLE,S
IND,208,7604,59467,28/03/2021,09:01:13,15,1,21.5,1.0,0.5,0.3,2,1,1.00,CYCLE,S
IND,208,7604,59467,28/03/2021,09:01:43,15,1,19.0,1.0,29.4,29.2,2,1,1.00,CYCLE,S
IND,208,7604,59467,28/03/2021,09:01:54,15,1,9.2,1.1,10.7,10.6,2,1,1.00,CYCLE,S
IND,208,7604,59467,28/03/2021,09:01:54,15,1,9.2,1.0,0.9,0.5,2,1,1.00,CYCLE,S
IND,208,7604,59466,28/03/2021,09:02:59,15,0,22.6,1.0,109.7,109.6,2,1,1.00,CYCLE,N
IND,208,7604,59466,28/03/2021,09:03:00,15,0,26.1,1.0,1.0,0.8,2,1,1.00,CYCLE,N
IND,208,7604,59466,28/03/2021,09:03:01,15,0,29.0,1.0,0.8,0.7,2,1,1.00,CYCLE,N
IND,208,7604,59466,28/03/2021,09:03:09,15,0,22.3,1.0,7.7,7.6,2,1,1.00,CYCLE,N
IND,208,7604,59466,28/03/2021,09:03:19,15,0,35.1,1.1,10.1,9.9,2,1,1.00,CYCLE,N
IND,208,7604,59467,28/03/2021,09:03:24,15,1,14.2,1.1,89.6,89.1,2,1,1.00,CYCLE,S
IND,208,7604,59467,28/03/2021,09:03:30,15,1,19.4,1.0,6.2,5.9,2,1,1.00,CYCLE,S
IND,208,7604,59466,28/03/2021,09:03:33,15,0,29.3,1.0,14.0,13.9,2,1,1.00,CYCLE,N
IND,208,7604,59466,28/03/2021,09:03:34,15,0,31.5,1.1,1.0,0.8,2,1,1.00,CYCLE,N
IND,208,7604,59467,28/03/2021,09:03:42,15,1,17.8,1.1,11.8,11.6,2,1,1.00,CYCLE,S
IND,208,7604,59467,28/03/2021,09:04:06,15,1,17.1,0.9,23.7,23.5,2,1,1.00,CYCLE,S
IND,208,7604,59466,28/03/2021,09:04:18,15,0,37.6,1.0,44.9,44.7,2,1,1.00,CYCLE,N
IND,208,7604,59466,28/03/2021,09:04:20,15,0,38.7,1.0,1.7,1.6,2,1,1.00,CYCLE,N
IND,208,7604,59466,28/03/2021,09:04:23,15,0,44.2,1.1,2.5,2.4,2,1,1.00,CYCLE,N
IND,208,7604,59466,28/03/2021,09:04:25,15,0,39.1,1.0,2.8,2.7,2,1,1.00,CYCLE,N
IND,208,7604,59466,28/03/2021,09:04:27,15,0,39.5,1.0,1.2,1.1,2,1,1.00,CYCLE,N
IND,208,7604,59467,28/03/2021,09:05:21,15,1,20.1,1.0,75.3,75.1,2,1,1.00,CYCLE,S
IND,208,7604,59467,28/03/2021,09:06:56,15,1,17.4,0.9,5.8,4.5,2,1,1.00,CYCLE,S
IND,208,7604,59467,28/03/2021,09:07:41,15,1,22.5,1.0,45.1,44.9,2,1,1.00,CYCLE,S
IND,208,7604,59467,28/03/2021,09:07:42,15,1,20.0,1.1,1.2,1.1,2,1,1.00,CYCLE,S
IND,208,7604,59467,28/03/2021,09:08:11,15,1,16.4,1.0,29.0,28.9,2,1,1.00,CYCLE,S
IND,208,7604,59466,28/03/2021,09:08:52,15,0,38.2,1.0,265.2,265.1,2,1,1.00,CYCLE,N
IND,208,7604,59467,28/03/2021,09:08:56,15,1,19.0,1.1,45.3,45.0,2,1,1.00,CYCLE,S
IND,208,7604,59466,28/03/2021,09:09:19,15,0,37.3,1.0,27.3,27.2,2,1,1.00,CYCLE,N
IND,208,7604,59466,28/03/2021,09:09:20,15,0,37.6,1.1,0.4,0.3,2,1,1.00,CYCLE,N
IND,208,7604,59466,28/03/2021,09:09:36,15,0,31.9,1.2,16.4,16.3,2,1,1.00,CYCLE,N
IND,208,7604,59466,28/03/2021,09:09:37,15,0,30.9,1.1,1.4,1.3,2,1,1.00,CYCLE,N
IND,208,7604,59467,28/03/2021,09:09:52,15,1,19.5,1.0,55.3,55.1,2,1,1.00,CYCLE,S
IND,208,7604,59466,28/03/2021,09:09:55,15,0,39.8,1.0,18.1,18.0,2,1,1.00,CYCLE,N
IND,208,7604,59466,28/03/2021,09:11:04,15,0,38.0,1.1,68.0,68.0,2,1,1.00,CYCLE,N
IND,208,7604,59467,28/03/2021,09:11:38,15,1,21.6,1.0,106.0,105.8,2,1,1.00,CYCLE,S
IND,208,7604,59466,28/03/2021,09:12:21,15,0,29.5,1.2,77.8,77.7,2,1,1.00,CYCLE,N
IND,208,7604,59466,28/03/2021,09:12:24,15,0,29.6,1.1,2.3,2.2,2,1,1.00,CYCLE,N
IND,208,7604,59467,28/03/2021,09:12:54,15,1,19.6,1.0,76.1,76.0,2,1,1.00,CYCLE,S
IND,208,7604,59467,28/03/2021,09:14:21,15,1,20.3,1.0,87.4,87.2,2,1,1.00,CYCLE,S
IND,208,7604,59467,28/03/2021,09:15:21,15,1,17.4,1.0,31.8,31.4,2,1,1.00,CYCLE,S
IND,208,7604,59467,28/03/2021,09:16:00,15,1,11.2,1.1,38.3,38.2,2,1,1.00,CYCLE,S
IND,208,7604,59467,28/03/2021,09:17:12,15,1,14.9,1.0,72.5,72.2,2,1,1.00,CYCLE,S
IND,208,7604,59466,28/03/2021,09:17:19,15,0,21.8,1.0,295.1,295.0,2,1,1.00,CYCLE,N
IND,208,7604,59466,28/03/2021,09:17:19,15,0,22.8,1.0,0.5,0.3,2,1,1.00,CYCLE,N
IND,208,7604,59466,28/03/2021,09:17:21,15,0,26.9,1.0,1.9,1.7,2,1,1.00,CYCLE,N
IND,208,7604,59467,28/03/2021,09:18:44,15,1,18.0,1.0,92.0,91.7,2,1,1.00,CYCLE,S
IND,208,7604,59467,28/03/2021,09:18:49,15,1,21.2,1.0,4.5,4.3,2,1,1.00,CYCLE,S
IND,208,7604,59466,28/03/2021,09:19:41,15,0,31.8,1.0,140.2,140.0,2,1,1.00,CYCLE,N
IND,208,7604,59467,28/03/2021,09:22:04,15,1,26.2,1.0,172.9,172.6,2,1,1.00,CYCLE,S
IND,208,7604,59466,28/03/2021,09:22:17,15,0,32.0,1.1,155.6,155.5,2,1,1.00,CYCLE,N
IND,208,7604,59466,28/03/2021,09:22:19,15,0,33.1,1.1,1.8,1.6,2,1,1.00,CYCLE,N
IND,208,7604,59466,28/03/2021,09:22:20,15,0,34.3,1.0,1.0,0.9,2,1,1.00,CYCLE,N
IND,208,7604,59467,28/03/2021,09:23:01,15,1,25.2,1.0,57.1,57.0,2,1,1.00,CYCLE,S
IND,208,7604,59466,28/03/2021,09:23:58,15,0,36.2,1.0,98.2,98.1,2,1,1.00,CYCLE,N
IND,208,7604,59467,28/03/2021,09:24:08,15,1,20.2,1.0,66.8,66.7,2,1,1.00,CYCLE,S
IND,208,7604,59467,28/03/2021,09:24:19,15,1,8.7,1.0,11.5,11.4,2,1,1.00,CYCLE,S
IND,208,7604,59467,28/03/2021,09:24:32,15,1,10.8,1.1,12.5,12.0,2,1,1.00,CYCLE,S
IND,208,7604,59467,28/03/2021,09:24:43,15,1,10.0,1.0,10.9,10.6,2,1,1.00,CYCLE,S
IND,208,7604,59467,28/03/2021,09:24:44,15,1,10.8,1.0,1.6,1.3,2,1,1.00,CYCLE,S
IND,208,7604,59466,28/03/2021,09:25:07,15,0,13.8,1.1,41.6,41.4,2,1,1.00,CYCLE,N
IND,208,7604,59466,28/03/2021,09:25:12,15,0,9.9,1.1,4.8,4.5,2,1,1.00,CYCLE,N
IND,208,7604,59466,28/03/2021,09:26:01,15,0,20.1,1.1,19.0,18.7,2,1,1.00,CYCLE,N
IND,208,7604,59466,28/03/2021,09:26:10,15,0,13.7,1.1,9.5,9.3,2,1,1.00,CYCLE,N
IND,208,7604,59466,28/03/2021,09:27:57,15,0,34.8,1.1,107.0,106.7,2,1,1.00,CYCLE,N
IND,208,7604,59467,28/03/2021,09:28:06,15,1,18.4,1.0,202.2,201.8,2,1,1.00,CYCLE,S
IND,208,7604,59467,28/03/2021,09:28:07,15,1,19.0,1.1,0.4,0.2,2,1,1.00,CYCLE,S
IND,208,7604,59467,28/03/2021,09:28:08,15,1,19.4,1.1,1.4,1.2,2,1,1.00,CYCLE,S
IND,208,7604,59466,28/03/2021,09:28:12,15,0,34.9,1.0,15.3,15.2,2,1,1.00,CYCLE,N
IND,208,7604,59467,28/03/2021,09:29:24,15,1,16.3,1.0,76.0,75.8,2,1,0.91,CYCLE,S
IND,208,7604,59467,28/03/2021,09:29:24,15,1,16.3,1.0,0.0,0.0,2,1,0.91,CYCLE,S
IND,208,7604,59466,28/03/2021,09:29:48,15,0,40.4,1.0,96.0,95.9,2,1,1.00,CYCLE,N
IND,208,7604,59466,28/03/2021,09:29:51,15,0,37.8,1.0,2.9,2.8,2,1,1.00,CYCLE,N
IND,208,7604,59466,28/03/2021,09:29:52,15,0,39.0,1.0,0.8,0.7,2,1,1.00,CYCLE,N
IND,208,7604,59467,28/03/2021,09:30:04,15,1,16.4,1.0,39.7,39.2,2,1,1.00,CYCLE,S
IND,208,7604,59466,28/03/2021,09:30:06,15,0,28.1,1.0,13.6,13.5,2,1,1.00,CYCLE,N
IND,208,7604,59466,28/03/2021,09:30:06,15,0,29.6,1.0,0.3,0.2,2,1,1.00,CYCLE,N
IND,208,7604,59466,28/03/2021,09:30:42,15,0,31.9,1.1,36.3,36.2,2,1,1.00,CYCLE,N
IND,208,7604,59467,28/03/2021,09:31:48,15,1,19.1,1.1,103.7,103.5,2,1,1.00,CYCLE,S
IND,208,7604,59467,28/03/2021,09:31:49,15,1,19.4,1.1,0.9,0.7,2,1,1.00,CYCLE,S
IND,208,7604,59467,28/03/2021,09:32:11,15,1,22.2,1.0,22.2,22.0,2,1,1.00,CYCLE,S
IND,208,7604,59467,28/03/2021,09:32:16,15,1,24.4,1.0,5.1,4.9,2,1,1.00,CYCLE,S
IND,208,7604,59466,28/03/2021,09:35:07,15,0,25.8,1.1,264.6,264.5,2,1,1.00,CYCLE,N
IND,208,7604,59466,28/03/2021,09:35:09,15,0,23.4,1.1,1.9,1.7,2,1,1.00,CYCLE,N
IND,208,7604,59466,28/03/2021,09:35:15,15,0,39.1,1.0,6.0,5.8,2,1,1.00,CYCLE,N
IND,208,7604,59466,28/03/2021,09:35:21,15,0,27.5,1.1,6.5,6.4,2,1,1.00,CYCLE,N
IND,208,7604,59467,28/03/2021,09:36:13,15,1,10.7,1.0,237.2,237.1,2,1,1.00,CYCLE,S
IND,208,7604,59467,28/03/2021,09:36:44,15,1,16.7,1.0,30.6,30.2,2,1,1.00,CYCLE,S
IND,208,7604,59467,28/03/2021,09:36:45,15,1,17.5,1.0,1.1,0.9,2,1,1.00,CYCLE,S
IND,208,7604,59466,28/03/2021,09:36:58,15,0,22.0,1.0,96.4,96.3,2,1,1.00,CYCLE,N
IND,208,7604,59466,28/03/2021,09:39:09,15,0,30.0,1.0,22.0,21.7,2,1,1.00,CYCLE,N
IND,208,7604,59466,28/03/2021,09:39:20,15,0,36.9,1.0,11.1,11.0,2,1,1.00,CYCLE,N
IND,208,7604,59466,28/03/2021,09:39:21,15,0,33.4,1.1,0.8,0.7,2,1,1.00,CYCLE,N
IND,208,7604,59466,28/03/2021,09:39:27,15,0,26.9,1.0,5.7,5.6,2,1,1.00,CYCLE,N
IND,208,7604,59466,28/03/2021,09:39:28,15,0,23.5,1.1,1.7,1.6,2,1,1.00,CYCLE,N
IND,208,7604,59466,28/03/2021,09:39:43,15,0,35.4,1.0,14.5,14.3,2,1,1.00,CYCLE,N
IND,208,7604,59466,28/03/2021,09:42:55,15,0,37.3,1.0,192.1,192.0,2,1,1.00,CYCLE,N
IND,208,7604,59467,28/03/2021,09:42:59,15,1,21.2,1.0,5.8,5.4,2,1,1.00,CYCLE,S
IND,208,7604,59467,28/03/2021,09:43:10,15,1,19.5,1.0,11.9,11.7,2,1,1.00,CYCLE,S
IND,208,7604,59466,28/03/2021,09:43:18,15,0,26.4,1.0,23.0,22.9,2,1,1.00,CYCLE,N
IND,208,7604,59466,28/03/2021,09:43:29,15,0,38.0,1.1,9.2,8.9,2,1,1.00,CYCLE,N
IND,208,7604,59466,28/03/2021,09:43:30,15,0,37.0,1.0,1.2,1.1,2,1,1.00,CYCLE,N
IND,208,7604,59467,28/03/2021,09:44:05,15,1,23.7,1.0,54.4,54.2,2,1,1.00,CYCLE,S
IND,208,7604,59467,28/03/2021,09:44:13,15,1,20.0,1.0,7.8,7.7,2,1,1.00,CYCLE,S
IND,208,7604,59467,28/03/2021,09:44:34,15,1,16.7,1.0,21.4,21.3,2,1,1.00,CYCLE,S
IND,208,7604,59467,28/03/2021,09:44:53,15,1,16.8,1.1,19.3,19.1,2,1,1.00,CYCLE,S
IND,208,7604,59467,28/03/2021,09:44:59,15,1,25.1,1.0,5.2,5.0,2,1,1.00,CYCLE,S
IND,208,7604,59466,28/03/2021,09:45:50,15,0,33.4,1.1,140.4,140.3,2,1,1.00,CYCLE,N
IND,208,7604,59466,28/03/2021,09:45:52,15,0,33.7,1.0,1.5,1.4,2,1,1.00,CYCLE,N
IND,208,7604,59467,28/03/2021,09:45:55,15,1,17.5,1.0,56.3,56.2,2,1,1.00,CYCLE,S
IND,208,7604,59467,28/03/2021,09:46:00,15,1,16.4,1.0,5.0,4.8,2,1,1.00,CYCLE,S
IND,208,7604,59467,28/03/2021,09:46:00,15,1,16.7,1.1,0.7,0.4,2,1,1.00,CYCLE,S
IND,208,7604,59467,28/03/2021,09:47:03,15,1,20.6,1.1,62.8,62.5,2,1,1.00,CYCLE,S
IND,208,7604,59467,28/03/2021,09:47:04,15,1,20.3,1.1,0.5,0.3,2,1,1.00,CYCLE,S
IND,208,7604,59466,28/03/2021,09:48:34,15,0,42.8,1.0,162.3,162.2,2,1,1.00,CYCLE,N
IND,208,7604,59466,28/03/2021,09:49:27,15,0,29.1,1.0,52.7,52.6,2,1,1.00,CYCLE,N
IND,208,7604,59467,28/03/2021,09:50:20,15,1,14.6,1.0,195.8,195.6,2,1,0.80,CYCLE,S
IND,208,7604,59467,28/03/2021,09:50:39,15,1,15.4,1.0,19.1,18.8,2,1,1.00,CYCLE,S
IND,208,7604,59467,28/03/2021,09:50:39,15,1,16.4,1.0,0.7,0.5,2,1,1.00,CYCLE,S
IND,208,7604,59467,28/03/2021,09:50:48,15,1,21.5,1.0,9.0,8.7,2,1,1.00,CYCLE,S
IND,208,7604,59466,28/03/2021,09:50:51,15,0,21.7,1.0,83.7,83.5,2,1,1.00,CYCLE,N
IND,208,7604,59466,28/03/2021,09:50:59,15,0,42.9,1.0,8.3,8.2,2,1,1.00,CYCLE,N
IND,208,7604,59467,28/03/2021,09:51:01,15,1,19.4,1.0,13.2,13.0,2,1,1.00,CYCLE,S
IND,208,7604,59467,28/03/2021,09:51:16,15,1,24.6,1.1,14.6,14.4,2,1,1.00,CYCLE,S
IND,208,7604,59466,28/03/2021,09:51:18,15,0,30.1,1.0,18.7,18.6,2,1,1.00,CYCLE,N
IND,208,7604,59467,28/03/2021,09:51:19,15,1,13.2,1.1,3.1,3.0,2,1,1.00,CYCLE,S
IND,208,7604,59466,28/03/2021,09:51:28,15,0,36.4,1.1,9.8,9.6,2,1,1.00,CYCLE,N
IND,208,7604,59466,28/03/2021,09:51:34,15,0,33.1,1.0,6.3,6.2,2,1,1.00,CYCLE,N
IND,208,7604,59467,28/03/2021,09:52:32,15,1,16.7,1.0,72.8,72.5,2,1,1.00,CYCLE,S
IND,208,7604,59466,28/03/2021,09:52:48,15,0,34.8,1.1,74.0,73.8,2,1,1.00,CYCLE,N
IND,208,7604,59466,28/03/2021,09:52:50,15,0,38.3,1.0,1.8,1.7,2,1,1.00,CYCLE,N
IND,208,7604,59466,28/03/2021,09:52:53,15,0,36.5,1.1,3.5,3.4,2,1,1.00,CYCLE,N
IND,208,7604,59466,28/03/2021,09:52:56,15,0,34.3,1.0,3.2,3.1,2,1,1.00,CYCLE,N
IND,208,7604,59466,28/03/2021,09:52:58,15,0,38.7,1.0,1.6,1.5,2,1,1.00,CYCLE,N
IND,208,7604,59466,28/03/2021,09:53:11,15,0,27.0,1.1,13.0,12.9,2,1,1.00,CYCLE,N
IND,208,7604,59466,28/03/2021,09:53:12,15,0,28.2,1.1,0.9,0.7,2,1,1.00,CYCLE,N
IND,208,7604,59467,28/03/2021,09:53:12,15,1,20.1,1.0,40.4,40.2,2,1,1.00,CYCLE,S
IND,208,7604,59467,28/03/2021,09:54:48,15,1,17.0,1.1,95.4,95.3,2,1,1.00,CYCLE,S
IND,208,7604,59467,28/03/2021,09:54:50,15,1,16.1,1.0,2.2,2.0,2,1,1.00,CYCLE,S
IND,208,7604,59466,28/03/2021,09:56:14,15,0,36.8,1.0,181.9,181.7,2,1,1.00,CYCLE,N
IND,208,7604,59467,28/03/2021,09:56:23,15,1,9.1,1.0,92.5,92.4,2,1,1.00,CYCLE,S
IND,208,7604,59467,28/03/2021,09:56:24,15,1,15.9,1.1,1.0,0.6,2,1,1.00,CYCLE,S
IND,208,7604,59467,28/03/2021,09:56:26,15,1,17.8,1.0,2.6,2.4,2,1,1.00,CYCLE,S
IND,208,7604,59466,28/03/2021,09:56:32,15,0,27.5,1.0,18.4,18.3,2,1,1.00,CYCLE,N
IND,208,7604,59467,28/03/2021,09:56:37,15,1,16.3,1.1,11.3,11.1,2,1,1.00,CYCLE,S
IND,208,7604,59467,28/03/2021,09:57:24,15,1,23.2,1.1,46.2,45.9,2,1,1.00,CYCLE,S
IND,208,7604,59467,28/03/2021,09:57:27,15,1,24.4,1.0,3.5,3.4,2,1,1.00,CYCLE,S
IND,208,7604,59466,28/03/2021,09:57:35,15,0,15.3,1.1,63.2,63.0,2,1,1.00,CYCLE,N
IND,208,7604,59466,28/03/2021,09:57:52,15,0,35.4,1.1,17.3,17.0,2,1,1.00,CYCLE,N
IND,208,7604,59466,28/03/2021,09:58:00,15,0,40.6,1.0,7.7,7.6,2,1,1.00,CYCLE,N
IND,208,7604,59467,28/03/2021,09:59:29,15,1,15.7,1.0,122.3,122.2,2,1,1.00,CYCLE,S
IND,208,7604,59466,28/03/2021,09:59:51,15,0,31.8,1.1,110.4,110.3,2,1,1.00,CYCLE,N
IND,208,7604,59466,28/03/2021,10:00:56,15,0,37.7,1.0,65.5,65.4,2,1,1.00,CYCLE,N
IND,208,7604,59467,28/03/2021,10:02:12,15,1,12.4,1.0,48.9,48.3,2,1,1.00,CYCLE,S
IND,208,7604,59467,28/03/2021,10:02:12,15,1,12.4,1.0,0.0,0.0,2,1,1.00,CYCLE,S
IND,208,7604,59467,28/03/2021,10:06:15,15,1,22.1,1.0,242.9,242.2,2,1,1.00,CYCLE,S
IND,208,7604,59467,28/03/2021,10:06:36,15,1,16.4,1.0,21.4,21.2,2,1,1.00,CYCLE,S
IND,208,7604,59467,28/03/2021,10:08:15,15,1,15.6,1.2,98.8,98.6,2,1,1.00,CYCLE,S
IND,208,7604,59467,28/03/2021,10:08:50,15,1,15.5,0.9,35.0,34.8,2,1,1.00,CYCLE,S
IND,208,7604,59467,28/03/2021,10:08:51,15,1,13.0,1.1,0.9,0.7,2,1,1.00,CYCLE,S
IND,208,7604,59467,28/03/2021,10:08:52,15,1,12.4,1.0,0.8,0.6,2,1,1.00,CYCLE,S
IND,208,7604,59467,28/03/2021,10:08:53,15,1,12.6,1.0,0.7,0.5,2,1,1.00,CYCLE,S
IND,208,7604,59467,28/03/2021,10:08:56,15,1,13.0,1.0,3.2,2.9,2,1,1.00,CYCLE,S
IND,208,7604,59467,28/03/2021,10:08:57,15,1,13.5,1.0,1.6,1.3,2,1,1.00,CYCLE,S
IND,208,7604,59467,28/03/2021,10:09:00,15,1,11.8,1.0,2.1,1.8,2,1,1.00,CYCLE,S
IND,208,7604,59466,28/03/2021,10:09:52,15,0,35.3,1.0,536.2,536.1,2,1,1.00,CYCLE,N
IND,208,7604,59467,28/03/2021,10:11:17,15,1,21.9,1.0,137.4,137.1,2,1,1.00,CYCLE,S
IND,208,7604,59467,28/03/2021,10:11:38,15,1,15.1,1.0,21.3,21.2,2,1,1.00,CYCLE,S
IND,208,7604,59466,28/03/2021,10:11:58,15,0,35.0,1.0,125.5,125.4,2,1,1.00,CYCLE,N
IND,208,7604,59466,28/03/2021,10:11:59,15,0,35.7,1.0,0.8,0.7,2,1,1.00,CYCLE,N
IND,208,7604,59466,28/03/2021,10:12:00,15,0,38.9,1.1,1.2,1.1,2,1,1.00,CYCLE,N
IND,208,7604,59467,28/03/2021,10:12:10,15,1,14.6,1.0,32.1,31.9,2,1,1.00,CYCLE,S
IND,208,7604,59467,28/03/2021,10:12:11,15,1,17.5,1.0,0.8,0.6,2,1,1.00,CYCLE,S
IND,208,7604,59466,28/03/2021,10:14:07,15,0,33.6,1.0,127.3,127.2,2,1,1.00,CYCLE,N
IND,208,7604,59466,28/03/2021,10:14:37,15,0,27.1,1.0,30.1,30.0,2,1,1.00,CYCLE,N
IND,208,7604,59466,28/03/2021,10:14:40,15,0,25.3,1.0,2.4,2.2,2,1,1.00,CYCLE,N
IND,208,7604,59466,28/03/2021,10:14:44,15,0,34.9,1.0,4.1,3.9,2,1,1.00,CYCLE,N
IND,208,7604,59466,28/03/2021,10:14:45,15,0,33.2,1.0,1.1,1.0,2,1,1.00,CYCLE,N
IND,208,7604,59466,28/03/2021,10:14:46,15,0,35.7,1.1,1.7,1.6,2,1,1.00,CYCLE,N
IND,208,7604,59467,28/03/2021,10:15:54,15,1,17.1,1.0,87.3,87.1,2,1,1.00,CYCLE,S
IND,208,7604,59467,28/03/2021,10:16:03,15,1,13.5,1.0,9.6,9.4,2,1,1.00,CYCLE,S
IND,208,7604,59466,28/03/2021,10:17:23,15,0,19.0,1.1,156.3,156.2,2,1,1.00,CYCLE,N
IND,208,7604,59467,28/03/2021,10:17:27,15,1,18.0,1.1,83.8,83.5,2,1,1.00,CYCLE,S
IND,208,7604,59467,28/03/2021,10:17:29,15,1,17.2,1.0,1.5,1.3,2,1,1.00,CYCLE,S
IND,208,7604,59467,28/03/2021,10:17:58,15,1,9.5,1.1,1.6,1.2,2,1,1.00,CYCLE,S
IND,208,7604,59467,28/03/2021,10:19:11,15,1,15.2,1.0,72.8,72.3,2,1,1.00,CYCLE,S
IND,208,7604,59467,28/03/2021,10:19:13,15,1,16.8,1.1,2.6,2.3,2,1,1.00,CYCLE,S
IND,208,7604,59467,28/03/2021,10:19:15,15,1,17.5,1.0,1.9,1.7,2,1,1.00,CYCLE,S
IND,208,7604,59467,28/03/2021,10:19:16,15,1,18.6,1.0,0.8,0.6,2,1,1.00,CYCLE,S
IND,208,7604,59466,28/03/2021,10:20:03,15,0,33.8,1.1,160.2,160.0,2,1,1.00,CYCLE,N
IND,208,7604,59466,28/03/2021,10:20:08,15,0,29.1,1.1,4.8,4.7,2,1,1.00,CYCLE,N
IND,208,7604,59466,28/03/2021,10:23:20,15,0,40.6,1.0,192.3,192.2,2,1,1.00,CYCLE,N
IND,208,7604,59467,28/03/2021,10:23:56,15,1,17.1,1.0,280.3,280.1,2,1,1.00,CYCLE,S
IND,208,7604,59467,28/03/2021,10:24:32,15,1,16.9,1.1,36.0,35.8,2,1,1.00,CYCLE,S
IND,208,7604,59466,28/03/2021,10:24:34,15,0,35.3,1.1,74.1,74.0,2,1,1.00,CYCLE,N
IND,208,7604,59466,28/03/2021,10:24:35,15,0,38.0,1.0,0.8,0.7,2,1,1.00,CYCLE,N
IND,208,7604,59466,28/03/2021,10:24:41,15,0,33.0,1.1,6.5,6.4,2,1,1.00,CYCLE,N
IND,208,7604,59466,28/03/2021,10:24:50,15,0,36.4,1.0,8.9,8.8,2,1,1.00,CYCLE,N
IND,208,7604,59466,28/03/2021,10:24:53,15,0,36.5,1.0,2.7,2.6,2,1,1.00,CYCLE,N
IND,208,7604,59466,28/03/2021,10:26:09,15,0,35.4,1.1,76.1,76.0,2,1,1.00,CYCLE,N
IND,208,7604,59467,28/03/2021,10:26:31,15,1,14.9,1.2,118.5,118.3,2,1,1.00,CYCLE,S
IND,208,7604,59466,28/03/2021,10:26:44,15,0,25.9,1.0,34.4,34.3,2,1,1.00,CYCLE,N
IND,208,7604,59466,28/03/2021,10:29:58,15,0,42.7,1.0,194.3,194.2,2,1,1.00,CYCLE,N
IND,208,7604,59467,28/03/2021,10:30:40,15,1,21.7,1.1,248.7,248.4,2,1,1.00,CYCLE,S
IND,208,7604,59467,28/03/2021,10:31:50,15,1,17.9,1.1,70.9,70.7,2,1,1.00,CYCLE,S
IND,208,7604,59466,28/03/2021,10:31:57,15,0,35.3,1.0,119.3,119.2,2,1,1.00,CYCLE,N
IND,208,7604,59467,28/03/2021,10:32:33,15,1,6.0,1.0,42.5,42.2,2,1,0.40,CYCLE,S
IND,208,7604,59466,28/03/2021,10:33:10,15,0,28.4,1.0,72.6,72.5,2,1,1.00,CYCLE,N
IND,208,7604,59466,28/03/2021,10:33:10,15,0,28.2,1.0,0.7,0.6,2,1,1.00,CYCLE,N
IND,208,7604,59467,28/03/2021,10:33:21,15,1,18.8,1.1,47.6,45.4,2,1,1.00,CYCLE,S
IND,208,7604,59466,28/03/2021,10:33:43,15,0,38.1,1.0,32.4,32.2,2,1,1.00,CYCLE,N
IND,208,7604,59467,28/03/2021,10:34:15,15,1,18.6,1.0,54.7,54.5,2,1,1.00,CYCLE,S
IND,208,7604,59466,28/03/2021,10:34:29,15,0,33.3,1.0,46.3,46.2,2,1,1.00,CYCLE,N
IND,208,7604,59467,28/03/2021,10:34:56,15,1,16.2,1.0,40.9,40.7,2,1,1.00,CYCLE,S
IND,208,7604,59466,28/03/2021,10:35:00,15,0,36.6,1.0,31.2,31.1,2,1,1.00,CYCLE,N
IND,208,7604,59467,28/03/2021,10:35:01,15,1,22.6,1.0,4.6,4.3,2,1,1.00,CYCLE,S
IND,208,7604,59466,28/03/2021,10:35:01,15,0,34.9,1.0,0.9,0.8,2,1,1.00,CYCLE,N
IND,208,7604,59467,28/03/2021,10:35:02,15,1,23.7,1.0,0.8,0.7,2,1,1.00,CYCLE,S
IND,208,7604,59467,28/03/2021,10:35:35,15,1,14.3,1.0,33.0,32.9,2,1,1.00,CYCLE,S
IND,208,7604,59467,28/03/2021,10:35:37,15,1,13.0,1.1,2.3,2.1,2,1,1.00,CYCLE,S
IND,208,7604,59467,28/03/2021,10:35:40,15,1,11.8,1.0,2.8,2.5,2,1,1.00,CYCLE,S
IND,208,7604,59466,28/03/2021,10:35:55,15,0,23.5,1.0,54.0,53.9,2,1,1.00,CYCLE,N
IND,208,7604,59467,28/03/2021,10:36:20,15,1,15.7,1.0,40.7,40.4,2,1,1.00,CYCLE,S
IND,208,7604,59467,28/03/2021,10:37:09,15,1,11.5,1.1,48.2,48.0,2,1,1.00,CYCLE,S
IND,208,7604,59467,28/03/2021,10:39:38,15,1,17.2,1.0,149.0,148.6,2,1,1.00,CYCLE,S
IND,208,7604,59467,28/03/2021,10:39:47,15,1,17.6,1.0,9.3,9.1,2,1,1.00,CYCLE,S
IND,208,7604,59467,28/03/2021,10:39:47,15,1,17.7,1.0,0.5,0.2,2,1,1.00,CYCLE,S
IND,208,7604,59466,28/03/2021,10:40:45,15,0,37.3,1.1,75.4,75.4,2,1,1.00,CYCLE,N
IND,208,7604,59466,28/03/2021,10:42:16,15,0,29.3,1.0,91.1,91.0,2,1,1.00,CYCLE,N
IND,208,7604,59467,28/03/2021,10:42:32,15,1,8.5,0.9,164.5,164.3,2,1,1.00,CYCLE,S
IND,208,7604,59467,28/03/2021,10:42:34,15,1,11.4,1.0,2.0,1.5,2,1,1.00,CYCLE,S
IND,208,7604,59466,28/03/2021,10:42:49,15,0,25.2,1.0,32.9,32.7,2,1,1.00,CYCLE,N
IND,208,7604,59467,28/03/2021,10:43:06,15,1,15.4,1.1,32.1,31.7,2,1,1.00,CYCLE,S
IND,208,7604,59467,28/03/2021,10:43:10,15,1,23.6,1.0,4.1,3.8,2,1,1.00,CYCLE,S
IND,208,7604,59467,28/03/2021,10:43:44,15,1,19.9,1.0,33.9,33.7,2,1,1.00,CYCLE,S
IND,208,7604,59467,28/03/2021,10:43:59,15,1,12.8,1.0,14.7,14.5,2,1,1.00,CYCLE,S
IND,208,7604,59467,28/03/2021,10:45:23,15,1,22.0,1.0,84.4,84.1,2,1,1.00,CYCLE,S
IND,208,7604,59466,28/03/2021,10:45:34,15,0,39.9,1.0,165.9,165.7,2,1,1.00,CYCLE,N
IND,208,7604,59467,28/03/2021,10:49:39,15,1,19.3,1.0,255.8,255.6,2,1,1.00,CYCLE,S
IND,208,7604,59466,28/03/2021,10:49:50,15,0,25.1,1.1,256.0,256.0,2,1,1.00,CYCLE,N
IND,208,7604,59466,28/03/2021,10:49:51,15,0,25.2,1.1,0.3,0.1,2,1,1.00,CYCLE,N
IND,208,7604,59467,28/03/2021,10:50:08,15,1,13.3,1.0,29.6,29.4,2,1,1.00,CYCLE,S
IND,208,7604,59467,28/03/2021,10:50:42,15,1,18.8,1.1,34.1,33.8,2,1,1.00,CYCLE,S
IND,208,7604,59467,28/03/2021,10:50:47,15,1,17.8,1.1,5.1,4.9,2,1,1.00,CYCLE,S
IND,208,7604,59467,28/03/2021,10:52:00,15,1,10.3,1.0,72.9,72.8,2,1,1.00,CYCLE,S
IND,208,7604,59467,28/03/2021,10:53:07,15,1,21.7,1.1,66.8,66.3,2,1,1.00,CYCLE,S
IND,208,7604,59467,28/03/2021,10:53:52,15,1,1.3,0.4,45.2,46.0,2,1,0.80,CYCLE,S
IND,208,7604,59466,28/03/2021,10:54:33,15,0,40.5,1.0,282.7,282.6,2,1,1.00,CYCLE,N
IND,208,7604,59466,28/03/2021,10:54:46,15,0,32.6,1.1,12.2,12.2,2,1,1.00,CYCLE,N
IND,208,7604,59466,28/03/2021,10:54:47,15,0,31.9,1.1,1.7,1.6,2,1,1.00,CYCLE,N
IND,208,7604,59466,28/03/2021,10:54:54,15,0,28.8,1.2,6.2,6.1,2,1,1.00,CYCLE,N
IND,208,7604,59467,28/03/2021,10:55:15,15,1,10.9,1.1,82.5,81.6,2,1,1.00,CYCLE,S
IND,208,7604,59467,28/03/2021,10:55:58,15,1,28.6,1.0,43.1,42.7,2,1,1.00,CYCLE,S
IND,208,7604,59466,28/03/2021,10:56:25,15,0,39.2,1.1,91.3,91.2,2,1,1.00,CYCLE,N
IND,208,7604,59466,28/03/2021,10:56:50,15,0,24.9,1.1,24.6,24.5,2,1,1.00,CYCLE,N
IND,208,7604,59466,28/03/2021,10:58:56,15,0,36.2,1.0,126.0,125.8,2,1,1.00,CYCLE,N
IND,208,7604,59467,28/03/2021,11:00:12,15,1,12.5,1.1,253.9,253.8,2,1,1.00,CYCLE,S
IND,208,7604,59467,28/03/2021,11:00:15,15,1,11.5,1.1,2.7,2.4,2,1,1.00,CYCLE,S
IND,208,7604,59466,28/03/2021,11:00:32,15,0,40.5,1.0,96.3,96.2,2,1,1.00,CYCLE,N
IND,208,7604,59466,28/03/2021,11:00:48,15,0,38.1,1.0,16.4,16.3,2,1,1.00,CYCLE,N
IND,208,7604,59467,28/03/2021,11:01:06,15,1,12.0,1.0,51.0,50.7,2,1,1.00,CYCLE,S
IND,208,7604,59466,28/03/2021,11:01:40,15,0,39.1,1.0,51.7,51.6,2,1,1.00,CYCLE,N
IND,208,7604,59466,28/03/2021,11:02:57,15,0,35.3,1.0,77.5,77.4,2,1,1.00,CYCLE,N
IND,208,7604,59466,28/03/2021,11:02:59,15,0,33.7,1.1,1.4,1.3,2,1,1.00,CYCLE,N
IND,208,7604,59466,28/03/2021,11:03:43,15,0,40.9,1.0,43.9,43.7,2,1,1.00,CYCLE,N
IND,208,7604,59467,28/03/2021,11:04:16,15,1,20.2,1.0,190.4,190.0,2,1,1.00,CYCLE,S
IND,208,7604,59467,28/03/2021,11:04:17,15,1,20.2,1.0,1.3,1.2,2,1,1.00,CYCLE,S
IND,208,7604,59467,28/03/2021,11:05:29,15,1,12.3,1.1,71.6,71.5,2,1,1.00,CYCLE,S
IND,208,7604,59467,28/03/2021,11:05:31,15,1,23.2,1.0,2.1,1.7,2,1,1.00,CYCLE,S
IND,208,7604,59467,28/03/2021,11:05:32,15,1,23.5,1.0,0.4,0.3,2,1,1.00,CYCLE,S
IND,208,7604,59467,28/03/2021,11:05:33,15,1,20.8,1.0,1.4,1.2,2,1,1.00,CYCLE,S
IND,208,7604,59466,28/03/2021,11:05:51,15,0,29.9,1.1,128.3,128.3,2,1,1.00,CYCLE,N
IND,208,7604,59466,28/03/2021,11:05:57,15,0,35.4,1.1,6.0,5.8,2,1,1.00,CYCLE,N
IND,208,7604,59466,28/03/2021,11:06:32,15,0,38.7,1.0,35.5,35.4,2,1,1.00,CYCLE,N
IND,208,7604,59466,28/03/2021,11:06:53,15,0,42.4,1.1,20.4,20.3,2,1,1.00,CYCLE,N
IND,208,7604,59466,28/03/2021,11:06:55,15,0,31.7,1.1,1.7,1.6,2,1,1.00,CYCLE,N
IND,208,7604,59467,28/03/2021,11:07:08,15,1,18.5,1.0,95.3,95.1,2,1,0.50,CYCLE,S
IND,208,7604,59466,28/03/2021,11:07:08,15,0,18.5,1.0,0.0,0.0,2,1,0.50,CYCLE,N
IND,208,7604,59466,28/03/2021,11:09:06,15,0,39.6,1.1,131.4,131.3,2,1,1.00,CYCLE,N
IND,208,7604,59466,28/03/2021,11:10:10,15,0,38.3,1.0,63.9,63.8,2,1,1.00,CYCLE,N
IND,208,7604,59467,28/03/2021,11:10:25,15,1,23.7,1.0,196.4,196.0,2,1,1.00,CYCLE,S
IND,208,7604,59467,28/03/2021,11:11:11,15,1,20.4,1.1,46.4,46.2,2,1,1.00,CYCLE,S
IND,208,7604,59467,28/03/2021,11:11:14,15,1,19.3,1.0,3.0,2.9,2,1,1.00,CYCLE,S
IND,208,7604,59467,28/03/2021,11:11:28,15,1,19.4,1.0,13.6,13.4,2,1,1.00,CYCLE,S
IND,208,7604,59466,28/03/2021,11:11:30,15,0,30.4,1.0,80.3,80.2,2,1,1.00,CYCLE,N
IND,208,7604,59466,28/03/2021,11:12:41,15,0,36.7,1.0,65.5,65.4,2,1,1.00,CYCLE,N
IND,208,7604,59467,28/03/2021,11:13:33,15,1,19.7,1.0,125.1,125.0,2,1,1.00,CYCLE,S
IND,208,7604,59467,28/03/2021,11:13:50,15,1,17.8,1.0,17.3,17.2,2,1,1.00,CYCLE,S
IND,208,7604,59467,28/03/2021,11:13:50,15,1,17.8,1.0,0.0,0.0,2,1,1.00,CYCLE,S
IND,208,7604,59466,28/03/2021,11:15:16,15,0,33.8,1.0,155.5,155.4,2,1,1.00,CYCLE,N
IND,208,7604,59467,28/03/2021,11:15:40,15,1,20.2,1.0,110.3,109.9,2,1,1.00,CYCLE,S
IND,208,7604,59466,28/03/2021,11:16:26,15,0,30.6,1.0,69.3,69.2,2,1,1.00,CYCLE,N
IND,208,7604,59466,28/03/2021,11:16:26,15,0,31.6,1.1,0.6,0.5,2,1,1.00,CYCLE,N
IND,208,7604,59466,28/03/2021,11:17:06,15,0,41.0,1.0,39.5,39.4,2,1,1.00,CYCLE,N
IND,208,7604,59466,28/03/2021,11:21:11,15,0,38.4,1.0,245.5,245.4,2,1,1.00,CYCLE,N
IND,208,7604,59466,28/03/2021,11:21:26,15,0,36.7,1.2,15.0,14.9,2,1,1.00,CYCLE,N
IND,208,7604,59467,28/03/2021,11:21:28,15,1,19.7,1.0,347.1,346.9,2,1,1.00,CYCLE,S
IND,208,7604,59467,28/03/2021,11:21:32,15,1,19.0,1.0,4.3,4.1,2,1,1.00,CYCLE,S
IND,208,7604,59467,28/03/2021,11:21:39,15,1,15.9,1.1,7.4,7.2,2,1,1.00,CYCLE,S
IND,208,7604,59467,28/03/2021,11:21:40,15,1,17.7,0.9,0.4,0.2,2,1,1.00,CYCLE,S
IND,208,7604,59467,28/03/2021,11:21:41,15,1,20.0,1.1,1.0,0.8,2,1,1.00,CYCLE,S
IND,208,7604,59467,28/03/2021,11:21:42,15,1,20.7,1.1,1.7,1.6,2,1,1.00,CYCLE,S
IND,208,7604,59467,28/03/2021,11:22:02,15,1,15.3,1.1,19.9,19.8,2,1,1.00,CYCLE,S
IND,208,7604,59466,28/03/2021,11:22:54,15,0,31.6,1.1,88.0,87.9,2,1,1.00,CYCLE,N
IND,208,7604,59466,28/03/2021,11:23:21,15,0,36.8,1.0,26.5,26.4,2,1,1.00,CYCLE,N
IND,208,7604,59466,28/03/2021,11:25:31,15,0,29.5,1.0,129.7,129.6,2,1,1.00,CYCLE,N
IND,208,7604,59466,28/03/2021,11:25:31,15,0,31.1,1.0,0.7,0.6,2,1,1.00,CYCLE,N
IND,208,7604,59467,28/03/2021,11:26:59,15,1,17.2,1.1,297.0,296.7,2,1,1.00,CYCLE,S
IND,208,7604,59467,28/03/2021,11:29:29,15,1,7.5,1.0,2.5,1.2,2,1,1.00,CYCLE,S
IND,208,7604,59466,28/03/2021,11:29:33,15,0,33.5,1.0,241.7,241.5,2,1,1.00,CYCLE,N
IND,208,7604,59467,28/03/2021,11:29:51,15,1,18.2,1.2,22.1,21.6,2,1,1.00,CYCLE,S
IND,208,7604,59467,28/03/2021,11:30:36,15,1,19.1,1.1,45.4,45.2,2,1,1.00,CYCLE,S
IND,208,7604,59467,28/03/2021,11:30:37,15,1,17.9,1.1,0.6,0.4,2,1,1.00,CYCLE,S
IND,208,7604,59466,28/03/2021,11:30:38,15,0,32.7,1.1,64.7,64.6,2,1,1.00,CYCLE,N
IND,208,7604,59466,28/03/2021,11:30:50,15,0,21.7,1.1,12.0,11.9,2,1,1.00,CYCLE,N
IND,208,7604,59466,28/03/2021,11:31:33,15,0,36.8,1.1,43.7,43.5,2,1,1.00,CYCLE,N
IND,208,7604,59466,28/03/2021,11:31:49,15,0,40.0,1.0,16.0,15.9,2,1,1.00,CYCLE,N
IND,208,7604,59466,28/03/2021,11:32:01,15,0,31.0,1.0,11.3,11.2,2,1,1.00,CYCLE,N
IND,208,7604,59466,28/03/2021,11:32:03,15,0,31.4,1.1,2.8,2.7,2,1,1.00,CYCLE,N
IND,208,7604,59466,28/03/2021,11:32:39,15,0,37.2,1.0,31.5,31.4,2,1,1.00,CYCLE,N
IND,208,7604,59467,28/03/2021,11:33:34,15,1,8.5,1.1,177.2,177.0,2,1,1.00,CYCLE,S
IND,208,7604,59467,28/03/2021,11:33:40,15,1,8.6,1.0,6.0,5.6,2,1,1.00,CYCLE,S
IND,208,7604,59467,28/03/2021,11:34:36,15,1,20.1,1.0,55.9,55.4,2,1,1.00,CYCLE,S
IND,208,7604,59467,28/03/2021,11:37:31,15,1,20.3,1.1,174.9,174.7,2,1,1.00,CYCLE,S
IND,208,7604,59466,28/03/2021,11:37:43,15,0,30.5,1.1,304.1,304.0,2,1,1.00,CYCLE,N
IND,208,7604,59466,28/03/2021,11:37:47,15,0,31.7,1.1,4.1,4.0,2,1,1.00,CYCLE,N
IND,208,7604,59467,28/03/2021,11:40:01,15,1,13.6,1.1,149.8,149.6,2,1,1.00,CYCLE,S
IND,208,7604,59467,28/03/2021,11:40:07,15,1,18.2,1.0,6.2,5.9,2,1,1.00,CYCLE,S
IND,208,7604,59467,28/03/2021,11:42:11,15,1,19.9,1.0,123.6,123.4,2,1,1.00,CYCLE,S
IND,208,7604,59467,28/03/2021,11:42:11,15,1,19.9,1.0,0.0,0.0,2,1,1.00,CYCLE,S
IND,208,7604,59466,28/03/2021,11:43:57,15,0,25.6,1.0,369.4,369.3,2,1,1.00,CYCLE,N
IND,208,7604,59466,28/03/2021,11:44:05,15,0,32.6,1.1,7.9,7.8,2,1,1.00,CYCLE,N
IND,208,7604,59466,28/03/2021,11:44:07,15,0,31.2,1.1,2.1,2.0,2,1,1.00,CYCLE,N
IND,208,7604,59467,28/03/2021,11:44:59,15,1,26.0,1.0,168.7,168.4,2,1,1.00,CYCLE,S
IND,208,7604,59467,28/03/2021,11:45:03,15,1,13.2,1.0,4.0,3.9,2,1,1.00,CYCLE,S
IND,208,7604,59467,28/03/2021,11:45:03,15,1,13.2,1.0,0.0,0.0,2,1,1.00,CYCLE,S
IND,208,7604,59466,28/03/2021,11:46:29,15,0,29.7,1.1,142.7,142.6,2,1,1.00,CYCLE,N
IND,208,7604,59466,28/03/2021,11:46:32,15,0,27.5,1.1,2.6,2.5,2,1,1.00,CYCLE,N
IND,208,7604,59467,28/03/2021,11:46:33,15,1,13.4,1.1,8.3,7.9,2,1,1.00,CYCLE,S
IND,208,7604,59467,28/03/2021,11:46:43,15,1,17.2,1.0,10.4,10.1,2,1,1.00,CYCLE,S
IND,208,7604,59466,28/03/2021,11:49:21,15,0,27.3,1.0,169.3,169.2,2,1,1.00,CYCLE,N
IND,208,7604,59467,28/03/2021,11:49:53,15,1,16.5,1.0,189.2,189.0,2,1,1.00,CYCLE,S
IND,208,7604,59466,28/03/2021,11:50:15,15,0,36.6,1.0,53.8,53.6,2,1,1.00,CYCLE,N
IND,208,7604,59467,28/03/2021,11:50:26,15,1,17.6,1.0,33.5,33.3,2,1,1.00,CYCLE,S
IND,208,7604,59466,28/03/2021,11:50:43,15,0,37.8,1.2,27.6,27.5,2,1,1.00,CYCLE,N
IND,208,7604,59467,28/03/2021,11:51:28,15,1,17.0,1.0,61.9,61.7,2,1,1.00,CYCLE,S
IND,208,7604,59467,28/03/2021,11:51:28,15,1,17.0,1.0,0.0,0.0,2,1,1.00,CYCLE,S
IND,208,7604,59466,28/03/2021,11:52:42,15,0,17.5,1.0,119.7,119.6,2,1,0.57,CYCLE,N
IND,208,7604,59466,28/03/2021,11:52:50,15,0,19.9,1.0,7.2,6.8,2,1,1.00,CYCLE,N
IND,208,7604,59466,28/03/2021,11:53:59,15,0,36.2,1.1,69.5,69.3,2,1,1.00,CYCLE,N
IND,208,7604,59466,28/03/2021,11:54:50,15,0,36.1,1.1,7.8,7.6,2,1,1.00,CYCLE,N
IND,208,7604,59466,28/03/2021,11:55:40,15,0,39.7,1.1,50.5,50.4,2,1,1.00,CYCLE,N
IND,208,7604,59466,28/03/2021,11:55:42,15,0,37.4,1.0,1.3,1.2,2,1,1.00,CYCLE,N
IND,208,7604,59467,28/03/2021,11:55:42,15,1,14.9,1.0,254.2,254.0,2,1,1.00,CYCLE,S
IND,208,7604,59466,28/03/2021,11:55:43,15,0,40.9,1.0,1.2,1.1,2,1,1.00,CYCLE,N
IND,208,7604,59466,28/03/2021,11:55:45,15,0,39.1,1.0,1.9,1.8,2,1,1.00,CYCLE,N
IND,208,7604,59467,28/03/2021,11:55:56,15,1,10.2,1.1,14.2,14.0,2,1,1.00,CYCLE,S
IND,208,7604,59466,28/03/2021,11:56:17,15,0,23.9,1.1,32.2,32.1,2,1,1.00,CYCLE,N
IND,208,7604,59467,28/03/2021,11:56:21,15,1,22.7,1.0,24.6,24.2,2,1,1.00,CYCLE,S
IND,208,7604,59467,28/03/2021,11:57:40,15,1,20.7,1.0,78.9,78.7,2,1,1.00,CYCLE,S
IND,208,7604,59467,28/03/2021,11:57:49,15,1,20.4,1.0,9.5,9.3,2,1,1.00,CYCLE,S
IND,208,7604,59466,28/03/2021,12:00:02,15,0,34.1,1.0,224.9,224.8,2,1,0.80,CYCLE,N
IND,208,7604,59467,28/03/2021,12:00:16,15,1,13.7,1.0,146.9,146.7,2,1,1.00,CYCLE,S
IND,208,7604,59466,28/03/2021,12:01:28,15,0,38.7,1.0,86.2,86.1,2,1,1.00,CYCLE,N
IND,208,7604,59467,28/03/2021,12:03:41,15,1,20.7,1.0,204.6,204.3,2,1,1.00,CYCLE,S
IND,208,7604,59467,28/03/2021,12:06:40,15,1,18.3,1.1,179.2,179.0,2,1,1.00,CYCLE,S
IND,208,7604,59467,28/03/2021,12:06:42,15,1,17.0,1.1,2.2,2.0,2,1,1.00,CYCLE,S
IND,208,7604,59466,28/03/2021,12:09:13,15,0,29.0,1.1,464.5,464.4,2,1,1.00,CYCLE,N
IND,208,7604,59466,28/03/2021,12:09:18,15,0,35.3,1.1,5.9,5.7,2,1,1.00,CYCLE,N
IND,208,7604,59467,28/03/2021,12:09:26,15,1,17.5,1.1,164.2,164.0,2,1,1.00,CYCLE,S
IND,208,7604,59466,28/03/2021,12:09:31,15,0,13.8,1.1,12.4,12.2,2,1,1.00,CYCLE,N
IND,208,7604,59466,28/03/2021,12:09:33,15,0,11.9,1.2,1.7,1.4,2,1,1.00,CYCLE,N
IND,208,7604,59467,28/03/2021,12:09:53,15,1,18.4,1.0,26.2,26.0,2,1,1.00,CYCLE,S
IND,208,7604,59466,28/03/2021,12:12:11,15,0,28.4,1.1,158.6,158.2,2,1,1.00,CYCLE,N
IND,208,7604,59466,28/03/2021,12:12:12,15,0,29.8,1.1,0.5,0.3,2,1,1.00,CYCLE,N
IND,208,7604,59466,28/03/2021,12:12:12,15,0,30.3,1.1,0.7,0.5,2,1,1.00,CYCLE,N
IND,208,7604,59467,28/03/2021,12:12:39,15,1,21.8,1.0,166.0,165.8,2,1,1.00,CYCLE,S
IND,208,7604,59466,28/03/2021,12:13:29,15,0,31.7,1.1,76.7,76.6,2,1,1.00,CYCLE,N
IND,208,7604,59466,28/03/2021,12:13:31,15,0,30.9,1.0,2.3,2.2,2,1,1.00,CYCLE,N
IND,208,7604,59466,28/03/2021,12:13:33,15,0,31.1,1.0,1.4,1.3,2,1,1.00,CYCLE,N
IND,208,7604,59467,28/03/2021,12:13:49,15,1,25.6,1.0,70.1,69.9,2,1,1.00,CYCLE,S
IND,208,7604,59466,28/03/2021,12:14:43,15,0,34.6,1.0,70.5,70.4,2,1,1.00,CYCLE,N
IND,208,7604,59466,28/03/2021,12:14:49,15,0,36.6,1.0,5.4,5.3,2,1,1.00,CYCLE,N
IND,208,7604,59466,28/03/2021,12:14:51,15,0,36.8,1.1,2.5,2.4,2,1,1.00,CYCLE,N
IND,208,7604,59467,28/03/2021,12:15:56,15,1,13.9,1.1,127.7,127.6,2,1,1.00,CYCLE,S
IND,208,7604,59467,28/03/2021,12:16:08,15,1,20.9,1.0,11.9,11.6,2,1,1.00,CYCLE,S
IND,208,7604,59467,28/03/2021,12:16:10,15,1,10.1,1.1,1.6,1.5,2,1,1.00,CYCLE,S
IND,208,7604,59467,28/03/2021,12:16:12,15,1,12.4,1.1,1.7,1.3,2,1,1.00,CYCLE,S
IND,208,7604,59467,28/03/2021,12:16:16,15,1,9.9,0.9,4.3,4.0,2,1,1.00,CYCLE,S
IND,208,7604,59467,28/03/2021,12:16:26,15,1,10.3,1.1,9.8,9.4,2,1,1.00,CYCLE,S
IND,208,7604,59466,28/03/2021,12:18:25,15,0,32.0,1.0,213.6,213.5,2,1,1.00,CYCLE,N
IND,208,7604,59467,28/03/2021,12:18:32,15,1,18.0,1.0,126.7,126.2,2,1,1.00,CYCLE,S
IND,208,7604,59466,28/03/2021,12:19:13,15,0,28.3,1.1,47.9,47.8,2,1,1.00,CYCLE,N
IND,208,7604,59467,28/03/2021,12:20:45,15,1,26.1,1.2,133.1,132.9,2,1,1.00,CYCLE,S
IND,208,7604,59467,28/03/2021,12:22:35,15,1,24.8,1.0,109.5,109.4,2,1,1.00,CYCLE,S
IND,208,7604,59467,28/03/2021,12:22:54,15,1,13.9,1.0,19.1,18.9,2,1,1.00,CYCLE,S
IND,208,7604,59467,28/03/2021,12:23:22,15,1,15.2,1.0,28.1,27.8,2,1,1.00,CYCLE,S
IND,208,7604,59467,28/03/2021,12:23:24,15,1,14.3,1.0,1.5,1.3,2,1,1.00,CYCLE,S
IND,208,7604,59467,28/03/2021,12:24:00,15,1,13.9,1.1,36.2,35.9,2,1,1.00,CYCLE,S
IND,208,7604,59467,28/03/2021,12:24:15,15,1,19.4,1.1,14.9,14.6,2,1,1.00,CYCLE,S
IND,208,7604,59467,28/03/2021,12:25:35,15,1,12.8,1.0,80.5,80.3,2,1,1.00,CYCLE,S
IND,208,7604,59467,28/03/2021,12:25:46,15,1,14.4,1.0,10.6,10.3,2,1,1.00,CYCLE,S
IND,208,7604,59467,28/03/2021,12:28:42,15,1,12.7,1.0,175.9,175.7,2,1,1.00,CYCLE,S
IND,208,7604,59466,28/03/2021,12:29:09,15,0,16.9,1.0,596.2,596.1,2,1,1.00,CYCLE,N
IND,208,7604,59466,28/03/2021,12:29:17,15,0,38.4,1.0,8.5,8.3,2,1,1.00,CYCLE,N
IND,208,7604,59466,28/03/2021,12:29:45,15,0,24.6,1.1,27.8,27.7,2,1,1.00,CYCLE,N
IND,208,7604,59466,28/03/2021,12:30:36,15,0,39.7,1.1,51.3,51.1,2,1,1.00,CYCLE,N
IND,208,7604,59467,28/03/2021,12:30:37,15,1,17.5,1.0,115.2,114.9,2,1,1.00,CYCLE,S
IND,208,7604,59466,28/03/2021,12:30:38,15,0,37.0,1.1,1.7,1.6,2,1,1.00,CYCLE,N
IND,208,7604,59466,28/03/2021,12:31:01,15,0,37.7,1.0,23.3,23.1,2,1,1.00,CYCLE,N
IND,208,7604,59466,28/03/2021,12:31:03,15,0,36.0,1.0,1.9,1.8,2,1,1.00,CYCLE,N
IND,208,7604,59466,28/03/2021,12:31:07,15,0,31.8,1.0,3.3,3.2,2,1,1.00,CYCLE,N
IND,208,7604,59467,28/03/2021,12:31:25,15,1,14.6,1.0,48.0,47.8,2,1,1.00,CYCLE,S
IND,208,7604,59467,28/03/2021,12:32:12,15,1,14.1,1.1,47.6,47.4,2,1,1.00,CYCLE,S
IND,208,7604,59467,28/03/2021,12:33:32,15,1,15.8,1.0,79.4,79.2,2,1,1.00,CYCLE,S
IND,208,7604,59467,28/03/2021,12:33:48,15,1,21.6,1.1,16.1,15.9,2,1,1.00,CYCLE,S
IND,208,7604,59467,28/03/2021,12:33:49,15,1,18.3,1.2,1.2,1.0,2,1,1.00,CYCLE,S
IND,208,7604,59467,28/03/2021,12:34:55,15,1,17.9,1.2,65.7,65.5,2,1,1.00,CYCLE,S
IND,208,7604,59466,28/03/2021,12:35:10,15,0,35.6,1.1,21.6,21.5,2,1,1.00,CYCLE,N
IND,208,7604,59466,28/03/2021,12:36:03,15,0,33.4,1.1,52.8,52.6,2,1,1.00,CYCLE,N
IND,208,7604,59467,28/03/2021,12:36:35,15,1,15.4,1.1,100.0,99.7,2,1,1.00,CYCLE,S
IND,208,7604,59467,28/03/2021,12:38:26,15,1,20.7,1.0,111.6,111.4,2,1,1.00,CYCLE,S
IND,208,7604,59467,28/03/2021,12:38:33,15,1,16.6,1.1,4.3,4.1,2,1,1.00,CYCLE,S
IND,208,7604,59467,28/03/2021,12:38:36,15,1,15.5,1.0,2.4,2.2,2,1,1.00,CYCLE,S
IND,208,7604,59467,28/03/2021,12:38:36,15,1,14.8,1.0,0.6,0.3,2,1,1.00,CYCLE,S
IND,208,7604,59467,28/03/2021,12:38:45,15,1,16.3,1.1,8.1,7.9,2,1,1.00,CYCLE,S
IND,208,7604,59467,28/03/2021,12:39:35,15,1,22.2,1.1,23.5,23.3,2,1,1.00,CYCLE,S
IND,208,7604,59466,28/03/2021,12:41:59,15,0,37.9,1.1,355.4,355.2,2,1,1.00,CYCLE,N
IND,208,7604,59466,28/03/2021,12:42:00,15,0,35.8,1.1,1.8,1.7,2,1,1.00,CYCLE,N
IND,208,7604,59466,28/03/2021,12:42:02,15,0,36.2,1.1,1.7,1.5,2,1,1.00,CYCLE,N
IND,208,7604,59466,28/03/2021,12:44:12,15,0,35.2,1.0,130.0,129.9,2,1,1.00,CYCLE,N
IND,208,7604,59466,28/03/2021,12:44:32,15,0,13.4,0.9,20.1,20.0,2,1,1.00,CYCLE,N
IND,208,7604,59466,28/03/2021,12:44:33,15,0,12.9,1.1,1.2,1.0,2,1,1.00,CYCLE,N
IND,208,7604,59466,28/03/2021,12:44:44,15,0,38.8,1.0,11.0,10.7,2,1,1.00,CYCLE,N
IND,208,7604,59466,28/03/2021,12:45:24,15,0,43.3,1.0,40.0,39.9,2,1,1.00,CYCLE,N
IND,208,7604,59466,28/03/2021,12:45:31,15,0,38.4,1.0,6.6,6.5,2,1,1.00,CYCLE,N
IND,208,7604,59467,28/03/2021,12:50:25,15,1,17.1,1.0,637.1,636.9,2,1,1.00,CYCLE,S
IND,208,7604,59467,28/03/2021,12:50:25,15,1,16.2,1.0,0.5,0.3,2,1,1.00,CYCLE,S
IND,208,7604,59467,28/03/2021,12:52:01,15,1,14.1,1.0,96.3,96.1,2,1,1.00,CYCLE,S
IND,208,7604,59467,28/03/2021,12:54:20,15,1,15.9,1.0,138.4,138.1,2,1,1.00,CYCLE,S
IND,208,7604,59466,28/03/2021,12:54:48,15,0,31.0,1.0,556.7,556.6,2,1,1.00,CYCLE,N
IND,208,7604,59466,28/03/2021,12:54:51,15,0,28.4,1.1,2.8,2.7,2,1,1.00,CYCLE,N
IND,208,7604,59466,28/03/2021,12:56:06,15,0,39.5,1.0,75.0,74.9,2,1,1.00,CYCLE,N
IND,208,7604,59466,28/03/2021,12:56:22,15,0,36.3,1.0,16.6,16.5,2,1,1.00,CYCLE,N
IND,208,7604,59467,28/03/2021,12:56:23,15,1,11.7,1.0,123.6,123.4,2,1,1.00,CYCLE,S
IND,208,7604,59467,28/03/2021,12:56:31,15,1,10.5,1.0,7.1,6.8,2,1,1.00,CYCLE,S
IND,208,7604,59466,28/03/2021,12:56:37,15,0,30.0,1.0,15.2,15.1,2,1,1.00,CYCLE,N
IND,208,7604,59466,28/03/2021,12:57:19,15,0,26.7,1.1,41.8,41.7,2,1,1.00,CYCLE,N
IND,208,7604,59466,28/03/2021,13:03:54,15,0,42.6,1.1,394.8,394.7,2,1,1.00,CYCLE,N
IND,208,7604,59466,28/03/2021,13:04:20,15,0,38.4,1.0,25.7,25.6,2,1,1.00,CYCLE,N
IND,208,7604,59467,28/03/2021,13:04:41,15,1,13.4,1.0,490.6,490.2,2,1,1.00,CYCLE,S
IND,208,7604,59466,28/03/2021,13:07:32,15,0,34.8,1.1,192.6,192.5,2,1,1.00,CYCLE,N
IND,208,7604,59466,28/03/2021,13:08:30,15,0,36.3,1.0,57.5,57.4,2,1,1.00,CYCLE,N
IND,208,7604,59467,28/03/2021,13:08:45,15,1,17.6,1.0,243.5,243.2,2,1,1.00,CYCLE,S
IND,208,7604,59467,28/03/2021,13:09:27,15,1,22.7,1.0,42.1,41.9,2,1,1.00,CYCLE,S
IND,208,7604,59467,28/03/2021,13:10:04,15,1,19.8,1.0,37.1,36.9,2,1,1.00,CYCLE,S
IND,208,7604,59467,28/03/2021,13:10:21,15,1,25.7,1.0,17.7,17.5,2,1,1.00,CYCLE,S
IND,208,7604,59467,28/03/2021,13:10:30,15,1,19.4,1.0,8.6,8.5,2,1,1.00,CYCLE,S
IND,208,7604,59467,28/03/2021,13:10:31,15,1,19.8,1.0,0.6,0.4,2,1,1.00,CYCLE,S
IND,208,7604,59467,28/03/2021,13:12:28,15,1,22.1,1.0,117.4,117.2,2,1,1.00,CYCLE,S
IND,208,7604,59466,28/03/2021,13:12:42,15,0,36.4,1.0,252.0,251.9,2,1,1.00,CYCLE,N
IND,208,7604,59466,28/03/2021,13:12:44,15,0,35.7,1.1,2.1,2.0,2,1,1.00,CYCLE,N
IND,208,7604,59466,28/03/2021,13:13:14,15,0,44.3,1.1,30.4,30.3,2,1,1.00,CYCLE,N
IND,208,7604,59466,28/03/2021,13:13:41,15,0,38.6,1.0,26.7,26.6,2,1,1.00,CYCLE,N
IND,208,7604,59466,28/03/2021,13:15:51,15,0,40.1,1.1,130.2,130.1,2,1,1.00,CYCLE,N
IND,208,7604,59466,28/03/2021,13:16:17,15,0,42.4,1.0,25.9,25.8,2,1,1.00,CYCLE,N
IND,208,7604,59466,28/03/2021,13:18:25,15,0,34.4,1.1,11.6,11.4,2,1,1.00,CYCLE,N
IND,208,7604,59467,28/03/2021,13:18:34,15,1,14.7,1.1,365.8,365.6,2,1,1.00,CYCLE,S
IND,208,7604,59466,28/03/2021,13:18:41,15,0,33.0,1.1,16.3,16.2,2,1,1.00,CYCLE,N
IND,208,7604,59466,28/03/2021,13:19:49,15,0,37.1,1.0,68.0,67.9,2,1,1.00,CYCLE,N
IND,208,7604,59467,28/03/2021,13:20:21,15,1,20.8,1.0,107.7,107.3,2,1,1.00,CYCLE,S
IND,208,7604,59467,28/03/2021,13:23:15,15,1,9.3,1.0,173.3,173.2,2,1,1.00,CYCLE,S
IND,208,7604,59467,28/03/2021,13:23:17,15,1,13.1,1.1,2.3,1.8,2,1,1.00,CYCLE,S
IND,208,7604,59466,28/03/2021,13:24:50,15,0,38.4,1.1,301.0,300.9,2,1,1.00,CYCLE,N
IND,208,7604,59467,28/03/2021,13:25:17,15,1,21.1,1.0,119.5,119.2,2,1,1.00,CYCLE,S
IND,208,7604,59467,28/03/2021,13:26:11,15,1,22.4,1.0,54.8,54.6,2,1,1.00,CYCLE,S
IND,208,7604,59467,28/03/2021,13:26:22,15,1,17.2,1.0,10.5,10.4,2,1,1.00,CYCLE,S
IND,208,7604,59467,28/03/2021,13:26:52,15,1,11.4,1.1,30.4,30.2,2,1,1.00,CYCLE,S
IND,208,7604,59467,28/03/2021,13:26:53,15,1,11.7,1.1,0.7,0.4,2,1,1.00,CYCLE,S
IND,208,7604,59467,28/03/2021,13:27:10,15,1,8.0,1.1,16.6,16.3,2,1,1.00,CYCLE,S
IND,208,7604,59466,28/03/2021,13:28:02,15,0,34.4,1.1,192.4,192.3,2,1,1.00,CYCLE,N
IND,208,7604,59467,28/03/2021,13:28:14,15,1,8.8,1.1,64.3,63.8,2,1,1.00,CYCLE,S
IND,208,7604,59466,28/03/2021,13:29:25,15,0,22.3,1.0,82.5,82.4,2,1,1.00,CYCLE,N
IND,208,7604,59466,28/03/2021,13:30:36,15,0,10.8,1.0,71.0,70.9,2,1,1.00,CYCLE,N
IND,208,7604,59466,28/03/2021,13:30:41,15,0,10.2,1.1,5.3,5.0,2,1,1.00,CYCLE,N
IND,208,7604,59467,28/03/2021,13:33:57,15,1,16.3,1.0,343.5,343.0,2,1,1.00,CYCLE,S
IND,208,7604,59467,28/03/2021,13:33:59,15,1,15.3,1.0,1.7,1.5,2,1,1.00,CYCLE,S
IND,208,7604,59467,28/03/2021,13:34:07,15,1,14.0,1.1,7.6,7.4,2,1,1.00,CYCLE,S
IND,208,7604,59466,28/03/2021,13:34:15,15,0,33.9,1.0,214.1,213.7,2,1,1.00,CYCLE,N
IND,208,7604,59466,28/03/2021,13:34:43,15,0,27.0,1.1,27.5,27.4,2,1,1.00,CYCLE,N
IND,208,7604,59466,28/03/2021,13:34:44,15,0,27.7,1.1,1.2,1.0,2,1,1.00,CYCLE,N
IND,208,7604,59467,28/03/2021,13:35:53,15,1,19.8,1.0,106.0,105.7,2,1,1.00,CYCLE,S
IND,208,7604,59467,28/03/2021,13:35:53,15,1,19.3,1.1,0.4,0.2,2,1,1.00,CYCLE,S
IND,208,7604,59467,28/03/2021,13:35:54,15,1,20.6,1.1,1.3,1.1,2,1,1.00,CYCLE,S
IND,208,7604,59467,28/03/2021,13:36:01,15,1,26.0,1.0,6.1,5.9,2,1,1.00,CYCLE,S
IND,208,7604,59467,28/03/2021,13:36:02,15,1,21.1,1.1,1.5,1.3,2,1,1.00,CYCLE,S
IND,208,7604,59467,28/03/2021,13:36:03,15,1,21.8,1.0,0.5,0.3,2,1,1.00,CYCLE,S
IND,208,7604,59467,28/03/2021,13:36:10,15,1,14.7,1.0,7.5,7.4,2,1,1.00,CYCLE,S
IND,208,7604,59467,28/03/2021,13:36:11,15,1,14.4,1.0,0.5,0.2,2,1,1.00,CYCLE,S
IND,208,7604,59467,28/03/2021,13:37:35,15,1,21.1,1.0,84.4,84.1,2,1,1.00,CYCLE,S
IND,208,7604,59466,28/03/2021,13:37:38,15,0,32.7,1.0,173.8,173.7,2,1,1.00,CYCLE,N
IND,208,7604,59467,28/03/2021,13:39:45,15,1,14.6,1.0,129.8,129.6,2,1,1.00,CYCLE,S
IND,208,7604,59467,28/03/2021,13:39:46,15,1,14.8,1.1,1.0,0.8,2,1,1.00,CYCLE,S
IND,208,7604,59467,28/03/2021,13:39:48,15,1,15.4,1.1,2.1,1.9,2,1,1.00,CYCLE,S
IND,208,7604,59466,28/03/2021,13:40:40,15,0,38.8,1.0,182.4,182.3,2,1,1.00,CYCLE,N
IND,208,7604,59467,28/03/2021,13:42:49,15,1,16.6,1.0,180.9,180.6,2,1,1.00,CYCLE,S
IND,208,7604,59466,28/03/2021,13:43:42,15,0,35.6,1.0,182.0,181.9,2,1,1.00,CYCLE,N
IND,208,7604,59467,28/03/2021,13:43:43,15,1,22.8,1.0,54.4,54.2,2,1,1.00,CYCLE,S
IND,208,7604,59467,28/03/2021,13:43:44,15,1,23.4,1.0,0.4,0.3,2,1,1.00,CYCLE,S
IND,208,7604,59467,28/03/2021,13:43:46,15,1,20.1,1.0,2.1,1.9,2,1,1.00,CYCLE,S
IND,208,7604,59467,28/03/2021,13:44:14,15,1,27.2,1.0,28.4,28.2,2,1,1.00,CYCLE,S
IND,208,7604,59467,28/03/2021,13:44:36,15,1,16.6,1.0,21.7,21.6,2,1,1.00,CYCLE,S
IND,208,7604,59466,28/03/2021,13:45:23,15,0,36.0,1.0,100.3,100.2,2,1,1.00,CYCLE,N
IND,208,7604,59466,28/03/2021,13:46:20,15,0,28.8,1.0,57.4,57.3,2,1,1.00,CYCLE,N
IND,208,7604,59467,28/03/2021,13:47:02,15,1,9.6,1.0,146.7,146.5,2,1,1.00,CYCLE,S
IND,208,7604,59467,28/03/2021,13:47:12,15,1,14.4,1.0,10.0,9.6,2,1,1.00,CYCLE,S
IND,208,7604,59467,28/03/2021,13:47:13,15,1,14.4,1.0,0.6,0.3,2,1,1.00,CYCLE,S
IND,208,7604,59467,28/03/2021,13:48:34,15,1,22.1,1.0,81.4,80.9,2,1,1.00,CYCLE,S
IND,208,7604,59466,28/03/2021,13:49:23,15,0,38.3,1.0,182.8,182.7,2,1,1.00,CYCLE,N
IND,208,7604,59467,28/03/2021,13:50:13,15,1,12.4,1.0,98.9,98.8,2,1,1.00,CYCLE,S
IND,208,7604,59466,28/03/2021,13:50:32,15,0,28.5,1.0,69.2,69.1,2,1,1.00,CYCLE,N
IND,208,7604,59466,28/03/2021,13:50:39,15,0,18.8,1.0,7.1,7.0,2,1,0.50,CYCLE,N
IND,208,7604,59467,28/03/2021,13:50:39,15,1,18.8,1.0,0.0,0.0,2,1,0.50,CYCLE,S
IND,208,7604,59466,28/03/2021,13:50:40,15,0,18.6,1.1,0.9,0.4,2,1,1.00,CYCLE,N
IND,208,7604,59466,28/03/2021,13:53:17,15,0,40.3,1.1,156.9,156.7,2,1,1.00,CYCLE,N
IND,208,7604,59467,28/03/2021,13:54:11,15,1,24.0,1.0,237.7,237.4,2,1,1.00,CYCLE,S
IND,208,7604,59466,28/03/2021,13:54:33,15,0,39.3,1.2,76.3,76.2,2,1,1.00,CYCLE,N
IND,208,7604,59466,28/03/2021,13:54:34,15,0,39.0,1.1,0.2,0.1,2,1,1.00,CYCLE,N
IND,208,7604,59466,28/03/2021,13:55:43,15,0,36.8,1.1,69.5,69.4,2,1,1.00,CYCLE,N
IND,208,7604,59466,28/03/2021,13:55:50,15,0,32.1,1.1,6.7,6.6,2,1,1.00,CYCLE,N
IND,208,7604,59467,28/03/2021,13:56:09,15,1,11.6,1.0,117.8,117.7,2,1,1.00,CYCLE,S
IND,208,7604,59467,28/03/2021,13:56:10,15,1,14.5,1.0,1.5,1.2,2,1,1.00,CYCLE,S
IND,208,7604,59467,28/03/2021,13:56:13,15,1,15.7,1.0,2.5,2.2,2,1,1.00,CYCLE,S
IND,208,7604,59467,28/03/2021,13:56:15,15,1,12.7,1.1,2.3,2.1,2,1,1.00,CYCLE,S
IND,208,7604,59467,28/03/2021,13:57:06,15,1,17.5,1.0,51.0,50.7,2,1,1.00,CYCLE,S
IND,208,7604,59466,28/03/2021,13:58:23,15,0,42.4,1.1,153.6,153.4,2,1,1.00,CYCLE,N
IND,208,7604,59467,28/03/2021,13:59:05,15,1,11.0,1.1,119.1,119.0,2,1,1.00,CYCLE,S
IND,208,7604,59467,28/03/2021,13:59:06,15,1,11.6,1.1,0.8,0.5,2,1,1.00,CYCLE,S
IND,208,7604,59467,28/03/2021,13:59:50,15,1,15.4,1.1,43.8,43.4,2,1,1.00,CYCLE,S
IND,208,7604,59466,28/03/2021,14:00:05,15,0,42.0,1.2,101.8,101.7,2,1,1.00,CYCLE,N
IND,208,7604,59466,28/03/2021,14:00:14,15,0,39.7,1.1,8.6,8.5,2,1,1.00,CYCLE,N
IND,208,7604,59466,28/03/2021,14:00:16,15,0,38.6,0.9,2.1,2.0,2,1,1.00,CYCLE,N
IND,208,7604,59466,28/03/2021,14:00:26,15,0,34.6,1.1,9.7,9.6,2,1,1.00,CYCLE,N
IND,208,7604,59466,28/03/2021,14:00:37,15,0,40.8,1.1,11.1,11.0,2,1,1.00,CYCLE,N
IND,208,7604,59466,28/03/2021,14:01:24,15,0,36.2,1.0,47.1,47.0,2,1,1.00,CYCLE,N
IND,208,7604,59467,28/03/2021,14:01:49,15,1,16.5,1.0,119.6,119.4,2,1,1.00,CYCLE,S
IND,208,7604,59467,28/03/2021,14:01:57,15,1,21.3,1.0,7.2,7.0,2,1,1.00,CYCLE,S
IND,208,7604,59466,28/03/2021,14:05:16,15,0,39.9,1.1,232.0,231.9,2,1,1.00,CYCLE,N
IND,208,7604,59466,28/03/2021,14:05:23,15,0,25.6,1.1,7.1,7.0,2,1,1.00,CYCLE,N
IND,208,7604,59467,28/03/2021,14:05:37,15,1,9.5,1.0,220.2,220.1,2,1,1.00,CYCLE,S
IND,208,7604,59466,28/03/2021,14:06:09,15,0,12.8,1.0,46.4,46.2,2,1,1.00,CYCLE,N
IND,208,7604,59466,28/03/2021,14:06:45,15,0,33.1,1.1,36.1,35.9,2,1,1.00,CYCLE,N
IND,208,7604,59466,28/03/2021,14:07:10,15,0,39.4,1.0,24.2,24.1,2,1,1.00,CYCLE,N
IND,208,7604,59466,28/03/2021,14:07:49,15,0,41.8,1.0,39.0,38.9,2,1,1.00,CYCLE,N
IND,208,7604,59466,28/03/2021,14:07:55,15,0,38.0,1.1,6.0,5.9,2,1,1.00,CYCLE,N
IND,208,7604,59466,28/03/2021,14:08:13,15,0,16.7,1.0,17.9,17.8,2,1,1.00,CYCLE,N
IND,208,7604,59467,28/03/2021,14:08:17,15,1,25.6,1.0,159.9,159.4,2,1,1.00,CYCLE,S
IND,208,7604,59466,28/03/2021,14:09:13,15,0,40.5,1.0,60.1,59.8,2,1,1.00,CYCLE,N
IND,208,7604,59467,28/03/2021,14:10:12,15,1,7.6,1.1,115.1,115.1,2,1,1.00,CYCLE,S
IND,208,7604,59466,28/03/2021,14:11:01,15,0,36.5,1.0,108.5,108.4,2,1,1.00,CYCLE,N
IND,208,7604,59466,28/03/2021,14:14:25,15,0,38.4,1.0,203.6,203.5,2,1,1.00,CYCLE,N
IND,208,7604,59467,28/03/2021,14:14:41,15,1,11.7,1.0,269.6,269.0,2,1,1.00,CYCLE,S
IND,208,7604,59467,28/03/2021,14:14:53,15,1,12.9,1.0,11.2,10.9,2,1,1.00,CYCLE,S
IND,208,7604,59467,28/03/2021,14:15:07,15,1,21.8,1.0,14.3,14.0,2,1,1.00,CYCLE,S
IND,208,7604,59467,28/03/2021,14:15:25,15,1,16.3,1.1,17.9,17.8,2,1,1.00,CYCLE,S
IND,208,7604,59467,28/03/2021,14:17:54,15,1,16.0,0.9,148.6,148.4,2,1,1.00,CYCLE,S
IND,208,7604,59466,28/03/2021,14:18:45,15,0,37.4,1.0,260.7,260.6,2,1,1.00,CYCLE,N
IND,208,7604,59466,28/03/2021,14:19:06,15,0,40.1,1.1,20.4,20.3,2,1,1.00,CYCLE,N
IND,208,7604,59467,28/03/2021,14:21:07,15,1,20.4,1.0,193.9,193.6,2,1,1.00,CYCLE,S
IND,208,7604,59467,28/03/2021,14:21:40,15,1,20.0,1.1,32.3,32.2,2,1,1.00,CYCLE,S
IND,208,7604,59467,28/03/2021,14:24:48,15,1,17.2,1.0,188.5,188.4,2,1,1.00,CYCLE,S
IND,208,7604,59467,28/03/2021,14:26:57,15,1,20.0,1.0,128.6,128.4,2,1,1.00,CYCLE,S
IND,208,7604,59467,28/03/2021,14:27:00,15,1,18.5,1.1,3.0,2.8,2,1,1.00,CYCLE,S
IND,208,7604,59467,28/03/2021,14:27:30,15,1,16.7,1.0,29.6,29.4,2,1,1.00,CYCLE,S
IND,208,7604,59466,28/03/2021,14:27:31,15,0,27.8,1.0,139.9,139.8,2,1,1.00,CYCLE,N
IND,208,7604,59467,28/03/2021,14:27:48,15,1,17.0,1.2,18.7,18.4,2,1,1.00,CYCLE,S
IND,208,7604,59466,28/03/2021,14:29:01,15,0,37.3,1.1,89.5,89.4,2,1,1.00,CYCLE,N
IND,208,7604,59467,28/03/2021,14:30:39,15,1,11.3,1.0,170.8,170.6,2,1,1.00,CYCLE,S
IND,208,7604,59467,28/03/2021,14:31:15,15,1,9.5,1.0,35.7,35.4,2,1,1.00,CYCLE,S
IND,208,7604,59467,28/03/2021,14:33:31,15,1,14.1,1.0,136.3,135.8,2,1,1.00,CYCLE,S
IND,208,7604,59466,28/03/2021,14:34:53,15,0,30.0,1.1,352.2,352.1,2,1,1.00,CYCLE,N
IND,208,7604,59467,28/03/2021,14:35:41,15,1,17.9,1.1,130.1,129.8,2,1,1.00,CYCLE,S
IND,208,7604,59466,28/03/2021,14:36:34,15,0,38.2,1.0,101.1,101.0,2,1,1.00,CYCLE,N
IND,208,7604,59467,28/03/2021,14:36:36,15,1,11.6,1.0,55.4,55.2,2,1,1.00,CYCLE,S
IND,208,7604,59467,28/03/2021,14:36:49,15,1,11.5,1.1,13.0,12.7,2,1,1.00,CYCLE,S
IND,208,7604,59467,28/03/2021,14:37:38,15,1,12.1,1.1,48.9,48.5,2,1,1.00,CYCLE,S
IND,208,7604,59466,28/03/2021,14:39:09,15,0,31.3,1.1,155.0,154.9,2,1,1.00,CYCLE,N
IND,208,7604,59467,28/03/2021,14:39:12,15,1,11.8,1.0,93.2,92.9,2,1,1.00,CYCLE,S
IND,208,7604,59467,28/03/2021,14:39:14,15,1,11.5,1.0,2.4,2.1,2,1,1.00,CYCLE,S
IND,208,7604,59467,28/03/2021,14:39:19,15,1,14.5,1.1,4.7,4.3,2,1,1.00,CYCLE,S
IND,208,7604,59466,28/03/2021,14:40:02,15,0,35.0,1.0,53.4,53.3,2,1,1.00,CYCLE,N
IND,208,7604,59466,28/03/2021,14:40:20,15,0,18.3,1.1,17.6,17.5,2,1,1.00,CYCLE,N
IND,208,7604,59467,28/03/2021,14:41:25,15,1,15.1,1.1,126.7,126.4,2,1,1.00,CYCLE,S
IND,208,7604,59467,28/03/2021,14:41:27,15,1,12.5,1.0,1.7,1.5,2,1,1.00,CYCLE,S
IND,208,7604,59467,28/03/2021,14:41:37,15,1,12.4,1.0,9.6,9.3,2,1,1.00,CYCLE,S
IND,208,7604,59467,28/03/2021,14:41:40,15,1,12.2,1.0,3.6,3.3,2,1,1.00,CYCLE,S
IND,208,7604,59466,28/03/2021,14:42:08,15,0,22.2,1.1,108.0,107.8,2,1,1.00,CYCLE,N
IND,208,7604,59466,28/03/2021,14:42:11,15,0,19.7,1.1,3.0,2.8,2,1,1.00,CYCLE,N
IND,208,7604,59467,28/03/2021,14:43:31,15,1,7.4,1.0,111.0,110.8,2,1,1.00,CYCLE,S
IND,208,7604,59467,28/03/2021,14:43:41,15,1,22.3,1.1,10.4,9.8,2,1,1.00,CYCLE,S
IND,208,7604,59467,28/03/2021,14:43:44,15,1,8.7,0.9,2.5,2.4,2,1,1.00,CYCLE,S
IND,208,7604,59466,28/03/2021,14:43:53,15,0,31.5,1.0,101.8,101.6,2,1,1.00,CYCLE,N
IND,208,7604,59466,28/03/2021,14:43:57,15,0,25.2,1.1,4.3,4.2,2,1,1.00,CYCLE,N
IND,208,7604,59466,28/03/2021,14:44:50,15,0,35.2,1.1,53.2,53.0,2,1,1.00,CYCLE,N
IND,208,7604,59467,28/03/2021,14:44:53,15,1,21.7,1.0,69.5,69.0,2,1,1.00,CYCLE,S
IND,208,7604,59467,28/03/2021,14:45:40,15,1,17.7,1.0,47.0,46.9,2,1,1.00,CYCLE,S
IND,208,7604,59467,28/03/2021,14:46:20,15,1,17.9,1.0,39.3,39.1,2,1,1.00,CYCLE,S
IND,208,7604,59467,28/03/2021,14:46:22,15,1,16.3,1.1,2.8,2.6,2,1,1.00,CYCLE,S
IND,208,7604,59466,28/03/2021,14:46:57,15,0,15.6,1.1,126.5,126.4,2,1,1.00,CYCLE,N
IND,208,7604,59467,28/03/2021,14:47:01,15,1,25.5,1.1,38.6,38.3,2,1,1.00,CYCLE,S
IND,208,7604,59466,28/03/2021,14:47:48,15,0,29.2,1.1,51.5,51.2,2,1,1.00,CYCLE,N
IND,208,7604,59466,28/03/2021,14:48:01,15,0,15.4,1.0,12.5,12.4,2,1,1.00,CYCLE,N
IND,208,7604,59466,28/03/2021,14:48:01,15,0,15.4,1.0,0.0,0.0,2,1,1.00,CYCLE,N
IND,208,7604,59467,28/03/2021,14:48:55,15,1,20.9,1.0,113.5,113.3,2,1,1.00,CYCLE,S
IND,208,7604,59467,28/03/2021,14:49:11,15,1,16.0,1.0,16.7,16.5,2,1,1.00,CYCLE,S
IND,208,7604,59467,28/03/2021,14:50:06,15,1,17.4,1.1,55.2,55.0,2,1,1.00,CYCLE,S
IND,208,7604,59467,28/03/2021,14:50:20,15,1,21.8,1.0,13.2,12.9,2,1,1.00,CYCLE,S
IND,208,7604,59466,28/03/2021,14:50:26,15,0,11.6,1.1,145.6,145.1,2,1,1.00,CYCLE,N
IND,208,7604,59467,28/03/2021,14:50:45,15,1,9.6,1.0,25.3,25.2,2,1,1.00,CYCLE,S
IND,208,7604,59467,28/03/2021,14:50:46,15,1,9.6,1.0,0.8,0.4,2,1,1.00,CYCLE,S
IND,208,7604,59467,28/03/2021,14:51:46,15,1,11.1,1.1,59.9,59.5,2,1,1.00,CYCLE,S
IND,208,7604,59466,28/03/2021,14:52:31,15,0,31.8,1.1,125.0,124.7,2,1,1.00,CYCLE,N
IND,208,7604,59467,28/03/2021,14:52:36,15,1,11.3,1.0,50.9,50.6,2,1,1.00,CYCLE,S
IND,208,7604,59466,28/03/2021,14:53:03,15,0,12.9,1.0,31.7,31.6,2,1,1.00,CYCLE,N
IND,208,7604,59467,28/03/2021,14:53:27,15,1,20.1,1.0,50.4,50.0,2,1,1.00,CYCLE,S
IND,208,7604,59466,28/03/2021,14:53:50,15,0,36.9,1.0,47.3,47.0,2,1,1.00,CYCLE,N
IND,208,7604,59466,28/03/2021,14:53:54,15,0,34.8,1.0,4.1,4.0,2,1,1.00,CYCLE,N
IND,208,7604,59466,28/03/2021,14:53:55,15,0,36.3,1.0,0.8,0.7,2,1,1.00,CYCLE,N
IND,208,7604,59466,28/03/2021,14:54:40,15,0,34.4,1.0,45.1,45.0,2,1,1.00,CYCLE,N
IND,208,7604,59466,28/03/2021,14:54:42,15,0,35.7,1.0,1.4,1.3,2,1,1.00,CYCLE,N
IND,208,7604,59466,28/03/2021,14:56:22,15,0,37.1,1.1,27.9,27.7,2,1,1.00,CYCLE,N
IND,208,7604,59467,28/03/2021,14:56:42,15,1,18.7,1.0,195.3,195.1,2,1,1.00,CYCLE,S
IND,208,7604,59467,28/03/2021,14:56:44,15,1,17.1,1.0,1.9,1.7,2,1,1.00,CYCLE,S
IND,208,7604,59467,28/03/2021,14:57:29,15,1,14.9,1.0,45.1,44.9,2,1,1.00,CYCLE,S
IND,208,7604,59467,28/03/2021,14:57:32,15,1,15.5,0.9,2.5,2.2,2,1,1.00,CYCLE,S
IND,208,7604,59467,28/03/2021,14:57:41,15,1,21.7,1.1,9.3,9.1,2,1,1.00,CYCLE,S
IND,208,7604,59467,28/03/2021,14:57:42,15,1,20.7,1.1,1.4,1.3,2,1,1.00,CYCLE,S
IND,208,7604,59467,28/03/2021,14:59:25,15,1,13.9,1.0,103.0,102.9,2,1,1.00,CYCLE,S
IND,208,7604,59467,28/03/2021,14:59:30,15,1,11.7,1.1,4.9,4.6,2,1,1.00,CYCLE,S
IND,208,7604,59466,28/03/2021,14:59:34,15,0,29.9,1.1,192.1,192.0,2,1,1.00,CYCLE,N
IND,208,7604,59467,28/03/2021,15:00:25,15,1,9.7,1.0,54.5,54.1,2,1,0.57,CYCLE,S
IND,208,7604,59467,28/03/2021,15:01:22,15,1,22.1,1.0,57.3,57.0,2,1,1.00,CYCLE,S
IND,208,7604,59467,28/03/2021,15:01:24,15,1,16.4,1.0,1.8,1.7,2,1,1.00,CYCLE,S
IND,208,7604,59466,28/03/2021,15:01:51,15,0,32.5,1.1,76.4,76.3,2,1,1.00,CYCLE,N
IND,208,7604,59466,28/03/2021,15:01:53,15,0,34.4,1.0,1.5,1.3,2,1,1.00,CYCLE,N
IND,208,7604,59466,28/03/2021,15:02:08,15,0,35.1,1.1,14.7,14.6,2,1,1.00,CYCLE,N
IND,208,7604,59466,28/03/2021,15:02:09,15,0,36.6,1.1,1.1,1.0,2,1,1.00,CYCLE,N
IND,208,7604,59467,28/03/2021,15:03:26,15,1,23.0,1.0,122.1,121.9,2,1,1.00,CYCLE,S
IND,208,7604,59467,28/03/2021,15:06:52,15,1,21.3,1.0,206.3,206.2,2,1,1.00,CYCLE,S
IND,208,7604,59466,28/03/2021,15:09:50,15,0,30.9,1.0,461.3,461.2,2,1,1.00,CYCLE,N
IND,208,7604,59467,28/03/2021,15:10:14,15,1,28.0,1.0,201.5,201.4,2,1,1.00,CYCLE,S
IND,208,7604,59466,28/03/2021,15:11:45,15,0,32.2,1.1,114.7,114.6,2,1,1.00,CYCLE,N
IND,208,7604,59466,28/03/2021,15:11:50,15,0,29.6,1.0,4.7,4.6,2,1,1.00,CYCLE,N
IND,208,7604,59466,28/03/2021,15:12:00,15,0,39.3,1.1,10.5,10.3,2,1,1.00,CYCLE,N
IND,208,7604,59466,28/03/2021,15:12:33,15,0,40.5,1.1,32.2,32.1,2,1,1.00,CYCLE,N
IND,208,7604,59466,28/03/2021,15:13:09,15,0,23.4,1.0,36.7,36.6,2,1,1.00,CYCLE,N
IND,208,7604,59466,28/03/2021,15:13:10,15,0,26.1,1.1,1.1,1.0,2,1,1.00,CYCLE,N
IND,208,7604,59467,28/03/2021,15:13:26,15,1,24.1,1.0,136.2,136.0,2,1,1.00,CYCLE,S
IND,208,7604,59467,28/03/2021,15:14:43,15,1,15.7,1.1,77.3,77.2,2,1,1.00,CYCLE,S
IND,208,7604,59466,28/03/2021,15:16:05,15,0,38.6,1.1,174.2,174.1,2,1,1.00,CYCLE,N
IND,208,7604,59466,28/03/2021,15:16:08,15,0,40.7,1.1,3.5,3.4,2,1,1.00,CYCLE,N
IND,208,7604,59467,28/03/2021,15:16:38,15,1,20.7,1.0,114.1,113.8,2,1,1.00,CYCLE,S
IND,208,7604,59466,28/03/2021,15:17:18,15,0,36.6,1.0,70.2,70.1,2,1,1.00,CYCLE,N
IND,208,7604,59467,28/03/2021,15:17:28,15,1,16.6,1.1,50.7,50.5,2,1,1.00,CYCLE,S
IND,208,7604,59467,28/03/2021,15:18:08,15,1,19.8,1.1,39.5,39.2,2,1,1.00,CYCLE,S
IND,208,7604,59466,28/03/2021,15:18:57,15,0,40.7,1.0,98.9,98.8,2,1,1.00,CYCLE,N
IND,208,7604,59466,28/03/2021,15:21:31,15,0,37.8,1.0,153.5,153.4,2,1,1.00,CYCLE,N
IND,208,7604,59466,28/03/2021,15:21:31,15,0,38.7,1.0,0.4,0.3,2,1,1.00,CYCLE,N
IND,208,7604,59467,28/03/2021,15:22:15,15,1,15.2,1.0,247.1,247.0,2,1,1.00,CYCLE,S
IND,208,7604,59467,28/03/2021,15:22:15,15,1,15.2,1.0,0.0,0.0,2,1,1.00,CYCLE,S
IND,208,7604,59467,28/03/2021,15:22:18,15,1,19.3,1.1,3.3,2.8,2,1,1.00,CYCLE,S
IND,208,7604,59467,28/03/2021,15:23:06,15,1,14.1,1.1,47.6,47.4,2,1,1.00,CYCLE,S
IND,208,7604,59466,28/03/2021,15:27:21,15,0,24.7,1.1,349.9,349.8,2,1,1.00,CYCLE,N
IND,208,7604,59466,28/03/2021,15:27:22,15,0,21.9,1.0,1.2,1.0,2,1,1.00,CYCLE,N
IND,208,7604,59466,28/03/2021,15:27:25,15,0,28.0,1.0,2.9,2.7,2,1,1.00,CYCLE,N
IND,208,7604,59466,28/03/2021,15:27:27,15,0,27.9,1.0,1.9,1.7,2,1,1.00,CYCLE,N
IND,208,7604,59467,28/03/2021,15:28:47,15,1,18.8,1.0,340.9,340.6,2,1,1.00,CYCLE,S
IND,208,7604,59466,28/03/2021,15:29:58,15,0,39.1,1.0,151.6,151.4,2,1,1.00,CYCLE,N
IND,208,7604,59467,28/03/2021,15:32:14,15,1,20.6,1.0,207.0,206.8,2,1,1.00,CYCLE,S
IND,208,7604,59466,28/03/2021,15:32:18,15,0,38.0,1.0,139.4,139.3,2,1,1.00,CYCLE,N
IND,208,7604,59466,28/03/2021,15:32:26,15,0,39.4,1.0,8.5,8.4,2,1,1.00,CYCLE,N
IND,208,7604,59466,28/03/2021,15:32:52,15,0,34.8,1.1,25.8,25.7,2,1,1.00,CYCLE,N
IND,208,7604,59466,28/03/2021,15:32:54,15,0,36.3,1.1,1.8,1.7,2,1,1.00,CYCLE,N
IND,208,7604,59466,28/03/2021,15:33:40,15,0,36.1,1.0,46.4,46.3,2,1,1.00,CYCLE,N
IND,208,7604,59467,28/03/2021,15:35:49,15,1,14.1,1.1,215.4,215.2,2,1,1.00,CYCLE,S
IND,208,7604,59466,28/03/2021,15:36:08,15,0,31.9,1.0,147.9,147.8,2,1,1.00,CYCLE,N
IND,208,7604,59466,28/03/2021,15:36:38,15,0,35.3,1.1,30.2,30.1,2,1,1.00,CYCLE,N
IND,208,7604,59467,28/03/2021,15:36:41,15,1,15.1,1.1,51.8,51.6,2,1,1.00,CYCLE,S
IND,208,7604,59467,28/03/2021,15:36:46,15,1,14.0,1.0,5.0,4.7,2,1,1.00,CYCLE,S
IND,208,7604,59466,28/03/2021,15:36:56,15,0,5.5,1.0,17.5,17.4,2,1,0.44,CYCLE,N
IND,208,7604,59467,28/03/2021,15:37:12,15,1,20.7,1.0,26.0,25.7,2,1,1.00,CYCLE,S
IND,208,7604,59466,28/03/2021,15:39:35,15,0,28.6,1.0,159.1,157.9,2,1,1.00,CYCLE,N
IND,208,7604,59466,28/03/2021,15:39:39,15,0,24.6,1.1,4.4,4.3,2,1,1.00,CYCLE,N
IND,208,7604,59466,28/03/2021,15:39:53,15,0,35.6,1.0,13.8,13.6,2,1,1.00,CYCLE,N
IND,208,7604,59466,28/03/2021,15:41:10,15,0,38.0,1.0,76.4,76.3,2,1,1.00,CYCLE,N
IND,208,7604,59467,28/03/2021,15:41:24,15,1,18.4,1.0,252.1,251.9,2,1,1.00,CYCLE,S
IND,208,7604,59467,28/03/2021,15:42:01,15,1,19.1,1.1,37.3,37.1,2,1,1.00,CYCLE,S
IND,208,7604,59466,28/03/2021,15:42:54,15,0,30.5,1.1,104.2,104.1,2,1,1.00,CYCLE,N
IND,208,7604,59467,28/03/2021,15:44:33,15,1,15.9,1.1,152.2,152.0,2,1,1.00,CYCLE,S
IND,208,7604,59467,28/03/2021,15:44:35,15,1,16.8,1.1,1.3,1.1,2,1,1.00,CYCLE,S
IND,208,7604,59466,28/03/2021,15:44:43,15,0,21.2,1.2,109.5,109.4,2,1,1.00,CYCLE,N
IND,208,7604,59466,28/03/2021,15:44:47,15,0,35.0,1.1,3.3,3.1,2,1,1.00,CYCLE,N
IND,208,7604,59467,28/03/2021,15:46:56,15,1,19.6,1.1,141.4,141.2,2,1,1.00,CYCLE,S
IND,208,7604,59467,28/03/2021,15:49:27,15,1,13.3,1.1,97.3,97.0,2,1,1.00,CYCLE,S
IND,208,7604,59467,28/03/2021,15:50:22,15,1,23.4,1.0,54.3,54.0,2,1,1.00,CYCLE,S
IND,208,7604,59467,28/03/2021,15:50:46,15,1,10.7,1.1,24.3,24.2,2,1,1.00,CYCLE,S
IND,208,7604,59466,28/03/2021,15:51:12,15,0,37.8,1.0,385.4,385.3,2,1,1.00,CYCLE,N
IND,208,7604,59467,28/03/2021,15:52:14,15,1,11.6,1.1,87.6,87.2,2,1,1.00,CYCLE,S
IND,208,7604,59467,28/03/2021,15:52:22,15,1,17.0,1.1,8.8,8.5,2,1,1.00,CYCLE,S
IND,208,7604,59467,28/03/2021,15:52:24,15,1,17.0,1.1,1.5,1.3,2,1,1.00,CYCLE,S
IND,208,7604,59467,28/03/2021,15:52:27,15,1,18.0,1.0,2.6,2.4,2,1,1.00,CYCLE,S
IND,208,7604,59466,28/03/2021,15:52:35,15,0,9.0,1.1,82.9,82.8,2,1,1.00,CYCLE,N
IND,208,7604,59467,28/03/2021,15:53:43,15,1,12.7,1.0,76.5,76.4,2,1,1.00,CYCLE,S
IND,208,7604,59467,28/03/2021,15:53:44,15,1,12.3,1.0,0.7,0.4,2,1,1.00,CYCLE,S
IND,208,7604,59467,28/03/2021,15:53:45,15,1,13.9,1.0,0.9,0.5,2,1,1.00,CYCLE,S
IND,208,7604,59467,28/03/2021,15:55:25,15,1,18.3,1.0,100.3,100.0,2,1,1.00,CYCLE,S
IND,208,7604,59467,28/03/2021,15:56:21,15,1,17.7,1.1,55.7,55.5,2,1,1.00,CYCLE,S
IND,208,7604,59466,28/03/2021,15:56:43,15,0,29.9,1.1,247.6,247.2,2,1,1.00,CYCLE,N
IND,208,7604,59466,28/03/2021,15:56:43,15,0,31.1,1.1,0.3,0.1,2,1,1.00,CYCLE,N
IND,208,7604,59467,28/03/2021,15:58:42,15,1,22.3,1.0,141.2,141.0,2,1,1.00,CYCLE,S
IND,208,7604,59467,28/03/2021,15:58:43,15,1,19.9,1.2,1.3,1.1,2,1,1.00,CYCLE,S
IND,208,7604,59467,28/03/2021,16:00:14,15,1,17.7,1.0,91.2,91.0,2,1,1.00,CYCLE,S
IND,208,7604,59466,28/03/2021,16:00:40,15,0,23.0,1.1,237.6,237.5,2,1,1.00,CYCLE,N
IND,208,7604,59467,28/03/2021,16:01:04,15,1,13.7,1.0,49.4,49.2,2,1,1.00,CYCLE,S
IND,208,7604,59467,28/03/2021,16:01:04,15,1,13.0,1.0,0.7,0.4,2,1,1.00,CYCLE,S
IND,208,7604,59466,28/03/2021,16:01:46,15,0,25.3,1.1,65.9,65.8,2,1,1.00,CYCLE,N
IND,208,7604,59466,28/03/2021,16:01:48,15,0,35.8,1.0,1.8,1.6,2,1,1.00,CYCLE,N
IND,208,7604,59466,28/03/2021,16:02:04,15,0,33.5,1.1,16.3,16.2,2,1,1.00,CYCLE,N
IND,208,7604,59467,28/03/2021,16:02:05,15,1,13.1,1.1,60.6,60.3,2,1,1.00,CYCLE,S
IND,208,7604,59466,28/03/2021,16:06:38,15,0,32.4,1.1,273.8,273.7,2,1,1.00,CYCLE,N
IND,208,7604,59466,28/03/2021,16:06:47,15,0,37.9,1.0,8.5,8.3,2,1,1.00,CYCLE,N
IND,208,7604,59467,28/03/2021,16:07:43,15,1,14.2,1.0,333.5,333.3,2,1,1.00,CYCLE,S
IND,208,7604,59467,28/03/2021,16:07:59,15,1,17.6,1.2,16.2,15.9,2,1,1.00,CYCLE,S
IND,208,7604,59467,28/03/2021,16:08:27,15,1,24.9,1.0,28.1,27.8,2,1,1.00,CYCLE,S
IND,208,7604,59467,28/03/2021,16:08:27,15,1,23.1,1.0,0.6,0.4,2,1,1.00,CYCLE,S
IND,208,7604,59467,28/03/2021,16:08:28,15,1,23.0,1.0,0.8,0.6,2,1,1.00,CYCLE,S
IND,208,7604,59467,28/03/2021,16:08:28,15,1,23.4,1.0,0.3,0.1,2,1,1.00,CYCLE,S
IND,208,7604,59467,28/03/2021,16:08:51,15,1,14.1,1.0,22.5,22.4,2,1,1.00,CYCLE,S
IND,208,7604,59466,28/03/2021,16:11:01,15,0,37.4,1.1,254.0,253.9,2,1,1.00,CYCLE,N
IND,208,7604,59466,28/03/2021,16:11:08,15,0,10.8,1.2,7.5,7.4,2,1,1.00,CYCLE,N
IND,208,7604,59467,28/03/2021,16:12:57,15,1,13.9,1.1,245.8,245.5,2,1,1.00,CYCLE,S
IND,208,7604,59467,28/03/2021,16:12:57,15,1,11.2,1.0,0.7,0.4,2,1,1.00,CYCLE,S
IND,208,7604,59467,28/03/2021,16:13:05,15,1,8.4,1.1,7.8,7.5,2,1,1.00,CYCLE,S
IND,208,7604,59467,28/03/2021,16:13:06,15,1,9.6,1.1,1.3,0.8,2,1,1.00,CYCLE,S
IND,208,7604,59466,28/03/2021,16:15:27,15,0,36.1,1.0,259.3,258.9,2,1,1.00,CYCLE,N
IND,208,7604,59467,28/03/2021,16:16:32,15,1,19.6,1.0,205.2,204.7,2,1,1.00,CYCLE,S
IND,208,7604,59467,28/03/2021,16:16:34,15,1,19.6,1.0,2.5,2.3,2,1,1.00,CYCLE,S
IND,208,7604,59467,28/03/2021,16:16:35,15,1,19.0,1.1,0.8,0.6,2,1,1.00,CYCLE,S
IND,208,7604,59467,28/03/2021,16:17:58,15,1,12.5,0.9,83.3,83.2,2,1,1.00,CYCLE,S
IND,208,7604,59466,28/03/2021,16:18:15,15,0,25.3,1.1,168.0,167.9,2,1,1.00,CYCLE,N
IND,208,7604,59467,28/03/2021,16:19:51,15,1,24.4,1.0,112.8,112.5,2,1,1.00,CYCLE,S
IND,208,7604,59467,28/03/2021,16:19:52,15,1,8.7,1.0,1.0,0.9,2,1,1.00,CYCLE,S
IND,208,7604,59467,28/03/2021,16:19:53,15,1,21.9,0.9,0.8,0.3,2,1,1.00,CYCLE,S
IND,208,7604,59467,28/03/2021,16:19:58,15,1,11.4,0.9,4.8,4.7,2,1,1.00,CYCLE,S
IND,208,7604,59467,28/03/2021,16:19:59,15,1,11.7,1.0,1.3,1.0,2,1,1.00,CYCLE,S
IND,208,7604,59467,28/03/2021,16:20:20,15,1,22.9,1.0,20.7,20.4,2,1,1.00,CYCLE,S
IND,208,7604,59467,28/03/2021,16:23:27,15,1,26.8,1.2,187.2,187.0,2,1,1.00,CYCLE,S
IND,208,7604,59466,28/03/2021,16:23:54,15,0,39.5,1.2,338.7,338.6,2,1,1.00,CYCLE,N
IND,208,7604,59467,28/03/2021,16:24:44,15,1,12.2,1.0,77.2,77.1,2,1,1.00,CYCLE,S
IND,208,7604,59467,28/03/2021,16:24:46,15,1,21.9,1.0,2.2,1.8,2,1,1.00,CYCLE,S
IND,208,7604,59467,28/03/2021,16:25:56,15,1,15.2,1.0,69.9,69.8,2,1,1.00,CYCLE,S
IND,208,7604,59467,28/03/2021,16:25:58,15,1,17.3,1.0,1.3,1.1,2,1,1.00,CYCLE,S
IND,208,7604,59467,28/03/2021,16:26:04,15,1,15.5,1.0,6.1,5.9,2,1,1.00,CYCLE,S
IND,208,7604,59466,28/03/2021,16:26:09,15,0,28.1,1.1,135.3,135.2,2,1,1.00,CYCLE,N
IND,208,7604,59466,28/03/2021,16:28:21,15,0,40.4,1.0,132.1,131.9,2,1,1.00,CYCLE,N
IND,208,7604,59466,28/03/2021,16:29:27,15,0,35.3,1.0,66.0,65.9,2,1,1.00,CYCLE,N
IND,208,7604,59466,28/03/2021,16:30:19,15,0,34.4,1.0,51.3,51.2,2,1,1.00,CYCLE,N
IND,208,7604,59466,28/03/2021,16:30:28,15,0,19.0,1.0,9.3,9.2,2,1,1.00,CYCLE,N
IND,208,7604,59466,28/03/2021,16:30:28,15,0,19.7,1.0,0.3,0.1,2,1,1.00,CYCLE,N
IND,208,7604,59466,28/03/2021,16:33:55,15,0,36.3,1.0,173.4,173.2,2,1,1.00,CYCLE,N
IND,208,7604,59466,28/03/2021,16:34:42,15,0,36.7,1.0,47.0,46.9,2,1,1.00,CYCLE,N
IND,208,7604,59466,28/03/2021,16:35:32,15,0,24.0,1.1,50.8,50.7,2,1,1.00,CYCLE,N
IND,208,7604,59466,28/03/2021,16:35:33,15,0,25.7,1.0,0.3,0.1,2,1,1.00,CYCLE,N
IND,208,7604,59467,28/03/2021,16:36:36,15,1,18.8,1.0,632.5,632.3,2,1,1.00,CYCLE,S
IND,208,7604,59466,28/03/2021,16:41:06,15,0,38.3,1.1,333.8,333.7,2,1,1.00,CYCLE,N
IND,208,7604,59467,28/03/2021,16:46:57,15,1,15.6,1.0,222.5,222.2,2,1,1.00,CYCLE,S
IND,208,7604,59467,28/03/2021,16:47:19,15,1,18.7,1.1,21.9,21.7,2,1,1.00,CYCLE,S
IND,208,7604,59466,28/03/2021,16:48:50,15,0,33.3,1.0,463.1,463.0,2,1,1.00,CYCLE,N
IND,208,7604,59467,28/03/2021,16:50:02,15,1,15.4,1.1,162.7,162.5,2,1,1.00,CYCLE,S
IND,208,7604,59467,28/03/2021,16:53:11,15,1,22.6,1.0,188.8,188.6,2,1,1.00,CYCLE,S
IND,208,7604,59466,28/03/2021,16:53:19,15,0,28.4,1.0,269.4,269.3,2,1,1.00,CYCLE,N
IND,208,7604,59466,28/03/2021,16:56:08,15,0,39.0,1.1,168.9,168.8,2,1,1.00,CYCLE,N
IND,208,7604,59466,28/03/2021,16:56:16,15,0,37.4,1.0,8.1,8.0,2,1,1.00,CYCLE,N
IND,208,7604,59467,28/03/2021,16:57:49,15,1,20.2,1.0,278.2,278.1,2,1,1.00,CYCLE,S
IND,208,7604,59467,28/03/2021,16:59:49,15,1,19.1,1.1,119.8,119.6,2,1,1.00,CYCLE,S
IND,208,7604,59467,28/03/2021,17:03:20,15,1,17.5,1.0,211.8,211.6,2,1,1.00,CYCLE,S
IND,208,7604,59467,28/03/2021,17:04:45,15,1,17.6,1.1,85.0,84.8,2,1,1.00,CYCLE,S
IND,208,7604,59466,28/03/2021,17:05:26,15,0,35.8,1.1,549.8,549.7,2,1,1.00,CYCLE,N
IND,208,7604,59466,28/03/2021,17:11:18,15,0,42.9,1.0,352.1,352.0,2,1,1.00,CYCLE,N
IND,208,7604,59467,28/03/2021,17:14:26,15,1,21.4,1.0,580.6,580.4,2,1,1.00,CYCLE,S
IND,208,7604,59467,28/03/2021,17:14:45,15,1,19.5,1.0,18.8,18.6,2,1,1.00,CYCLE,S
IND,208,7604,59466,28/03/2021,17:17:48,15,0,35.7,1.0,212.1,211.9,2,1,1.00,CYCLE,N
IND,208,7604,59466,28/03/2021,17:18:53,15,0,36.2,1.0,64.9,64.8,2,1,1.00,CYCLE,N
IND,208,7604,59466,28/03/2021,17:18:53,15,0,35.8,1.1,0.4,0.3,2,1,1.00,CYCLE,N
IND,208,7604,59467,28/03/2021,17:19:03,15,1,19.9,1.0,258.7,258.5,2,1,1.00,CYCLE,S
IND,208,7604,59466,28/03/2021,17:19:22,15,0,30.2,1.1,29.5,29.4,2,1,1.00,CYCLE,N
IND,208,7604,59466,28/03/2021,17:24:09,15,0,36.5,1.0,286.5,286.4,2,1,1.00,CYCLE,N
IND,208,7604,59466,28/03/2021,17:30:48,15,0,26.0,1.1,399.3,399.2,2,1,1.00,CYCLE,N
IND,208,7604,59466,28/03/2021,17:30:50,15,0,28.3,1.0,2.0,1.9,2,1,1.00,CYCLE,N
IND,208,7604,59467,28/03/2021,17:31:15,15,1,5.7,1.0,731.7,731.7,2,1,1.00,CYCLE,S
IND,208,7604,59467,28/03/2021,17:31:59,15,1,11.4,1.0,44.2,43.4,2,1,1.00,CYCLE,S
IND,208,7604,59467,28/03/2021,17:32:16,15,1,16.8,1.2,16.1,15.8,2,1,1.00,CYCLE,S
IND,208,7604,59467,28/03/2021,17:33:52,15,1,13.8,1.0,96.4,96.1,2,1,1.00,CYCLE,S
IND,208,7604,59467,28/03/2021,17:33:57,15,1,15.9,1.0,5.0,4.7,2,1,1.00,CYCLE,S
IND,208,7604,59467,28/03/2021,17:34:44,15,1,20.9,1.0,46.8,46.6,2,1,1.00,CYCLE,S
IND,208,7604,59467,28/03/2021,17:36:16,15,1,17.1,1.0,92.5,92.4,2,1,1.00,CYCLE,S
IND,208,7604,59467,28/03/2021,17:36:19,15,1,17.8,1.0,2.4,2.1,2,1,1.00,CYCLE,S
IND,208,7604,59466,28/03/2021,17:36:19,15,0,37.3,1.0,329.2,329.1,2,1,1.00,CYCLE,N
IND,208,7604,59467,28/03/2021,17:37:27,15,1,18.5,1.1,68.4,68.2,2,1,1.00,CYCLE,S
IND,208,7604,59466,28/03/2021,17:39:26,15,0,36.1,1.0,186.5,186.4,2,1,1.00,CYCLE,N
IND,208,7604,59467,28/03/2021,17:39:34,15,1,19.4,1.1,126.8,126.6,2,1,1.00,CYCLE,S
IND,208,7604,59466,28/03/2021,17:44:04,15,0,31.4,1.0,278.0,277.9,2,1,1.00,CYCLE,N
IND,208,7604,59466,28/03/2021,17:44:41,15,0,33.1,1.0,37.5,37.4,2,1,1.00,CYCLE,N
IND,208,7604,59466,28/03/2021,17:48:35,15,0,28.5,1.1,234.0,233.9,2,1,1.00,CYCLE,N
IND,208,7604,59466,28/03/2021,17:51:12,15,0,39.8,1.0,156.9,156.8,2,1,1.00,CYCLE,N
IND,208,7604,59466,28/03/2021,17:53:59,15,0,32.6,1.0,166.4,166.3,2,1,1.00,CYCLE,N
IND,208,7604,59466,28/03/2021,17:54:11,15,0,18.9,1.0,12.2,12.1,2,1,1.00,CYCLE,N
IND,208,7604,59467,28/03/2021,17:55:33,15,1,15.3,1.1,959.6,959.5,2,1,1.00,CYCLE,S
IND,208,7604,59467,28/03/2021,18:02:38,15,1,15.8,1.1,424.9,424.6,2,1,1.00,CYCLE,S
IND,208,7604,59466,28/03/2021,18:06:34,15,0,36.2,1.0,743.2,743.0,2,1,1.00,CYCLE,N
IND,208,7604,59466,28/03/2021,18:13:56,15,0,40.8,1.0,441.8,441.7,2,1,1.00,CYCLE,N
IND,208,7604,59466,28/03/2021,18:19:28,15,0,28.9,1.0,332.4,332.3,2,1,1.00,CYCLE,N
IND,208,7604,59466,28/03/2021,18:19:33,15,0,24.1,1.0,4.5,4.3,2,1,1.00,CYCLE,N
IND,208,7604,59466,28/03/2021,18:20:53,15,0,36.4,1.1,80.1,79.9,2,1,1.00,CYCLE,N
IND,208,7604,59467,28/03/2021,18:25:04,15,1,21.0,1.0,1345.5,1345.3,2,1,1.00,CYCLE,S
IND,208,7604,59467,28/03/2021,18:27:28,15,1,19.3,1.0,143.7,143.5,2,1,1.00,CYCLE,S
IND,208,7604,59466,28/03/2021,18:35:39,15,0,31.5,1.0,885.8,885.6,2,1,1.00,CYCLE,N
IND,208,7604,59466,28/03/2021,18:43:21,15,0,36.1,1.1,462.3,462.2,2,1,1.00,CYCLE,N
IND,208,7604,59467,28/03/2021,18:43:59,15,1,19.5,1.1,991.7,991.5,2,1,1.00,CYCLE,S
IND,208,7604,59467,28/03/2021,18:51:48,15,1,16.5,1.0,468.5,468.3,2,1,1.00,CYCLE,S
IND,208,7604,59467,28/03/2021,18:51:49,15,1,16.4,1.0,1.3,1.1,2,1,1.00,CYCLE,S
IND,208,7604,59466,28/03/2021,20:05:36,15,0,38.2,1.1,4934.7,4934.6,2,1,1.00,CYCLE,N
IND,208,7604,59467,28/03/2021,20:08:16,15,1,18.1,1.1,4586.4,4586.2,2,1,1.00,CYCLE,S
IND,208,7604,59466,28/03/2021,21:25:19,15,0,34.9,1.1,4783.1,4783.0,2,1,1.00,CYCLE,N
IND,208,7604,59466,28/03/2021,21:25:20,15,0,39.8,1.1,1.4,1.3,2,1,1.00,CYCLE,N
IND,208,7604,59466,28/03/2021,21:25:31,15,0,35.4,1.1,11.1,11.0,2,1,1.00,CYCLE,N
IND,208,7604,59466,28/03/2021,21:25:32,15,0,34.9,1.1,0.4,0.3,2,1,1.00,CYCLE,N
IND,208,7604,59466,28/03/2021,21:25:38,15,0,35.3,1.1,1.0,0.8,2,1,1.00,CYCLE,N
